 0 
 0 
 0 
 0 
 0 
 0 
 0 
 0 
 0 
 0 
 0 
 0 
 0 
 0 
 0 
 0 
 0 
 0 
 0 
 0 
 0 
 0 
 0 
 0 
 0 
 0 
 0 
 0 
 0 
 0 
 0 
 0 
 0 
 0 
 0 
 0 
 0 
 0 
 0 
 0 
 0 
 0 
 0 
 0 
 0 
 0 
 0 
 0 
 0 
 0 
 0 
 0 
 0 
 0 
 0 
 0 
 0 
 0 
 0 
 0 
 0 
 0 
 0 
 0 
 0 
 0 
 0 
 0 
 0 
 0 
 0 
 0 
 0 
 0 
 0 
 0 
 0 
 0 
 0 
 0 
 0 
 0 
 0 
 0 
 0 
 0 
 0 
 0 
 0 
 0 
 0 
 0 
 0 
 0 
 0 
 0 
 0 
 0 
 0 
 0 
 0 
 0 
 0 
 0 
 0 
 0 
 0 
 0 
 0 
 0 
 0 
 0 
 0 
 0 
 0 
 0 
 0 
 0 
 0 
 0 
 0 
 0 
 0 
 0 
 0 
 0 
 0 
 0 
 0 
 0 
 0 
 0 
 0 
 0 
 0 
 0 
 0 
 0 
 0 
 0 
 0 
 0 
 0 
 0 
 0 
 0 
 0 
 0 
 0 
 0 
 0 
 0 
 0 
 0 
 0 
 0 
 0 
 0 
 0 
 0 
 0 
 0 
 0 
 0 
 0 
 0 
 0 
 0 
 0 
 0 
 0 
 0 
 0 
 0 
 0 
 0 
 0 
 0 
 0 
 0 
 0 
 0 
 0 
 0 
 0 
 0 
 0 
 0 
 0 
 0 
 0 
 0 
 0 
 0 
 0 
 0 
 0 
 0 
 0 
 0 
 0 
 0 
 0 
 0 
 0 
 0 
 0 
 0 
 0 
 0 
 0 
 0 
 0 
 0 
 0 
 0 
 0 
 0 
 0 
 0 
 0 
 0 
 0 
 0 
 0 
 0 
 0 
 0 
 0 
 0 
 0 
 0 
 0 
 0 
 0 
 0 
 0 
 0 
 0 
 0 
 0 
 0 
 0 
 0 
 0 
 0 
 0 
 0 
 0 
 0 
 0 
 0 
 0 
 0 
 0 
 0 
 0 
 0 
 0 
 0 
 0 
 0 
 0 
 0 
 0 
 0 
 0 
 0 
 0 
 0 
 0 
 0 
 0 
 0 
 0 
 0 
 0 
 0 
 0 
 0 
 0 
 0 
 0 
 0 
 0 
 0 
 0 
 0 
 0 
 0 
 0 
 0 
 0 
 0 
 0 
 0 
 0 
 0 
 0 
 0 
 0 
 0 
 0 
 0 
 0 
 0 
 0 
 0 
 0 
 0 
 0 
 0 
 0 
 0 
 0 
 0 
 0 
 0 
 0 
 0 
 0 
 0 
 0 
 0 
 0 
 0 
 0 
 0 
 0 
 0 
 0 
 0 
 0 
 0 
 0 
 0 
 0 
 0 
 0 
 0 
 0 
 0 
 0 
 0 
 0 
 0 
 0 
 0 
 0 
 0 
 0 
 0 
 0 
 0 
 0 
 0 
 0 
 0 
 0 
 0 
 0 
 0 
 0 
 0 
 0 
 0 
 0 
 0 
 0 
 0 
 0 
 0 
 0 
 0 
 0 
 0 
 0 
 0 
 0 
 0 
 0 
 0 
 0 
 0 
 0 
 0 
 0 
 0 
 0 
 0 
 0 
 0 
 0 
 0 
 0 
 0 
 0 
 0 
 0 
 0 
 0 
 0 
 0 
 0 
 0 
 0 
 0 
 0 
 0 
 0 
 0 
 0 
 0 
 0 
 0 
 0 
 0 
 0 
 0 
 0 
 0 
 0 
 0 
 0 
 0 
 0 
 0 
 0 
 0 
 0 
 0 
 0 
 0 
 0 
 0 
 0 
 8,46740050804403E-04 
 8,46740050804403E-04 
 8,46740050804403E-04 
 8,46740050804403E-04 
 8,46740050804403E-04 
 8,46740050804403E-04 
 8,46740050804403E-04 
 1,69348010160881E-03 
 1,69348010160881E-03 
 1,69348010160881E-03 
 2,54022015241321E-03 
 2,54022015241321E-03 
 2,54022015241321E-03 
 3,38696020321761E-03 
 3,38696020321761E-03 
 4,23370025402202E-03 
 5,08044030482642E-03 
 5,92718035563082E-03 
 5,92718035563082E-03 
 7,62066045723963E-03 
 9,31414055884843E-03 
 1,77815410668925E-02 
 2,03217612193057E-02 
 2,11685012701101E-02 
 2,54022015241321E-02 
 1,60880609652837E-02 
 1,52413209144793E-02 
 1,60880609652837E-02 
 1,69348010160881E-02 
 1,69348010160881E-02 
 1,94750211685013E-02 
 1,60880609652837E-02 
 1,69348010160881E-02 
 1,77815410668925E-02 
 2,03217612193057E-02 
 2,11685012701101E-02 
 2,45554614733277E-02 
 2,54022015241321E-02 
 2,87891617273497E-02 
 2,96359017781541E-02 
 3,04826418289585E-02 
 3,47163420829805E-02 
 3,04826418289585E-02 
 3,21761219305673E-02 
 3,47163420829805E-02 
 3,55630821337849E-02 
 3,55630821337849E-02 
 3,47163420829805E-02 
 3,55630821337849E-02 
 3,38696020321761E-02 
 3,72565622353937E-02 
 3,81033022861981E-02 
 3,47163420829805E-02 
 4,23370025402202E-02 
 4,14902624894158E-02 
 0,044030482641829 
 4,57239627434378E-02 
 4,31837425910246E-02 
 4,74174428450466E-02 
 4,48772226926334E-02 
 4,65707027942422E-02 
 4,74174428450466E-02 
 4,65707027942422E-02 
 4,74174428450466E-02 
 0,048264182895851 
 5,16511430990686E-02 
 4,65707027942422E-02 
 4,74174428450466E-02 
 4,99576629974598E-02 
 4,91109229466554E-02 
 4,99576629974598E-02 
 5,75783234546994E-02 
 5,16511430990686E-02 
 6,18120237087214E-02 
 6,26587637595258E-02 
 6,43522438611346E-02 
 5,75783234546994E-02 
 5,92718035563082E-02 
 5,50381033022862E-02 
 5,58848433530906E-02 
 6,43522438611346E-02 
 0,154106689246401 
 0,161727349703641 
 0,170194750211685 
 0,169348010160881 
 0,271803556308213 
 0,278577476714649 
 0,282811176968671 
 0,283657917019475 
 0,226079593564776 
 0,214225232853514 
 0,217612193056732 
 0,226079593564776 
 0,235393734123624 
 0,244707874682472 
 0,24809483488569 
 0,254022015241321 
 0,257408975444539 
 0,144792548687553 
 0,143099068585944 
 0,141405588484335 
 0,139712108382726 
 0,138018628281118 
 0,132938187976291 
 0,130397967823878 
 0,128704487722269 
 0,126164267569856 
 0,127857747671465 
 0,125317527519052 
 0,108382726502964 
 0,101608806096528 
 9,48348856900931E-02 
 0,107535986452159 
 0,104995766299746 
 0,110076206604572 
 0,110922946655377 
 0,116003386960203 
 0,116850127011008 
 0,118543607112616 
 0,115156646909399 
 0,111769686706181 
 0,117696867061812 
 0,122777307366638 
 0,123624047417443 
 0,120237087214225 
 0,116850127011008 
 0,118543607112616 
 0,110076206604572 
 0,102455546147333 
 9,90685859441152E-02 
 9,99153259949196E-02 
 8,63674851820491E-02 
 7,36663844199831E-02 
 7,87468247248095E-02 
 7,45131244707875E-02 
 7,53598645215919E-02 
 7,62066045723963E-02 
 8,12870448772227E-02 
 7,70533446232007E-02 
 7,79000846740051E-02 
 7,36663844199831E-02 
 7,36663844199831E-02 
 7,45131244707875E-02 
 0,149872988992379 
 0,165961049957663 
 0,172734970364098 
 0,173581710414903 
 0,175275190516511 
 0,217612193056732 
 0,21930567315834 
 0,215071972904318 
 0,200677392040644 
 0,196443691786621 
 0,21930567315834 
 0,182895850973751 
 0,162574089754445 
 0,152413209144793 
 0,154106689246401 
 0,171041490262489 
 0,172734970364098 
 0,167654530059272 
 0,16342082980525 
 0,147332768839966 
 0,148179508890771 
 0,149026248941575 
 0,143945808636749 
 0,150719729043184 
 0,151566469093988 
 0,152413209144793 
 0,117696867061812 
 0,124470787468247 
 0,131244707874682 
 0,149872988992379 
 0,150719729043184 
 0,151566469093988 
 0,152413209144793 
 0,153259949195597 
 0,171888230313294 
 0,179508890770533 
 0,210838272650296 
 0,243014394580864 
 0,244707874682472 
 0,252328535139712 
 0,297205757832345 
 0,222692633361558 
 0,217612193056732 
 0,256562235393734 
 0,258255715495343 
 0,233700254022015 
 0,23454699407282 
 0,254868755292125 
 0,243014394580864 
 0,243861134631668 
 0,225232853513971 
 0,226079593564776 
 0,293818797629128 
 0,302286198137172 
 0,309906858594412 
 0,31160033869602 
 0,312447078746825 
 0,464013547840813 
 0,582557154953429 
 0,585097375105842 
 0,573243014394581 
 0,554614733276884 
 0,578323454699407 
 0,573243014394581 
 0,441998306519898 
 0,451312447078747 
 0,580016934801016 
 0,568162574089754 
 0,569856054191363 
 0,572396274343776 
 0,574089754445385 
 0,575783234546994 
 0,491109229466554 
 0,580016934801016 
 0,582557154953429 
 0,664690939881456 
 0,666384419983065 
 0,470787468247248 
 0,516511430990686 
 0,52497883149873 
 0,563928873835732 
 0,565622353937341 
 0,568162574089754 
 0,554614733276884 
 0,511430990685859 
 0,513124470787468 
 0,507197290431837 
 0,492802709568163 
 0,425910245554615 
 0,49618966977138 
 0,474174428450466 
 0,475867908552075 
 0,654530059271804 
 0,679085520745131 
 0,410668924640135 
 0,450465707027942 
 0,436071126164268 
 0,39034716342083 
 0,383573243014395 
 0,376799322607959 
 0,393734123624047 
 0,425910245554615 
 0,41151566469094 
 0,412362404741744 
 0,381879762912786 
 0,358171041490262 
 0,407281964436918 
 0,456392887383573 
 0,449618966977138 
 0,763759525825571 
 0,76545300592718 
 0,727349703640982 
 0,745131244707875 
 0,722269263336156 
 0,715495342929721 
 0,701100762066046 
 0,69432684165961 
 0,720575783234547 
 0,738357324301439 
 0,740050804403048 
 0,263336155800169 
 0,264182895850974 
 0,281117696867062 
 0,223539373412362 
 0,265876375952583 
 0,590177815410669 
 0,566469093988146 
 0,551227773073666 
 0,577476714648603 
 0,561388653683319 
 0,495342929720576 
 0,294665537679932 
 0,345469940728196 
 0,345469940728196 
 0,363251481795089 
 0,347163420829805 
 0,364098221845893 
 0,356477561388654 
 0,365791701947502 
 0,348856900931414 
 0,289585097375106 
 0,298899237933954 
 0,325148179508891 
 0,547840812870449 
 0,600338696020322 
 0,592718035563082 
 0,558848433530906 
 0,861134631668078 
 0,862828111769687 
 0,863674851820491 
 0,864521591871296 
 0,8653683319221 
 0,867061812023709 
 0,867908552074513 
 0,868755292125318 
 0,869602032176122 
 0,870448772226926 
 0,871295512277731 
 0,872142252328535 
 0,87298899237934 
 0,874682472480948 
 0,875529212531753 
 0,876375952582557 
 0,876375952582557 
 0,877222692633362 
 0,878069432684166 
 0,87891617273497 
 0,589331075359865 
 0,554614733276884 
 0,687552921253175 
 0,705334462320068 
 0,706181202370872 
 0,706181202370872 
 0,698560541913632 
 0,690093141405589 
 0,884843353090601 
 0,885690093141406 
 0,885690093141406 
 0,88653683319221 
 0,887383573243014 
 0,887383573243014 
 0,888230313293819 
 0,888230313293819 
 0,889077053344623 
 0,889077053344623 
 0,889923793395428 
 0,889923793395428 
 0,889923793395428 
 0,890770533446232 
 0,561388653683319 
 0,463166807790008 
 0,427603725656224 
 0,41913632514818 
 0,409822184589331 
 0,41913632514818 
 0,401354784081287 
 0,392887383573243 
 0,338696020321761 
 0,320914479254869 
 0,285351397121084 
 0,27688399661304 
 0,259102455546147 
 0,241320914479255 
 0,589331075359865 
 0,72311600338696 
 0,72311600338696 
 0,758679085520745 
 0,758679085520745 
 0,767146486028789 
 0,767146486028789 
 0,775613886536833 
 0,775613886536833 
 0,775613886536833 
 0,766299745977985 
 0,766299745977985 
 0,837425910245555 
 0,721422523285351 
 0,721422523285351 
 0,720575783234547 
 0,657917019475021 
 0,258255715495343 
 0,266723116003387 
 0,257408975444539 
 0,266723116003387 
 0,265876375952583 
 0,337002540220152 
 0,381033022861981 
 0,363251481795089 
 0,363251481795089 
 0,371718882303133 
 0,380186282811177 
 0,380186282811177 
 0,380186282811177 
 0,379339542760373 
 0,370025402201524 
 0,387806943268417 
 0,360711261642676 
 0,342929720575783 
 0,316680779000847 
 0,315834038950042 
 0,351397121083827 
 0,333615580016935 
 0,359017781541067 
 0,359017781541067 
 0,367485182049111 
 0,410668924640135 
 0,409822184589331 
 0,383573243014395 
 0,313293818797629 
 0,321761219305673 
 0,321761219305673 
 0,347163420829805 
 0,346316680779001 
 0,346316680779001 
 0,354784081287045 
 0,448772226926334 
 0,405588484335309 
 0,456392887383573 
 0,464860287891617 
 0,429297205757832 
 0,44623200677392 
 0,445385266723116 
 0,641828958509738 
 0,640982218458933 
 0,512277730736664 
 0,476714648602879 
 0,46740050804403 
 0,475867908552075 
 0,458086367485182 
 0,448772226926334 
 0,422523285351397 
 0,370872142252329 
 0,303132938187976 
 0,336155800169348 
 0,327688399661304 
 0,343776460626588 
 0,359864521591871 
 0,359017781541067 
 0,342082980524979 
 0,341236240474174 
 0,373412362404742 
 0,414055884843353 
 0,438611346316681 
 0,437764606265876 
 0,428450465707028 
 0,378492802709568 
 0,377646062658764 
 0,499576629974598 
 0,506350550381033 
 0,505503810330229 
 0,49618966977138 
 0,600338696020322 
 0,324301439458086 
 0,314987298899238 
 0,314140558848434 
 0,305673158340389 
 0,345469940728196 
 0,49618966977138 
 0,558848433530906 
 0,509737510584251 
 0,508890770533446 
 0,793395427603726 
 0,790855207451312 
 0,789161727349704 
 0,78662150719729 
 0,784928027095682 
 0,783234546994073 
 0,78069432684166 
 0,334462320067739 
 0,310753598645216 
 0,302286198137172 
 0,285351397121084 
 0,223539373412362 
 0,199830651989839 
 0,221845893310754 
 0,229466553767993 
 0,236240474174428 
 0,235393734123624 
 0,211685012701101 
 0,233700254022015 
 0,225232853513971 
 0,209991532599492 
 0,194750211685013 
 0,245554614733277 
 0,244707874682472 
 0,318374259102456 
 0,317527519051651 
 0,353090601185436 
 0,344623200677392 
 0,204911092294666 
 0,204064352243861 
 0,195596951735817 
 0,195596951735817 
 0,209144792548688 
 0,344623200677392 
 0,336155800169348 
 0,356477561388654 
 0,41913632514818 
 0,707874682472481 
 0,704487722269263 
 0,70194750211685 
 0,699407281964437 
 0,606265876375953 
 0,590177815410669 
 0,525825571549534 
 0,551227773073666 
 0,548687552921253 
 0,539373412362405 
 0,537679932260796 
 0,548687552921253 
 0,552921253175275 
 0,597798475867909 
 0,34801016088061 
 0,339542760372566 
 0,351397121083827 
 0,297205757832345 
 0,618120237087214 
 0,615580016934801 
 0,599491955969517 
 0,596951735817104 
 0,626587637595258 
 0,635901778154107 
 0,626587637595258 
 0,61727349703641 
 0,620660457239627 
 0,63082133784928 
 0,627434377646063 
 0,624047417442845 
 0,621507197290432 
 0,618120237087214 
 0,614733276883997 
 0,612193056731583 
 0,608806096528366 
 0,605419136325148 
 0,602032176121931 
 0,599491955969517 
 0,5961049957663 
 0,592718035563082 
 0,589331075359865 
 0,585944115156647 
 0,577476714648603 
 0,580016934801016 
 0,576629974597799 
 0,573243014394581 
 0,569856054191363 
 0,566469093988146 
 0,563082133784928 
 0,55969517358171 
 0,556308213378493 
 0,552921253175275 
 0,187129551227773 
 0,180355630821338 
 0,173581710414903 
 0,177815410668925 
 0,380186282811177 
 0,346316680779001 
 0,513124470787468 
 0,362404741744284 
 0,359864521591871 
 0,337002540220152 
 0,303979678238781 
 0,316680779000847 
 0,299745977984759 
 0,292125317527519 
 0,295512277730737 
 0,452159187129551 
 0,444538526672312 
 0,436071126164268 
 0,359864521591871 
 0,357324301439458 
 0,349703640982218 
 0,351397121083827 
 0,264182895850974 
 0,224386113463167 
 0,218458933107536 
 0,165961049957663 
 0,160033869602032 
 0,171888230313294 
 0,153259949195597 
 0,138018628281118 
 0,141405588484335 
 0,144792548687553 
 0,130397967823878 
 0,129551227773074 
 0,132091447925487 
 0,12701100762066 
 0,121930567315834 
 0,120237087214225 
 0,115156646909399 
 0,110076206604572 
 8,89077053344623E-02 
 9,56816257408975E-02 
 9,90685859441152E-02 
 9,82218458933107E-02 
 0,100762066045724 
 0,104149026248942 
 0,103302286198137 
 0,101608806096528 
 0,100762066045724 
 0,103302286198137 
 9,48348856900931E-02 
 9,06011854360711E-02 
 9,65283657917019E-02 
 9,90685859441152E-02 
 0,101608806096528 
 0,149026248941575 
 0,157493649449619 
 0,152413209144793 
 0,207451312447079 
 8,55207451312447E-02 
 8,46740050804403E-02 
 8,04403048264183E-02 
 8,29805249788315E-02 
 7,87468247248095E-02 
 8,04403048264183E-02 
 7,02794242167655E-02 
 6,35055038103302E-02 
 6,26587637595258E-02 
 6,77392040643522E-02 
 0,069432684165961 
 7,11261642675699E-02 
 6,77392040643522E-02 
 5,84250635055038E-02 
 5,50381033022862E-02 
 5,41913632514818E-02 
 5,33446232006774E-02 
 4,99576629974598E-02 
 4,65707027942422E-02 
 4,57239627434378E-02 
 4,74174428450466E-02 
 4,65707027942422E-02 
 4,31837425910246E-02 
 4,06435224386113E-02 
 3,72565622353937E-02 
 3,47163420829805E-02 
 3,64098221845893E-02 
 3,97967823878069E-02 
 3,72565622353937E-02 
 3,64098221845893E-02 
 3,55630821337849E-02 
 3,47163420829805E-02 
 3,21761219305673E-02 
 3,38696020321761E-02 
 3,13293818797629E-02 
 2,87891617273497E-02 
 2,62489415749365E-02 
 2,37087214225233E-02 
 2,28619813717189E-02 
 2,45554614733277E-02 
 2,37087214225233E-02 
 2,45554614733277E-02 
 2,45554614733277E-02 
 2,20152413209145E-02 
 2,03217612193057E-02 
 2,11685012701101E-02 
 2,03217612193057E-02 
 1,86282811176969E-02 
 1,77815410668925E-02 
 1,77815410668925E-02 
 1,86282811176969E-02 
 1,52413209144793E-02 
 1,35478408128704E-02 
 1,35478408128704E-02 
 1,35478408128704E-02 
 1,43945808636749E-02 
 1,43945808636749E-02 
 1,01608806096528E-02 
 1,01608806096528E-02 
 1,10076206604572E-02 
 1,01608806096528E-02 
 1,01608806096528E-02 
 9,31414055884843E-03 
 1,01608806096528E-02 
 8,46740050804403E-03 
 8,46740050804403E-03 
 8,46740050804403E-03 
 9,31414055884843E-03 
 8,46740050804403E-03 
 9,31414055884843E-03 
 9,31414055884843E-03 
 7,62066045723963E-03 
 8,46740050804403E-03 
 8,46740050804403E-03 
 6,77392040643522E-03 
 6,77392040643522E-03 
 6,77392040643522E-03 
 6,77392040643522E-03 
 6,77392040643522E-03 
 5,92718035563082E-03 
 5,92718035563082E-03 
 5,08044030482642E-03 
 5,08044030482642E-03 
 5,08044030482642E-03 
 4,23370025402202E-03 
 4,23370025402202E-03 
 3,38696020321761E-03 
 3,38696020321761E-03 
 2,54022015241321E-03 
 2,54022015241321E-03 
 1,69348010160881E-03 
 1,69348010160881E-03 
 1,69348010160881E-03 
 8,46740050804403E-04 
 8,46740050804403E-04 
 8,46740050804403E-04 
 8,46740050804403E-04 
 0 
 0 
 0 
 0 
 0 
 0 
 0 
 0 
 0 
 0 
 0 
 0 
 0 
 0 
 0 
 0 
 0 
 0 
 0 
 0 
 0 
 0 
 0 
 0 
 0 
 0 
 0 
 0 
 0 
 0 
 0 
 0 
 0 
 0 
 0 
 0 
 0 
 0 
 0 
 0 
 0 
 0 
 0 
 0 
 0 
 0 
 0 
 0 
 0 
 0 
 0 
 0 
 0 
 0 
 0 
 0 
 0 
 0 
 0 
 0 
 0 
 0 
 0 
 0 
 0 
 0 
 0 
 0 
 0 
 0 
 0 
 0 
 0 
 0 
 0 
 0 
 0 
 0 
 0 
 0 
 0 
 0 
 0 
 0 
 0 
 0 
 0 
 0 
 0 
 0 
 0 
 0 
 0 
 0 
 0 
 0 
 0 
 0 
 0 
 0 
 0 
 0 
 0 
 0 
 0 
 0 
 0 
 0 
 0 
 0 
 0 
 0 
 0 
 0 
 0 
 0 
 0 
 0 
 0 
 0 
 0 
 0 
 0 
 0 
 0 
 0 
 0 
 0 
 0 
 0 
 0 
 0 
 0 
 0 
 0 
 0 
 0 
 0 
 0 
 0 
 0 
 0 
 0 
 0 
 0 
 0 
 0 
 0 
 0 
 0 
 0 
 0 
 0 
 0 
 0 
 0 
 0 
 0 
 0 
 0 
 0 
 0 
 0 
 0 
 0 
 0 
 0 
 0 
 0 
 0 
 0 
 0 
 0 
 0 
 0 
 0 
 0 
 0 
 0 
 0 
 0 
 0 
 0 
 0 
 0 
 0 
 0 
 0 
 0 
 0 
 0 
 0 
 0 
 0 
 0 
 0 
 0 
 0 
 0 
 0 
 0 
 0 
 0 
 0 
 0 
 0 
 0 
 0 
 0 
 0 
 0 
 0 
 0 
 0 
 0 
 0 
 0 
 0 
 0 
 0 
 0 
 0 
 0 
 0 
 0 
 0 
 0 
 0 
 0 
 0 
 0 
 0 
 0 
 0 
 0 
 0 
 0 
 0 
 0 
 0 
 0 
 0 
 0 
 0 
 0 
 0 
 0 
 0 
 0 
 0 
 0 
 0 
 0 
 0 
 0 
 0 
 0 
 0 
 0 
 0 
 0 
 0 
 0 
 0 
 0 
 0 
 0 
 0 
 0 
 0 
 0 
 0 
 0 
 0 
 0 
 0 
 0 
 0 
 0 
 0 
 0 
 0 
 0 
 0 
 0 
 0 
 0 
 0 
 0 
 0 
 0 
 0 
 0 
 0 
 0 
 0 
 0 
 0 
 0 
 0 
 0 
 0 
 0 
 0 
 0 
 0 
 0 
 0 
 0 
 0 
 0 
 0 
 0 
 0 
 0 
