 0 
 0 
 0 
 0 
 0 
 0 
 0 
 0 
 0 
 0 
 0 
 0 
 0 
 0 
 0 
 0 
 0 
 0 
 0 
 0 
 0 
 0 
 0 
 0 
 0 
 0 
 0 
 0 
 0 
 0 
 0 
 0 
 0 
 0 
 0 
 0 
 0 
 0 
 0 
 0 
 0 
 0 
 0 
 0 
 0 
 0 
 0 
 0 
 0 
 0 
 0 
 0 
 0 
 0 
 0 
 0 
 0 
 0 
 0 
 0 
 0 
 0 
 0 
 0 
 0 
 0 
 0 
 0 
 0 
 0 
 0 
 0 
 0 
 0 
 0 
 0 
 0 
 0 
 0 
 0 
 0 
 0 
 0 
 0 
 0 
 0 
 0 
 0 
 0 
 0 
 0 
 0 
 0 
 0 
 0 
 0 
 0 
 0 
 0 
 0 
 0 
 0 
 0 
 0 
 0 
 0 
 0 
 0 
 0 
 0 
 0 
 0 
 0 
 0 
 0 
 0 
 0 
 0 
 0 
 0 
 0 
 0 
 0 
 0 
 0 
 0 
 0 
 0 
 0 
 0 
 0 
 0 
 0 
 0 
 0 
 0 
 0 
 0 
 0 
 0 
 0 
 0 
 0 
 0 
 0 
 0 
 0 
 0 
 0 
 0 
 0 
 0 
 0 
 0 
 0 
 0 
 0 
 0 
 0 
 0 
 0 
 0 
 0 
 0 
 0 
 0 
 0 
 0 
 0 
 0 
 0 
 0 
 0 
 0 
 0 
 0 
 0 
 0 
 0 
 0 
 0 
 0 
 0 
 0 
 0 
 0 
 0 
 0 
 0 
 0 
 0 
 0 
 0 
 0 
 0 
 0 
 0 
 0 
 0 
 0 
 0 
 0 
 0 
 0 
 0 
 0 
 0 
 0 
 0 
 0 
 0 
 0 
 0 
 0 
 0 
 0 
 0 
 0 
 0 
 0 
 0 
 0 
 0 
 0 
 0 
 0 
 0 
 0 
 0 
 0 
 0 
 0 
 0 
 0 
 0 
 0 
 0 
 0 
 0 
 0 
 0 
 0 
 0 
 0 
 0 
 0 
 0 
 0 
 0 
 0 
 0 
 0 
 0 
 0 
 0 
 0 
 0 
 0 
 0 
 0 
 0 
 0 
 0 
 0 
 0 
 0 
 0 
 0 
 0 
 0 
 0 
 0 
 0 
 0 
 0 
 0 
 0 
 0 
 0 
 0 
 0 
 0 
 0 
 0 
 0 
 0 
 0 
 0 
 0 
 0 
 0 
 0 
 0 
 0 
 0 
 0 
 0 
 0 
 0 
 0 
 0 
 0 
 0 
 0 
 0 
 0 
 0 
 0 
 0 
 0 
 0 
 0 
 0 
 0 
 0 
 0 
 0 
 0 
 0 
 0 
 0 
 0 
 0 
 0 
 0 
 0 
 0 
 0 
 0 
 0 
 0 
 0 
 0 
 0 
 0 
 0 
 0 
 0 
 0 
 0 
 0 
 0 
 0 
 0 
 0 
 0 
 0 
 0 
 0 
 0 
 0 
 0 
 0 
 0 
 0 
 0 
 0 
 0 
 0 
 0 
 0 
 0 
 0 
 0 
 0 
 0 
 0 
 0 
 0 
 0 
 0 
 0 
 0 
 0 
 0 
 0 
 0 
 0 
 0 
 0 
 0 
 0 
 0 
 0 
 0 
 0 
 0 
 0 
 0 
 0 
 0 
 0 
 0 
 0 
 0 
 0 
 0 
 0 
 0 
 0 
 0 
 0 
 0 
 0 
 0 
 0 
 0 
 0 
 0 
 0 
 0 
 0 
 0 
 0 
 0 
 0 
 0 
 0 
 0 
 0 
 0 
 0 
 0 
 0 
 0 
 0 
 0 
 0 
 0 
 0 
 0 
 0 
 0 
 0 
 0 
 0 
 8,46740050804403E-04 
 8,46740050804403E-04 
 8,46740050804403E-04 
 1,69348010160881E-03 
 2,54022015241321E-03 
 3,38696020321761E-03 
 3,38696020321761E-03 
 4,23370025402202E-03 
 6,77392040643522E-03 
 5,92718035563082E-03 
 7,62066045723963E-03 
 8,46740050804403E-03 
 9,31414055884843E-03 
 1,01608806096528E-02 
 9,31414055884843E-03 
 9,31414055884843E-03 
 1,69348010160881E-02 
 1,35478408128704E-02 
 1,77815410668925E-02 
 1,86282811176969E-02 
 2,11685012701101E-02 
 2,62489415749365E-02 
 2,79424216765453E-02 
 2,62489415749365E-02 
 2,03217612193057E-02 
 2,37087214225233E-02 
 2,37087214225233E-02 
 2,45554614733277E-02 
 2,54022015241321E-02 
 2,96359017781541E-02 
 3,30228619813717E-02 
 4,74174428450466E-02 
 5,50381033022862E-02 
 6,18120237087214E-02 
 6,43522438611346E-02 
 7,02794242167655E-02 
 7,45131244707875E-02 
 7,79000846740051E-02 
 7,95935647756139E-02 
 8,29805249788315E-02 
 8,55207451312447E-02 
 8,89077053344623E-02 
 9,22946655376799E-02 
 9,39881456392887E-02 
 9,22946655376799E-02 
 8,80609652836579E-02 
 9,22946655376799E-02 
 7,79000846740051E-02 
 6,18120237087214E-02 
 6,60457239627434E-02 
 0,065198983911939 
 6,68924640135478E-02 
 6,85859441151566E-02 
 7,19729043183743E-02 
 7,53598645215919E-02 
 9,48348856900931E-02 
 9,56816257408975E-02 
 0,12108382726503 
 0,116850127011008 
 0,112616426756986 
 0,11346316680779 
 0,181202370872142 
 0,185436071126164 
 0,189669771380186 
 0,193056731583404 
 0,197290431837426 
 0,201524132091448 
 0,201524132091448 
 0,203217612193057 
 0,21337849280271 
 0,217612193056732 
 0,212531752751905 
 0,216765453005927 
 0,220152413209145 
 0,226079593564776 
 0,227773073666384 
 0,23454699407282 
 0,235393734123624 
 0,239627434377646 
 0,253175275190517 
 0,257408975444539 
 0,261642675698561 
 0,265876375952583 
 0,2692633361558 
 0,273497036409822 
 0,277730736663844 
 0,281964436917866 
 0,285351397121084 
 0,289585097375106 
 0,293818797629128 
 0,282811176968671 
 0,265876375952583 
 0,2692633361558 
 0,263336155800169 
 0,279424216765453 
 0,279424216765453 
 0,221845893310754 
 0,220999153259949 
 0,27688399661304 
 0,249788314987299 
 0,263336155800169 
 0,265876375952583 
 0,2692633361558 
 0,272650296359018 
 0,268416596104996 
 0,278577476714649 
 0,259949195596952 
 0,25571549534293 
 0,280270956816257 
 0,220152413209145 
 0,218458933107536 
 0,232006773920406 
 0,334462320067739 
 0,337849280270957 
 0,341236240474174 
 0,364098221845893 
 0,383573243014395 
 0,387806943268417 
 0,386960203217612 
 0,38272650296359 
 0,357324301439458 
 0,389500423370025 
 0,388653683319221 
 0,401354784081287 
 0,404741744284505 
 0,408128704487722 
 0,41151566469094 
 0,414902624894157 
 0,445385266723116 
 0,448772226926334 
 0,453005927180356 
 0,456392887383573 
 0,460626587637595 
 0,464013547840813 
 0,46740050804403 
 0,471634208298052 
 0,47502116850127 
 0,478408128704488 
 0,48264182895851 
 0,486028789161727 
 0,489415749364945 
 0,492802709568163 
 0,497036409822185 
 0,500423370025402 
 0,50381033022862 
 0,507197290431837 
 0,464860287891617 
 0,468247248094835 
 0,476714648602879 
 0,485182049110923 
 0,488569009314141 
 0,480948348856901 
 0,484335309060119 
 0,492802709568163 
 0,5385266723116 
 0,542760372565622 
 0,54614733276884 
 0,549534292972058 
 0,552921253175275 
 0,556308213378493 
 0,55969517358171 
 0,563082133784928 
 0,566469093988146 
 0,569009314140559 
 0,572396274343776 
 0,575783234546994 
 0,579170194750212 
 0,582557154953429 
 0,585944115156647 
 0,589331075359865 
 0,592718035563082 
 0,595258255715495 
 0,598645215918713 
 0,602032176121931 
 0,605419136325148 
 0,456392887383573 
 0,5385266723116 
 0,535139712108383 
 0,543607112616427 
 0,552921253175275 
 0,549534292972058 
 0,552074513124471 
 0,472480948348857 
 0,633361558001693 
 0,337002540220152 
 0,345469940728196 
 0,359864521591871 
 0,477561388653683 
 0,473327688399661 
 0,455546147332769 
 0,484335309060119 
 0,657070279424217 
 0,65961049957663 
 0,662997459779848 
 0,665537679932261 
 0,668924640135478 
 0,671464860287892 
 0,674005080440305 
 0,677392040643522 
 0,679932260795936 
 0,682472480948349 
 0,685859441151566 
 0,68839966130398 
 0,690939881456393 
 0,693480101608806 
 0,696867061812024 
 0,691786621507197 
 0,70194750211685 
 0,704487722269263 
 0,707027942421677 
 0,70956816257409 
 0,469940728196444 
 0,508044030482642 
 0,509737510584251 
 0,511430990685859 
 0,519898391193903 
 0,34801016088061 
 0,524132091447925 
 0,489415749364945 
 0,505503810330229 
 0,734970364098222 
 0,737510584250635 
 0,740050804403048 
 0,742591024555461 
 0,745131244707875 
 0,746824724809483 
 0,749364944961897 
 0,75190516511431 
 0,754445385266723 
 0,756138865368332 
 0,758679085520745 
 0,761219305673158 
 0,762912785774767 
 0,76545300592718 
 0,767993226079594 
 0,769686706181202 
 0,772226926333616 
 0,758679085520745 
 0,760372565622354 
 0,708721422523285 
 0,686706181202371 
 0,743437764606266 
 0,619813717188823 
 0,566469093988146 
 0,386113463166808 
 0,616426756985605 
 0,681625740897544 
 0,66723116003387 
 0,661303979678239 
 0,639288738357324 
 0,640135478408129 
 0,650296359017781 
 0,66723116003387 
 0,685012701100762 
 0,784081287044877 
 0,785774767146486 
 0,746824724809483 
 0,756138865368332 
 0,757832345469941 
 0,808636748518205 
 0,769686706181202 
 0,779000846740051 
 0,715495342929721 
 0,724809483488569 
 0,693480101608806 
 0,636748518204911 
 0,34801016088061 
 0,348856900931414 
 0,315834038950042 
 0,358171041490262 
 0,359017781541067 
 0,351397121083827 
 0,352243861134632 
 0,403048264182896 
 0,386960203217612 
 0,395427603725656 
 0,370872142252329 
 0,337849280270957 
 0,355630821337849 
 0,304826418289585 
 0,271803556308213 
 0,280270956816257 
 0,221845893310754 
 0,238780694326842 
 0,359017781541067 
 0,359017781541067 
 0,368331922099915 
 0,377646062658764 
 0,335309060118544 
 0,335309060118544 
 0,353090601185436 
 0,387806943268417 
 0,380186282811177 
 0,371718882303133 
 0,424216765453006 
 0,42506350550381 
 0,42506350550381 
 0,295512277730737 
 0,295512277730737 
 0,296359017781541 
 0,296359017781541 
 0,305673158340389 
 0,305673158340389 
 0,305673158340389 
 0,288738357324301 
 0,306519898391194 
 0,324301439458086 
 0,315834038950042 
 0,307366638441998 
 0,325148179508891 
 0,308213378492803 
 0,299745977984759 
 0,273497036409822 
 0,291278577476715 
 0,309060118543607 
 0,309060118543607 
 0,309060118543607 
 0,300592718035563 
 0,300592718035563 
 0,301439458086367 
 0,283657917019475 
 0,292972057578323 
 0,283657917019475 
 0,275190516511431 
 0,275190516511431 
 0,275190516511431 
 0,266723116003387 
 0,248941574936494 
 0,231160033869602 
 0,24047417442845 
 0,24047417442845 
 0,222692633361558 
 0,222692633361558 
 0,214225232853514 
 0,214225232853514 
 0,222692633361558 
 0,232006773920406 
 0,196443691786621 
 0,196443691786621 
 0,204911092294666 
 0,196443691786621 
 0,232006773920406 
 0,232006773920406 
 0,27688399661304 
 0,294665537679932 
 0,267569856054191 
 0,267569856054191 
 0,27688399661304 
 0,259102455546147 
 0,259102455546147 
 0,259102455546147 
 0,267569856054191 
 0,776460626587638 
 0,365791701947502 
 0,427603725656224 
 0,436917866215072 
 0,445385266723116 
 0,490262489415749 
 0,579170194750212 
 0,676545300592718 
 0,712108382726503 
 0,738357324301439 
 0,889923793395428 
 0,889077053344623 
 0,889077053344623 
 0,888230313293819 
 0,888230313293819 
 0,887383573243014 
 0,887383573243014 
 0,824724809483489 
 0,770533446232007 
 0,770533446232007 
 0,734970364098222 
 0,734123624047417 
 0,468247248094835 
 0,450465707027942 
 0,494496189669771 
 0,546994072819644 
 0,475867908552075 
 0,484335309060119 
 0,44030482641829 
 0,87891617273497 
 0,878069432684166 
 0,878069432684166 
 0,859441151566469 
 0,867061812023709 
 0,85774767146486 
 0,874682472480948 
 0,873835732430144 
 0,87298899237934 
 0,871295512277731 
 0,870448772226926 
 0,869602032176122 
 0,868755292125318 
 0,867908552074513 
 0,867061812023709 
 0,813717188823031 
 0,812870448772227 
 0,812023708721422 
 0,474174428450466 
 0,404741744284505 
 0,386960203217612 
 0,386960203217612 
 0,394580863674852 
 0,351397121083827 
 0,333615580016935 
 0,281964436917866 
 0,281117696867062 
 0,289585097375106 
 0,289585097375106 
 0,280270956816257 
 0,270956816257409 
 0,279424216765453 
 0,278577476714649 
 0,346316680779001 
 0,337002540220152 
 0,470787468247248 
 0,469940728196444 
 0,452159187129551 
 0,451312447078747 
 0,475867908552075 
 0,47502116850127 
 0,441151566469094 
 0,423370025402202 
 0,406435224386113 
 0,413209144792549 
 0,363251481795089 
 0,35393734123624 
 0,370025402201524 
 0,353090601185436 
 0,343776460626588 
 0,342929720575783 
 0,366638441998307 
 0,301439458086367 
 0,300592718035563 
 0,291278577476715 
 0,266723116003387 
 0,249788314987299 
 0,265876375952583 
 0,272650296359018 
 0,280270956816257 
 0,279424216765453 
 0,278577476714649 
 0,270110076206605 
 0,2692633361558 
 0,253175275190517 
 0,268416596104996 
 0,408975444538527 
 0,36917866215072 
 0,368331922099915 
 0,39034716342083 
 0,358171041490262 
 0,41151566469094 
 0,418289585097375 
 0,42506350550381 
 0,400508044030483 
 0,314987298899238 
 0,405588484335309 
 0,389500423370025 
 0,381033022861981 
 0,364098221845893 
 0,34801016088061 
 0,414902624894157 
 0,420829805249788 
 0,427603725656224 
 0,470787468247248 
 0,476714648602879 
 0,468247248094835 
 0,392040643522439 
 0,331922099915326 
 0,338696020321761 
 0,527519051651143 
 0,540220152413209 
 0,429297205757832 
 0,362404741744284 
 0,303979678238781 
 0,316680779000847 
 0,323454699407282 
 0,307366638441998 
 0,306519898391194 
 0,291278577476715 
 0,276037256562235 
 0,267569856054191 
 0,266723116003387 
 0,237933954276037 
 0,243861134631668 
 0,229466553767993 
 0,262489415749365 
 0,578323454699407 
 0,569009314140559 
 0,443691786621507 
 0,387806943268417 
 0,426756985605419 
 0,431837425910246 
 0,436917866215072 
 0,447925486875529 
 0,266723116003387 
 0,510584250635055 
 0,528365791701948 
 0,525825571549534 
 0,51735817104149 
 0,397121083827265 
 0,421676545300593 
 0,419983065198984 
 0,565622353937341 
 0,58848433530906 
 0,585944115156647 
 0,582557154953429 
 0,580016934801016 
 0,602032176121931 
 0,58086367485182 
 0,584250635055038 
 0,58086367485182 
 0,614733276883997 
 0,612193056731583 
 0,608806096528366 
 0,605419136325148 
 0,602032176121931 
 0,599491955969517 
 0,5961049957663 
 0,592718035563082 
 0,589331075359865 
 0,545300592718036 
 0,535986452159187 
 0,527519051651143 
 0,513124470787468 
 0,515664690939881 
 0,518204911092295 
 0,515664690939881 
 0,557154953429297 
 0,55969517358171 
 0,556308213378493 
 0,552921253175275 
 0,549534292972058 
 0,54614733276884 
 0,542760372565622 
 0,539373412362405 
 0,535986452159187 
 0,53259949195597 
 0,529212531752752 
 0,525825571549534 
 0,521591871295512 
 0,518204911092295 
 0,514817950889077 
 0,511430990685859 
 0,508044030482642 
 0,504657070279424 
 0,500423370025402 
 0,497036409822185 
 0,493649449618967 
 0,490262489415749 
 0,437764606265876 
 0,42506350550381 
 0,412362404741744 
 0,365791701947502 
 0,368331922099915 
 0,388653683319221 
 0,375952582557155 
 0,373412362404742 
 0,438611346316681 
 0,444538526672312 
 0,391193903471634 
 0,387806943268417 
 0,384419983065199 
 0,394580863674852 
 0,391193903471634 
 0,297205757832345 
 0,273497036409822 
 0,304826418289585 
 0,302286198137172 
 0,211685012701101 
 0,22692633361558 
 0,232853513971211 
 0,238780694326842 
 0,384419983065199 
 0,325148179508891 
 0,325994919559695 
 0,322607959356478 
 0,385266723116003 
 0,381033022861981 
 0,376799322607959 
 0,373412362404742 
 0,36917866215072 
 0,365791701947502 
 0,36155800169348 
 0,357324301439458 
 0,251481795088908 
 0,262489415749365 
 0,259102455546147 
 0,236240474174428 
 0,222692633361558 
 0,223539373412362 
 0,210838272650296 
 0,270956816257409 
 0,267569856054191 
 0,270110076206605 
 0,266723116003387 
 0,270110076206605 
 0,272650296359018 
 0,2692633361558 
 0,265029635901778 
 0,211685012701101 
 0,226079593564776 
 0,263336155800169 
 0,158340389500423 
 0,194750211685013 
 0,14225232853514 
 0,138018628281118 
 0,135478408128704 
 0,160033869602032 
 0,126164267569856 
 0,12701100762066 
 0,120237087214225 
 0,117696867061812 
 0,123624047417443 
 0,144792548687553 
 0,143099068585944 
 0,156646909398815 
 0,153259949195597 
 0,135478408128704 
 0,117696867061812 
 0,106689246401355 
 0,102455546147333 
 0,104995766299746 
 0,103302286198137 
 0,104995766299746 
 0,168501270110076 
 0,166807790008467 
 0,160033869602032 
 0,158340389500423 
 0,117696867061812 
 0,158340389500423 
 0,154953429297206 
 0,149872988992379 
 0,146486028789162 
 0,140558848433531 
 6,01185436071126E-02 
 5,84250635055038E-02 
 5,16511430990686E-02 
 4,74174428450466E-02 
 0,048264182895851 
 4,31837425910246E-02 
 4,06435224386113E-02 
 3,97967823878069E-02 
 3,72565622353937E-02 
 3,64098221845893E-02 
 3,47163420829805E-02 
 3,38696020321761E-02 
 3,72565622353937E-02 
 3,81033022861981E-02 
 3,64098221845893E-02 
 3,64098221845893E-02 
 5,08044030482642E-02 
 3,64098221845893E-02 
 3,81033022861981E-02 
 3,64098221845893E-02 
 7,19729043183743E-02 
 7,70533446232007E-02 
 7,36663844199831E-02 
 4,99576629974598E-02 
 4,57239627434378E-02 
 4,06435224386113E-02 
 0,012701100762066 
 1,18543607112616E-02 
 1,18543607112616E-02 
 0,012701100762066 
 1,10076206604572E-02 
 1,01608806096528E-02 
 9,31414055884843E-03 
 9,31414055884843E-03 
 7,62066045723963E-03 
 7,62066045723963E-03 
 6,77392040643522E-03 
 5,92718035563082E-03 
 5,08044030482642E-03 
 3,38696020321761E-03 
 3,38696020321761E-03 
 2,54022015241321E-03 
 3,38696020321761E-03 
 3,38696020321761E-03 
 2,54022015241321E-03 
 2,54022015241321E-03 
 1,69348010160881E-03 
 1,69348010160881E-03 
 1,69348010160881E-03 
 1,69348010160881E-03 
 8,46740050804403E-04 
 8,46740050804403E-04 
 8,46740050804403E-04 
 0 
 0 
 0 
 0 
 0 
 0 
 0 
 0 
 0 
 0 
 0 
 0 
 0 
 0 
 0 
 0 
 0 
 0 
 0 
 0 
 0 
 0 
 0 
 0 
 0 
 0 
 0 
 0 
 0 
 0 
 0 
 0 
 0 
 0 
 0 
 0 
 0 
 0 
 0 
 0 
 0 
 0 
 0 
 0 
 0 
 0 
 0 
 0 
 0 
 0 
 0 
 0 
 0 
 0 
 0 
 0 
 0 
 0 
 0 
 0 
 0 
 0 
 0 
 0 
 0 
 0 
 0 
 0 
 0 
 0 
 0 
 0 
 0 
 0 
 0 
 0 
 0 
 0 
 0 
 0 
 0 
 0 
 0 
 0 
 0 
 0 
 0 
 0 
 0 
 0 
 0 
 0 
 0 
 0 
 0 
 0 
 0 
 0 
 0 
 0 
 0 
 0 
 0 
 0 
 0 
 0 
 0 
 0 
 0 
 0 
 0 
 0 
 0 
 0 
 0 
 0 
 0 
 0 
 0 
 0 
 0 
 0 
 0 
 0 
 0 
 0 
 0 
 0 
 0 
 0 
 0 
 0 
 0 
 0 
 0 
 0 
 0 
 0 
 0 
 0 
 0 
 0 
 0 
 0 
 0 
 0 
 0 
 0 
 0 
 0 
 0 
 0 
 0 
 0 
 0 
 0 
 0 
 0 
 0 
 0 
 0 
 0 
 0 
 0 
 0 
 0 
 0 
 0 
 0 
 0 
 0 
 0 
 0 
 0 
 0 
 0 
 0 
 0 
 0 
 0 
 0 
 0 
 0 
 0 
 0 
 0 
 0 
 0 
 0 
 0 
 0 
 0 
 0 
 0 
 0 
 0 
 0 
 0 
 0 
 0 
 0 
 0 
 0 
 0 
 0 
 0 
 0 
 0 
 0 
 0 
 0 
 0 
 0 
 0 
 0 
 0 
 0 
 0 
 0 
 0 
 0 
 0 
 0 
 0 
 0 
 0 
 0 
 0 
 0 
 0 
 0 
 0 
 0 
 0 
 0 
 0 
 0 
 0 
 0 
 0 
 0 
 0 
 0 
 0 
 0 
 0 
 0 
 0 
 0 
 0 
 0 
 0 
 0 
 0 
 0 
 0 
 0 
 0 
 0 
 0 
 0 
 0 
 0 
 0 
 0 
 0 
 0 
 0 
 0 
 0 
 0 
 0 
 0 
 0 
 0 
 0 
 0 
 0 
 0 
 0 
 0 
 0 
 0 
 0 
 0 
 0 
 0 
 0 
 0 
 0 
 0 
 0 
 0 
 0 
 0 
 0 
 0 
 0 
 0 
 0 
 0 
 0 
 0 
 0 
 0 
 0 
 0 
 0 
 0 
 0 
 0 
 0 
 0 
 0 
 0 
