 0 
 0 
 0 
 0 
 0 
 0 
 0 
 0 
 0 
 0 
 0 
 0 
 0 
 0 
 0 
 0 
 0 
 0 
 0 
 0 
 0 
 0 
 0 
 0 
 0 
 0 
 0 
 0 
 0 
 0 
 0 
 0 
 0 
 0 
 0 
 0 
 0 
 0 
 0 
 0 
 0 
 0 
 0 
 0 
 0 
 0 
 0 
 0 
 0 
 0 
 0 
 0 
 0 
 0 
 0 
 0 
 0 
 0 
 0 
 0 
 0 
 0 
 0 
 0 
 0 
 0 
 0 
 0 
 0 
 0 
 0 
 0 
 0 
 0 
 0 
 0 
 0 
 0 
 0 
 0 
 0 
 0 
 0 
 0 
 0 
 0 
 0 
 0 
 0 
 0 
 0 
 0 
 0 
 0 
 0 
 0 
 0 
 0 
 0 
 0 
 0 
 0 
 0 
 0 
 0 
 0 
 0 
 0 
 0 
 0 
 0 
 0 
 0 
 0 
 0 
 0 
 0 
 0 
 0 
 0 
 0 
 0 
 0 
 0 
 0 
 0 
 0 
 0 
 0 
 0 
 0 
 0 
 0 
 0 
 0 
 0 
 0 
 0 
 0 
 0 
 0 
 0 
 0 
 0 
 0 
 0 
 0 
 0 
 0 
 0 
 0 
 0 
 0 
 0 
 0 
 0 
 0 
 0 
 0 
 0 
 0 
 0 
 0 
 0 
 0 
 0 
 0 
 0 
 0 
 0 
 0 
 0 
 0 
 0 
 0 
 0 
 0 
 0 
 0 
 0 
 0 
 0 
 0 
 0 
 0 
 0 
 0 
 0 
 0 
 0 
 0 
 0 
 0 
 0 
 0 
 0 
 0 
 0 
 0 
 0 
 0 
 0 
 0 
 0 
 0 
 0 
 0 
 0 
 0 
 0 
 0 
 0 
 0 
 0 
 0 
 0 
 0 
 0 
 0 
 0 
 0 
 0 
 0 
 0 
 0 
 0 
 0 
 0 
 0 
 0 
 0 
 0 
 0 
 0 
 0 
 0 
 0 
 0 
 0 
 0 
 0 
 0 
 0 
 0 
 0 
 0 
 0 
 0 
 0 
 0 
 0 
 0 
 0 
 0 
 0 
 0 
 0 
 0 
 0 
 0 
 0 
 0 
 0 
 0 
 0 
 0 
 0 
 0 
 0 
 0 
 0 
 0 
 0 
 0 
 0 
 0 
 0 
 0 
 0 
 0 
 0 
 0 
 0 
 0 
 0 
 0 
 0 
 0 
 0 
 0 
 0 
 0 
 0 
 0 
 0 
 0 
 0 
 0 
 0 
 0 
 0 
 0 
 0 
 0 
 0 
 0 
 0 
 0 
 0 
 0 
 0 
 0 
 0 
 0 
 0 
 0 
 0 
 0 
 0 
 0 
 0 
 0 
 0 
 0 
 0 
 0 
 0 
 0 
 0 
 0 
 0 
 0 
 0 
 0 
 0 
 0 
 0 
 0 
 0 
 0 
 0 
 0 
 0 
 0 
 0 
 0 
 0 
 0 
 0 
 0 
 0 
 0 
 0 
 0 
 0 
 0 
 0 
 0 
 0 
 0 
 0 
 0 
 0 
 0 
 0 
 0 
 0 
 0 
 0 
 0 
 0 
 0 
 0 
 0 
 0 
 0 
 0 
 0 
 0 
 0 
 0 
 0 
 0 
 0 
 0 
 0 
 0 
 0 
 0 
 0 
 0 
 0 
 0 
 0 
 0 
 0 
 0 
 0 
 0 
 0 
 0 
 0 
 0 
 0 
 0 
 0 
 0 
 0 
 0 
 0 
 0 
 0 
 0 
 0 
 0 
 0 
 0 
 0 
 0 
 0 
 0 
 0 
 0 
 0 
 0 
 0 
 0 
 0 
 0 
 0 
 0 
 0 
 0 
 0 
 8,46740050804403E-04 
 8,46740050804403E-04 
 8,46740050804403E-04 
 1,69348010160881E-03 
 2,54022015241321E-03 
 3,38696020321761E-03 
 4,23370025402202E-03 
 5,08044030482642E-03 
 5,92718035563082E-03 
 6,77392040643522E-03 
 7,62066045723963E-03 
 9,31414055884843E-03 
 1,01608806096528E-02 
 1,18543607112616E-02 
 0,012701100762066 
 1,43945808636749E-02 
 1,52413209144793E-02 
 1,18543607112616E-02 
 1,35478408128704E-02 
 1,43945808636749E-02 
 1,52413209144793E-02 
 1,69348010160881E-02 
 1,77815410668925E-02 
 1,94750211685013E-02 
 2,03217612193057E-02 
 2,37087214225233E-02 
 2,37087214225233E-02 
 3,21761219305673E-02 
 2,70956816257409E-02 
 2,28619813717189E-02 
 2,37087214225233E-02 
 2,54022015241321E-02 
 2,87891617273497E-02 
 2,87891617273497E-02 
 3,04826418289585E-02 
 3,13293818797629E-02 
 2,79424216765453E-02 
 3,21761219305673E-02 
 3,30228619813717E-02 
 3,30228619813717E-02 
 3,38696020321761E-02 
 3,21761219305673E-02 
 3,30228619813717E-02 
 3,47163420829805E-02 
 2,96359017781541E-02 
 2,45554614733277E-02 
 2,45554614733277E-02 
 2,54022015241321E-02 
 2,62489415749365E-02 
 2,70956816257409E-02 
 2,87891617273497E-02 
 3,21761219305673E-02 
 3,21761219305673E-02 
 3,30228619813717E-02 
 3,38696020321761E-02 
 2,96359017781541E-02 
 3,04826418289585E-02 
 3,13293818797629E-02 
 3,04826418289585E-02 
 3,47163420829805E-02 
 3,55630821337849E-02 
 8,72142252328535E-02 
 8,89077053344623E-02 
 8,72142252328535E-02 
 8,89077053344623E-02 
 9,06011854360711E-02 
 0,123624047417443 
 0,1346316680779 
 0,201524132091448 
 0,20575783234547 
 0,209144792548688 
 0,21337849280271 
 0,217612193056732 
 0,220999153259949 
 0,225232853513971 
 0,229466553767993 
 0,233700254022015 
 0,237087214225233 
 0,241320914479255 
 0,245554614733277 
 0,244707874682472 
 0,245554614733277 
 0,252328535139712 
 0,24047417442845 
 6,60457239627434E-02 
 7,02794242167655E-02 
 6,60457239627434E-02 
 6,68924640135478E-02 
 7,02794242167655E-02 
 6,26587637595258E-02 
 5,75783234546994E-02 
 5,84250635055038E-02 
 5,92718035563082E-02 
 6,01185436071126E-02 
 5,84250635055038E-02 
 5,58848433530906E-02 
 0,056731583403895 
 5,75783234546994E-02 
 0,060965283657917 
 6,18120237087214E-02 
 7,62066045723963E-02 
 7,70533446232007E-02 
 8,46740050804403E-02 
 8,21337849280271E-02 
 8,29805249788315E-02 
 8,04403048264183E-02 
 0,109229466553768 
 0,107535986452159 
 0,180355630821338 
 0,182895850973751 
 0,180355630821338 
 0,175275190516511 
 0,146486028789162 
 0,160033869602032 
 0,157493649449619 
 0,159187129551228 
 0,211685012701101 
 0,226079593564776 
 0,195596951735817 
 0,19813717188823 
 0,146486028789162 
 0,164267569856054 
 0,174428450465707 
 0,180355630821338 
 0,215918712955123 
 0,21337849280271 
 0,215071972904318 
 0,216765453005927 
 0,223539373412362 
 0,247248094834886 
 0,262489415749365 
 0,202370872142252 
 0,190516511430991 
 0,228619813717189 
 0,220999153259949 
 0,209144792548688 
 0,215071972904318 
 0,216765453005927 
 0,360711261642676 
 0,38272650296359 
 0,39034716342083 
 0,398814563928874 
 0,371718882303133 
 0,364944961896698 
 0,462320067739204 
 0,469940728196444 
 0,473327688399661 
 0,466553767993226 
 0,429297205757832 
 0,426756985605419 
 0,295512277730737 
 0,265876375952583 
 0,231160033869602 
 0,2692633361558 
 0,260795935647756 
 0,288738357324301 
 0,280270956816257 
 0,303979678238781 
 0,513124470787468 
 0,510584250635055 
 0,508044030482642 
 0,36155800169348 
 0,391193903471634 
 0,393734123624047 
 0,407281964436918 
 0,415749364944962 
 0,406435224386113 
 0,414902624894157 
 0,47502116850127 
 0,564775613886537 
 0,574089754445385 
 0,577476714648603 
 0,57493649449619 
 0,595258255715495 
 0,598645215918713 
 0,602032176121931 
 0,605419136325148 
 0,608806096528366 
 0,611346316680779 
 0,614733276883997 
 0,618120237087214 
 0,620660457239627 
 0,624047417442845 
 0,5961049957663 
 0,598645215918713 
 0,455546147332769 
 0,445385266723116 
 0,434377646062659 
 0,308213378492803 
 0,309906858594412 
 0,175275190516511 
 0,377646062658764 
 0,386113463166808 
 0,381033022861981 
 0,455546147332769 
 0,424216765453006 
 0,439458086367485 
 0,34801016088061 
 0,342082980524979 
 0,323454699407282 
 0,352243861134632 
 0,360711261642676 
 0,498729889923793 
 0,513971210838273 
 0,550381033022862 
 0,552921253175275 
 0,263336155800169 
 0,313293818797629 
 0,272650296359018 
 0,273497036409822 
 0,281964436917866 
 0,297205757832345 
 0,48264182895851 
 0,555461473327688 
 0,535986452159187 
 0,387806943268417 
 0,511430990685859 
 0,513124470787468 
 0,333615580016935 
 0,334462320067739 
 0,328535139712108 
 0,483488569009314 
 0,712955122777307 
 0,737510584250635 
 0,740050804403048 
 0,742591024555461 
 0,745131244707875 
 0,746824724809483 
 0,749364944961897 
 0,75190516511431 
 0,754445385266723 
 0,756138865368332 
 0,758679085520745 
 0,761219305673158 
 0,762912785774767 
 0,76545300592718 
 0,767993226079594 
 0,769686706181202 
 0,772226926333616 
 0,650296359017781 
 0,65198983911939 
 0,622353937341236 
 0,624047417442845 
 0,579170194750212 
 0,674851820491109 
 0,715495342929721 
 0,70194750211685 
 0,75952582557155 
 0,792548687552921 
 0,795088907705334 
 0,796782387806943 
 0,798475867908552 
 0,800169348010161 
 0,802709568162574 
 0,804403048264183 
 0,806096528365792 
 0,8077900084674 
 0,809483488569009 
 0,811176968670618 
 0,813717188823031 
 0,81541066892464 
 0,817104149026249 
 0,810330228619814 
 0,762912785774767 
 0,756138865368332 
 0,766299745977985 
 0,808636748518205 
 0,810330228619814 
 0,753598645215919 
 0,746824724809483 
 0,748518204911092 
 0,758679085520745 
 0,767993226079594 
 0,769686706181202 
 0,762066045723963 
 0,806096528365792 
 0,81541066892464 
 0,817104149026249 
 0,843353090601185 
 0,845046570702794 
 0,846740050804403 
 0,847586790855207 
 0,849280270956816 
 0,850127011007621 
 0,851820491109229 
 0,852667231160034 
 0,854360711261643 
 0,855207451312447 
 0,856900931414056 
 0,85774767146486 
 0,859441151566469 
 0,860287891617273 
 0,861134631668078 
 0,862828111769687 
 0,863674851820491 
 0,75190516511431 
 0,74428450465707 
 0,736663844199831 
 0,737510584250635 
 0,738357324301439 
 0,7307366638442 
 0,740050804403048 
 0,418289585097375 
 0,436071126164268 
 0,629127857747671 
 0,646909398814564 
 0,63844199830652 
 0,639288738357324 
 0,648602878916173 
 0,631668077900085 
 0,632514817950889 
 0,624047417442845 
 0,668924640135478 
 0,668924640135478 
 0,669771380186283 
 0,581710414902625 
 0,591024555461473 
 0,556308213378493 
 0,574089754445385 
 0,521591871295512 
 0,530906011854361 
 0,416596104995766 
 0,407281964436918 
 0,39034716342083 
 0,505503810330229 
 0,887383573243014 
 0,888230313293819 
 0,888230313293819 
 0,889077053344623 
 0,889077053344623 
 0,889923793395428 
 0,889923793395428 
 0,845893310753599 
 0,855207451312447 
 0,881456392887384 
 0,890770533446232 
 0,766299745977985 
 0,766299745977985 
 0,767146486028789 
 0,499576629974598 
 0,526672311600339 
 0,552921253175275 
 0,544453852667231 
 0,544453852667231 
 0,589331075359865 
 0,51735817104149 
 0,508890770533446 
 0,499576629974598 
 0,491109229466554 
 0,41913632514818 
 0,41913632514818 
 0,428450465707028 
 0,436917866215072 
 0,428450465707028 
 0,740050804403048 
 0,740050804403048 
 0,749364944961897 
 0,704487722269263 
 0,472480948348857 
 0,472480948348857 
 0,508044030482642 
 0,498729889923793 
 0,400508044030483 
 0,320067739204064 
 0,320067739204064 
 0,337849280270957 
 0,337849280270957 
 0,284504657070279 
 0,292972057578323 
 0,265876375952583 
 0,275190516511431 
 0,301439458086367 
 0,283657917019475 
 0,274343776460627 
 0,212531752751905 
 0,220999153259949 
 0,203217612193057 
 0,193903471634208 
 0,193903471634208 
 0,193903471634208 
 0,193903471634208 
 0,193903471634208 
 0,18458933107536 
 0,176121930567316 
 0,193056731583404 
 0,201524132091448 
 0,183742591024555 
 0,183742591024555 
 0,165961049957663 
 0,157493649449619 
 0,165961049957663 
 0,174428450465707 
 0,174428450465707 
 0,156646909398815 
 0,121930567315834 
 0,130397967823878 
 0,138865368331922 
 0,138865368331922 
 0,138865368331922 
 0,147332768839966 
 0,146486028789162 
 0,146486028789162 
 0,154953429297206 
 0,154953429297206 
 0,145639288738357 
 0,145639288738357 
 0,154106689246401 
 0,154106689246401 
 0,154106689246401 
 0,161727349703641 
 0,161727349703641 
 0,153259949195597 
 0,178662150719729 
 0,177815410668925 
 0,177815410668925 
 0,169348010160881 
 0,160033869602032 
 0,160033869602032 
 0,160033869602032 
 0,167654530059272 
 0,14225232853514 
 0,150719729043184 
 0,14225232853514 
 0,141405588484335 
 0,141405588484335 
 0,132938187976291 
 0,140558848433531 
 0,157493649449619 
 0,668924640135478 
 0,66723116003387 
 0,674005080440305 
 0,615580016934801 
 0,736663844199831 
 0,735817104149026 
 0,734123624047417 
 0,732430143945809 
 0,738357324301439 
 0,810330228619814 
 0,8077900084674 
 0,58848433530906 
 0,514817950889077 
 0,521591871295512 
 0,512277730736664 
 0,479254868755292 
 0,318374259102456 
 0,309906858594412 
 0,309060118543607 
 0,324301439458086 
 0,307366638441998 
 0,314987298899238 
 0,306519898391194 
 0,313293818797629 
 0,320067739204064 
 0,31160033869602 
 0,279424216765453 
 0,294665537679932 
 0,301439458086367 
 0,308213378492803 
 0,314987298899238 
 0,329381879762913 
 0,328535139712108 
 0,320067739204064 
 0,303979678238781 
 0,309906858594412 
 0,528365791701948 
 0,541913632514818 
 0,457239627434378 
 0,343776460626588 
 0,327688399661304 
 0,31160033869602 
 0,310753598645216 
 0,331922099915326 
 0,315834038950042 
 0,220152413209145 
 0,204911092294666 
 0,196443691786621 
 0,209991532599492 
 0,165961049957663 
 0,172734970364098 
 0,158340389500423 
 0,157493649449619 
 0,14225232853514 
 0,127857747671465 
 0,120237087214225 
 0,112616426756986 
 0,112616426756986 
 0,111769686706181 
 0,104149026248942 
 9,73751058425063E-02 
 9,65283657917019E-02 
 8,97544453852667E-02 
 8,89077053344623E-02 
 8,21337849280271E-02 
 8,12870448772227E-02 
 6,77392040643522E-02 
 0,060965283657917 
 5,33446232006774E-02 
 5,33446232006774E-02 
 5,33446232006774E-02 
 6,01185436071126E-02 
 5,92718035563082E-02 
 5,92718035563082E-02 
 5,92718035563082E-02 
 5,84250635055038E-02 
 5,84250635055038E-02 
 6,43522438611346E-02 
 6,43522438611346E-02 
 5,75783234546994E-02 
 5,75783234546994E-02 
 0,056731583403895 
 0,056731583403895 
 6,26587637595258E-02 
 6,26587637595258E-02 
 7,45131244707875E-02 
 6,18120237087214E-02 
 7,36663844199831E-02 
 7,95935647756139E-02 
 7,87468247248095E-02 
 7,28196443691787E-02 
 7,79000846740051E-02 
 7,19729043183743E-02 
 0,065198983911939 
 5,92718035563082E-02 
 5,92718035563082E-02 
 5,84250635055038E-02 
 5,84250635055038E-02 
 5,75783234546994E-02 
 5,75783234546994E-02 
 5,16511430990686E-02 
 5,16511430990686E-02 
 6,26587637595258E-02 
 6,18120237087214E-02 
 6,18120237087214E-02 
 5,58848433530906E-02 
 0,060965283657917 
 6,01185436071126E-02 
 0,065198983911939 
 0,065198983911939 
 6,43522438611346E-02 
 6,43522438611346E-02 
 6,35055038103302E-02 
 6,35055038103302E-02 
 6,26587637595258E-02 
 6,77392040643522E-02 
 6,77392040643522E-02 
 6,18120237087214E-02 
 7,19729043183743E-02 
 8,12870448772227E-02 
 8,55207451312447E-02 
 8,04403048264183E-02 
 7,45131244707875E-02 
 6,43522438611346E-02 
 6,85859441151566E-02 
 6,77392040643522E-02 
 7,70533446232007E-02 
 7,19729043183743E-02 
 7,11261642675699E-02 
 7,11261642675699E-02 
 7,02794242167655E-02 
 0,069432684165961 
 0,069432684165961 
 6,43522438611346E-02 
 5,41913632514818E-02 
 4,48772226926334E-02 
 3,97967823878069E-02 
 0,044030482641829 
 0,044030482641829 
 0,052497883149873 
 5,16511430990686E-02 
 5,16511430990686E-02 
 5,08044030482642E-02 
 5,41913632514818E-02 
 5,41913632514818E-02 
 5,33446232006774E-02 
 5,33446232006774E-02 
 0,056731583403895 
 5,58848433530906E-02 
 7,11261642675699E-02 
 7,45131244707875E-02 
 7,36663844199831E-02 
 9,22946655376799E-02 
 0,175275190516511 
 0,162574089754445 
 0,190516511430991 
 0,159187129551228 
 0,138865368331922 
 0,130397967823878 
 0,132091447925487 
 0,258255715495343 
 0,259102455546147 
 0,345469940728196 
 0,342082980524979 
 0,337849280270957 
 0,333615580016935 
 0,330228619813717 
 0,325994919559695 
 0,321761219305673 
 0,318374259102456 
 0,314140558848434 
 0,309906858594412 
 0,306519898391194 
 0,296359017781541 
 0,286198137171888 
 0,287891617273497 
 0,287044877222693 
 0,286198137171888 
 0,281964436917866 
 0,277730736663844 
 0,274343776460627 
 0,270110076206605 
 0,265876375952583 
 0,262489415749365 
 0,258255715495343 
 0,254022015241321 
 0,249788314987299 
 0,243861134631668 
 0,239627434377646 
 0,232853513971211 
 0,232006773920406 
 0,220999153259949 
 0,216765453005927 
 0,175275190516511 
 0,171888230313294 
 0,169348010160881 
 0,149026248941575 
 0,150719729043184 
 0,12701100762066 
 0,115156646909399 
 0,112616426756986 
 0,106689246401355 
 9,48348856900931E-02 
 0,065198983911939 
 6,43522438611346E-02 
 6,26587637595258E-02 
 6,26587637595258E-02 
 5,84250635055038E-02 
 5,84250635055038E-02 
 0,056731583403895 
 6,35055038103302E-02 
 7,53598645215919E-02 
 6,77392040643522E-02 
 0,12701100762066 
 0,123624047417443 
 0,124470787468247 
 0,116850127011008 
 9,65283657917019E-02 
 9,39881456392887E-02 
 9,14479254868755E-02 
 0,100762066045724 
 9,82218458933107E-02 
 9,48348856900931E-02 
 8,63674851820491E-02 
 8,29805249788315E-02 
 8,04403048264183E-02 
 7,70533446232007E-02 
 5,92718035563082E-02 
 5,92718035563082E-02 
 5,58848433530906E-02 
 7,02794242167655E-02 
 6,68924640135478E-02 
 6,26587637595258E-02 
 5,92718035563082E-02 
 5,84250635055038E-02 
 5,33446232006774E-02 
 0,052497883149873 
 4,91109229466554E-02 
 4,57239627434378E-02 
 1,60880609652837E-02 
 1,43945808636749E-02 
 1,35478408128704E-02 
 1,35478408128704E-02 
 0,012701100762066 
 1,77815410668925E-02 
 1,60880609652837E-02 
 1,43945808636749E-02 
 1,10076206604572E-02 
 1,01608806096528E-02 
 9,31414055884843E-03 
 8,46740050804403E-03 
 7,62066045723963E-03 
 7,62066045723963E-03 
 5,92718035563082E-03 
 5,08044030482642E-03 
 5,08044030482642E-03 
 4,23370025402202E-03 
 3,38696020321761E-03 
 2,54022015241321E-03 
 2,54022015241321E-03 
 1,69348010160881E-03 
 1,69348010160881E-03 
 8,46740050804403E-04 
 8,46740050804403E-04 
 8,46740050804403E-04 
 8,46740050804403E-04 
 0 
 0 
 0 
 0 
 0 
 0 
 0 
 0 
 0 
 0 
 0 
 0 
 0 
 0 
 0 
 0 
 0 
 0 
 0 
 0 
 0 
 0 
 0 
 0 
 0 
 0 
 0 
 0 
 0 
 0 
 0 
 0 
 0 
 0 
 0 
 0 
 0 
 0 
 0 
 0 
 0 
 0 
 0 
 0 
 0 
 0 
 0 
 0 
 0 
 0 
 0 
 0 
 0 
 0 
 0 
 0 
 0 
 0 
 0 
 0 
 0 
 0 
 0 
 0 
 0 
 0 
 0 
 0 
 0 
 0 
 0 
 0 
 0 
 0 
 0 
 0 
 0 
 0 
 0 
 0 
 0 
 0 
 0 
 0 
 0 
 0 
 0 
 0 
 0 
 0 
 0 
 0 
 0 
 0 
 0 
 0 
 0 
 0 
 0 
 0 
 0 
 0 
 0 
 0 
 0 
 0 
 0 
 0 
 0 
 0 
 0 
 0 
 0 
 0 
 0 
 0 
 0 
 0 
 0 
 0 
 0 
 0 
 0 
 0 
 0 
 0 
 0 
 0 
 0 
 0 
 0 
 0 
 0 
 0 
 0 
 0 
 0 
 0 
 0 
 0 
 0 
 0 
 0 
 0 
 0 
 0 
 0 
 0 
 0 
 0 
 0 
 0 
 0 
 0 
 0 
 0 
 0 
 0 
 0 
 0 
 0 
 0 
 0 
 0 
 0 
 0 
 0 
 0 
 0 
 0 
 0 
 0 
 0 
 0 
 0 
 0 
 0 
 0 
 0 
 0 
 0 
 0 
 0 
 0 
 0 
 0 
 0 
 0 
 0 
 0 
 0 
 0 
 0 
 0 
 0 
 0 
 0 
 0 
 0 
 0 
 0 
 0 
 0 
 0 
 0 
 0 
 0 
 0 
 0 
 0 
 0 
 0 
 0 
 0 
 0 
 0 
 0 
 0 
 0 
 0 
 0 
 0 
 0 
 0 
 0 
 0 
 0 
 0 
 0 
 0 
 0 
 0 
 0 
 0 
 0 
 0 
 0 
 0 
 0 
 0 
 0 
 0 
 0 
 0 
 0 
 0 
 0 
 0 
 0 
 0 
 0 
 0 
 0 
 0 
 0 
 0 
 0 
 0 
 0 
 0 
 0 
 0 
 0 
 0 
 0 
 0 
 0 
 0 
 0 
 0 
 0 
 0 
 0 
 0 
 0 
 0 
 0 
 0 
 0 
 0 
 0 
 0 
 0 
 0 
 0 
 0 
 0 
 0 
 0 
 0 
 0 
 0 
 0 
 0 
 0 
 0 
 0 
 0 
 0 
 0 
 0 
 0 
 0 
 0 
 0 
 0 
 0 
 0 
 0 
 0 
 0 
 0 
