 0 
 0 
 0 
 0 
 0 
 0 
 0 
 0 
 0 
 0 
 0 
 0 
 0 
 0 
 0 
 0 
 0 
 0 
 0 
 0 
 0 
 0 
 0 
 0 
 0 
 0 
 0 
 0 
 0 
 0 
 0 
 0 
 0 
 0 
 0 
 0 
 0 
 0 
 0 
 0 
 0 
 0 
 0 
 0 
 0 
 0 
 0 
 0 
 0 
 0 
 0 
 0 
 0 
 0 
 0 
 0 
 0 
 0 
 0 
 0 
 0 
 0 
 0 
 0 
 0 
 0 
 0 
 0 
 0 
 0 
 0 
 0 
 0 
 0 
 0 
 0 
 0 
 0 
 0 
 0 
 0 
 0 
 0 
 0 
 0 
 0 
 0 
 0 
 0 
 0 
 0 
 0 
 0 
 0 
 0 
 0 
 0 
 0 
 0 
 0 
 0 
 0 
 0 
 0 
 0 
 0 
 0 
 0 
 0 
 0 
 0 
 0 
 0 
 0 
 0 
 0 
 0 
 0 
 0 
 0 
 0 
 0 
 0 
 0 
 0 
 0 
 0 
 0 
 0 
 0 
 0 
 0 
 0 
 0 
 0 
 0 
 0 
 0 
 0 
 0 
 0 
 0 
 0 
 0 
 0 
 0 
 0 
 0 
 0 
 0 
 0 
 0 
 0 
 0 
 0 
 0 
 0 
 0 
 0 
 0 
 0 
 0 
 0 
 0 
 0 
 0 
 0 
 0 
 0 
 0 
 0 
 0 
 0 
 0 
 0 
 0 
 0 
 0 
 0 
 0 
 0 
 0 
 0 
 0 
 0 
 0 
 0 
 0 
 0 
 0 
 0 
 0 
 0 
 0 
 0 
 0 
 0 
 0 
 0 
 0 
 0 
 0 
 0 
 0 
 0 
 0 
 0 
 0 
 0 
 0 
 0 
 0 
 0 
 0 
 0 
 0 
 0 
 0 
 0 
 0 
 0 
 0 
 0 
 0 
 0 
 0 
 0 
 0 
 0 
 0 
 0 
 0 
 0 
 0 
 0 
 0 
 0 
 0 
 0 
 0 
 0 
 0 
 0 
 0 
 0 
 0 
 0 
 0 
 0 
 0 
 0 
 0 
 0 
 0 
 0 
 0 
 0 
 0 
 0 
 0 
 0 
 0 
 0 
 0 
 0 
 0 
 0 
 0 
 0 
 0 
 0 
 0 
 0 
 0 
 0 
 0 
 0 
 0 
 0 
 0 
 0 
 0 
 0 
 0 
 0 
 0 
 0 
 0 
 0 
 0 
 0 
 0 
 0 
 0 
 0 
 0 
 0 
 0 
 0 
 0 
 0 
 0 
 0 
 0 
 0 
 0 
 0 
 0 
 0 
 0 
 0 
 0 
 0 
 0 
 0 
 0 
 0 
 0 
 0 
 0 
 0 
 0 
 0 
 0 
 0 
 0 
 0 
 0 
 0 
 0 
 0 
 0 
 0 
 0 
 0 
 0 
 0 
 0 
 0 
 0 
 0 
 0 
 0 
 0 
 0 
 0 
 0 
 0 
 0 
 0 
 0 
 0 
 0 
 0 
 0 
 0 
 0 
 0 
 0 
 0 
 0 
 0 
 0 
 0 
 0 
 0 
 0 
 0 
 0 
 0 
 0 
 0 
 0 
 0 
 0 
 0 
 0 
 0 
 0 
 0 
 0 
 0 
 0 
 0 
 0 
 0 
 0 
 0 
 0 
 0 
 0 
 0 
 0 
 0 
 0 
 0 
 0 
 0 
 0 
 0 
 0 
 0 
 0 
 0 
 0 
 0 
 0 
 0 
 0 
 0 
 0 
 0 
 0 
 0 
 0 
 0 
 0 
 0 
 0 
 0 
 0 
 0 
 0 
 0 
 0 
 0 
 0 
 0 
 0 
 0 
 0 
 0 
 0 
 0 
 8,46740050804403E-04 
 8,46740050804403E-04 
 1,69348010160881E-03 
 1,69348010160881E-03 
 2,54022015241321E-03 
 3,38696020321761E-03 
 4,23370025402202E-03 
 5,92718035563082E-03 
 6,77392040643522E-03 
 8,46740050804403E-03 
 9,31414055884843E-03 
 1,10076206604572E-02 
 0,012701100762066 
 1,43945808636749E-02 
 1,69348010160881E-02 
 1,86282811176969E-02 
 1,94750211685013E-02 
 2,20152413209145E-02 
 2,37087214225233E-02 
 2,62489415749365E-02 
 2,87891617273497E-02 
 1,52413209144793E-02 
 1,60880609652837E-02 
 1,77815410668925E-02 
 1,86282811176969E-02 
 2,03217612193057E-02 
 2,20152413209145E-02 
 2,45554614733277E-02 
 3,64098221845893E-02 
 4,91109229466554E-02 
 3,47163420829805E-02 
 3,55630821337849E-02 
 3,89500423370025E-02 
 4,06435224386113E-02 
 3,89500423370025E-02 
 0,052497883149873 
 0,048264182895851 
 5,16511430990686E-02 
 0,052497883149873 
 7,36663844199831E-02 
 9,06011854360711E-02 
 9,73751058425063E-02 
 0,100762066045724 
 0,104995766299746 
 9,22946655376799E-02 
 9,39881456392887E-02 
 0,103302286198137 
 0,107535986452159 
 0,110922946655377 
 0,12108382726503 
 0,131244707874682 
 0,1346316680779 
 0,11346316680779 
 0,14225232853514 
 0,146486028789162 
 0,149872988992379 
 0,154106689246401 
 0,157493649449619 
 0,161727349703641 
 0,165961049957663 
 0,169348010160881 
 0,173581710414903 
 0,177815410668925 
 0,181202370872142 
 0,185436071126164 
 0,189669771380186 
 0,193056731583404 
 0,197290431837426 
 0,201524132091448 
 0,20575783234547 
 0,209144792548688 
 0,21337849280271 
 0,217612193056732 
 0,150719729043184 
 0,157493649449619 
 0,167654530059272 
 0,196443691786621 
 0,201524132091448 
 0,204911092294666 
 0,191363251481795 
 0,194750211685013 
 0,19813717188823 
 0,200677392040644 
 0,115156646909399 
 0,114309906858594 
 0,118543607112616 
 0,122777307366638 
 0,249788314987299 
 0,244707874682472 
 0,251481795088908 
 0,232006773920406 
 0,152413209144793 
 0,154953429297206 
 0,156646909398815 
 0,15580016934801 
 0,179508890770533 
 0,197290431837426 
 0,159187129551228 
 0,164267569856054 
 0,172734970364098 
 0,197290431837426 
 0,220152413209145 
 0,20575783234547 
 0,280270956816257 
 0,279424216765453 
 0,282811176968671 
 0,282811176968671 
 0,285351397121084 
 0,288738357324301 
 0,292125317527519 
 0,114309906858594 
 0,111769686706181 
 9,39881456392887E-02 
 0,102455546147333 
 9,65283657917019E-02 
 9,31414055884843E-02 
 9,82218458933107E-02 
 9,90685859441152E-02 
 9,99153259949196E-02 
 0,351397121083827 
 0,354784081287045 
 0,358171041490262 
 0,34038950042337 
 0,34801016088061 
 0,350550381033023 
 0,349703640982218 
 0,353090601185436 
 0,355630821337849 
 0,381033022861981 
 0,348856900931414 
 0,342929720575783 
 0,354784081287045 
 0,412362404741744 
 0,410668924640135 
 0,414055884843353 
 0,413209144792549 
 0,46740050804403 
 0,471634208298052 
 0,47502116850127 
 0,478408128704488 
 0,48264182895851 
 0,486028789161727 
 0,489415749364945 
 0,492802709568163 
 0,497036409822185 
 0,500423370025402 
 0,50381033022862 
 0,507197290431837 
 0,510584250635055 
 0,514817950889077 
 0,518204911092295 
 0,521591871295512 
 0,52497883149873 
 0,528365791701948 
 0,531752751905165 
 0,535139712108383 
 0,5385266723116 
 0,542760372565622 
 0,54614733276884 
 0,549534292972058 
 0,552921253175275 
 0,556308213378493 
 0,55969517358171 
 0,563082133784928 
 0,566469093988146 
 0,569009314140559 
 0,572396274343776 
 0,575783234546994 
 0,5385266723116 
 0,513124470787468 
 0,486028789161727 
 0,518204911092295 
 0,521591871295512 
 0,577476714648603 
 0,53259949195597 
 0,530059271803556 
 0,514817950889077 
 0,51735817104149 
 0,519898391193903 
 0,528365791701948 
 0,57493649449619 
 0,441151566469094 
 0,442845046570703 
 0,451312447078747 
 0,441151566469094 
 0,468247248094835 
 0,438611346316681 
 0,306519898391194 
 0,314987298899238 
 0,335309060118544 
 0,343776460626588 
 0,358171041490262 
 0,366638441998307 
 0,381033022861981 
 0,402201524132091 
 0,417442845046571 
 0,425910245554615 
 0,327688399661304 
 0,329381879762913 
 0,404741744284505 
 0,304826418289585 
 0,312447078746825 
 0,307366638441998 
 0,274343776460627 
 0,309906858594412 
 0,310753598645216 
 0,31922099915326 
 0,292125317527519 
 0,287044877222693 
 0,281117696867062 
 0,281964436917866 
 0,310753598645216 
 0,29805249788315 
 0,320914479254869 
 0,328535139712108 
 0,344623200677392 
 0,309906858594412 
 0,288738357324301 
 0,246401354784081 
 0,232853513971211 
 0,24809483488569 
 0,248941574936494 
 0,21337849280271 
 0,220999153259949 
 0,221845893310754 
 0,215071972904318 
 0,215918712955123 
 0,201524132091448 
 0,202370872142252 
 0,195596951735817 
 0,203217612193057 
 0,204064352243861 
 0,212531752751905 
 0,21337849280271 
 0,21337849280271 
 0,214225232853514 
 0,207451312447079 
 0,207451312447079 
 0,215918712955123 
 0,224386113463167 
 0,225232853513971 
 0,226079593564776 
 0,242167654530059 
 0,243014394580864 
 0,227773073666384 
 0,251481795088908 
 0,276037256562235 
 0,27688399661304 
 0,2692633361558 
 0,270110076206605 
 0,262489415749365 
 0,247248094834886 
 0,24047417442845 
 0,24047417442845 
 0,248941574936494 
 0,249788314987299 
 0,250635055038103 
 0,250635055038103 
 0,259949195596952 
 0,252328535139712 
 0,252328535139712 
 0,237087214225233 
 0,237087214225233 
 0,229466553767993 
 0,230313293818798 
 0,263336155800169 
 0,25571549534293 
 0,265029635901778 
 0,24047417442845 
 0,248941574936494 
 0,249788314987299 
 0,258255715495343 
 0,317527519051651 
 0,309060118543607 
 0,318374259102456 
 0,352243861134632 
 0,395427603725656 
 0,429297205757832 
 0,455546147332769 
 0,464860287891617 
 0,465707027942422 
 0,55969517358171 
 0,696020321761219 
 0,697713801862828 
 0,681625740897544 
 0,682472480948349 
 0,717188823031329 
 0,718882303132938 
 0,719729043183743 
 0,677392040643522 
 0,678238780694327 
 0,670618120237087 
 0,732430143945809 
 0,612193056731583 
 0,682472480948349 
 0,691786621507197 
 0,692633361558002 
 0,70194750211685 
 0,338696020321761 
 0,356477561388654 
 0,34801016088061 
 0,34801016088061 
 0,365791701947502 
 0,348856900931414 
 0,366638441998307 
 0,393734123624047 
 0,569009314140559 
 0,560541913632515 
 0,561388653683319 
 0,500423370025402 
 0,518204911092295 
 0,615580016934801 
 0,615580016934801 
 0,572396274343776 
 0,599491955969517 
 0,564775613886537 
 0,582557154953429 
 0,627434377646063 
 0,530059271803556 
 0,778154106689246 
 0,592718035563082 
 0,593564775613887 
 0,593564775613887 
 0,593564775613887 
 0,691786621507197 
 0,701100762066046 
 0,701100762066046 
 0,719729043183743 
 0,729043183742591 
 0,693480101608806 
 0,693480101608806 
 0,801016088060965 
 0,792548687552921 
 0,792548687552921 
 0,792548687552921 
 0,80186282811177 
 0,793395427603726 
 0,820491109229467 
 0,820491109229467 
 0,811176968670618 
 0,79424216765453 
 0,79424216765453 
 0,34801016088061 
 0,320914479254869 
 0,392887383573243 
 0,401354784081287 
 0,41913632514818 
 0,597798475867909 
 0,839119390347163 
 0,705334462320068 
 0,713801862828112 
 0,713801862828112 
 0,72311600338696 
 0,722269263336156 
 0,731583403895004 
 0,731583403895004 
 0,731583403895004 
 0,7307366638442 
 0,748518204911092 
 0,7307366638442 
 0,7307366638442 
 0,614733276883997 
 0,605419136325148 
 0,623200677392041 
 0,578323454699407 
 0,542760372565622 
 0,551227773073666 
 0,506350550381033 
 0,514817950889077 
 0,53259949195597 
 0,497036409822185 
 0,576629974597799 
 0,558001693480102 
 0,522438611346317 
 0,486875529212532 
 0,389500423370025 
 0,388653683319221 
 0,344623200677392 
 0,353090601185436 
 0,370025402201524 
 0,352243861134632 
 0,396274343776461 
 0,378492802709568 
 0,386960203217612 
 0,377646062658764 
 0,368331922099915 
 0,350550381033023 
 0,227773073666384 
 0,270956816257409 
 0,253175275190517 
 0,244707874682472 
 0,253175275190517 
 0,270110076206605 
 0,270110076206605 
 0,321761219305673 
 0,287044877222693 
 0,259949195596952 
 0,251481795088908 
 0,233700254022015 
 0,225232853513971 
 0,250635055038103 
 0,241320914479255 
 0,215071972904318 
 0,215071972904318 
 0,223539373412362 
 0,171888230313294 
 0,171041490262489 
 0,171041490262489 
 0,171041490262489 
 0,171041490262489 
 0,178662150719729 
 0,195596951735817 
 0,195596951735817 
 0,203217612193057 
 0,237087214225233 
 0,236240474174428 
 0,236240474174428 
 0,252328535139712 
 0,260795935647756 
 0,268416596104996 
 0,268416596104996 
 0,409822184589331 
 0,367485182049111 
 0,342082980524979 
 0,38272650296359 
 0,39034716342083 
 0,430990685859441 
 0,430143945808637 
 0,363251481795089 
 0,519051651143099 
 0,525825571549534 
 0,738357324301439 
 0,606265876375953 
 0,5961049957663 
 0,676545300592718 
 0,610499576629975 
 0,633361558001693 
 0,624047417442845 
 0,63082133784928 
 0,620660457239627 
 0,579170194750212 
 0,562235393734124 
 0,560541913632515 
 0,591024555461473 
 0,796782387806943 
 0,795088907705334 
 0,793395427603726 
 0,790855207451312 
 0,789161727349704 
 0,78662150719729 
 0,761219305673158 
 0,774767146486029 
 0,39034716342083 
 0,397121083827265 
 0,426756985605419 
 0,403048264182896 
 0,355630821337849 
 0,35393734123624 
 0,299745977984759 
 0,291278577476715 
 0,29043183742591 
 0,563082133784928 
 0,55376799322608 
 0,597798475867909 
 0,603725656223539 
 0,602032176121931 
 0,599491955969517 
 0,597798475867909 
 0,5961049957663 
 0,594411515664691 
 0,614733276883997 
 0,590177815410669 
 0,5961049957663 
 0,571549534292972 
 0,50381033022862 
 0,502116850127011 
 0,60965283657917 
 0,607112616426757 
 0,605419136325148 
 0,610499576629975 
 0,607959356477561 
 0,577476714648603 
 0,57493649449619 
 0,573243014394581 
 0,613039796782388 
 0,610499576629975 
 0,615580016934801 
 0,619813717188823 
 0,590177815410669 
 0,608806096528366 
 0,606265876375953 
 0,610499576629975 
 0,58086367485182 
 0,591871295512278 
 0,616426756985605 
 0,620660457239627 
 0,618120237087214 
 0,602032176121931 
 0,579170194750212 
 0,570702794242168 
 0,528365791701948 
 0,525825571549534 
 0,523285351397121 
 0,541066892464014 
 0,29805249788315 
 0,284504657070279 
 0,276037256562235 
 0,275190516511431 
 0,267569856054191 
 0,265876375952583 
 0,265029635901778 
 0,226079593564776 
 0,212531752751905 
 0,180355630821338 
 0,179508890770533 
 0,171888230313294 
 0,165114309906859 
 0,164267569856054 
 0,16342082980525 
 0,162574089754445 
 0,173581710414903 
 0,149026248941575 
 0,136325148179509 
 0,153259949195597 
 0,158340389500423 
 0,145639288738357 
 0,144792548687553 
 0,143945808636749 
 0,137171888230313 
 0,159187129551228 
 0,158340389500423 
 0,157493649449619 
 0,167654530059272 
 0,172734970364098 
 0,292972057578323 
 0,275190516511431 
 0,278577476714649 
 0,27688399661304 
 0,259102455546147 
 0,21930567315834 
 0,218458933107536 
 0,216765453005927 
 0,183742591024555 
 0,349703640982218 
 0,388653683319221 
 0,401354784081287 
 0,383573243014395 
 0,243861134631668 
 0,237087214225233 
 0,24047417442845 
 0,209144792548688 
 0,207451312447079 
 0,210838272650296 
 0,272650296359018 
 0,280270956816257 
 0,273497036409822 
 0,309060118543607 
 0,292125317527519 
 0,318374259102456 
 0,34801016088061 
 0,336155800169348 
 0,333615580016935 
 0,331075359864522 
 0,395427603725656 
 0,392040643522439 
 0,388653683319221 
 0,39034716342083 
 0,425910245554615 
 0,408975444538527 
 0,144792548687553 
 0,143945808636749 
 0,14225232853514 
 0,141405588484335 
 0,136325148179509 
 0,16342082980525 
 0,161727349703641 
 0,15580016934801 
 0,154953429297206 
 0,153259949195597 
 0,151566469093988 
 0,1346316680779 
 0,137171888230313 
 0,132091447925487 
 0,104149026248942 
 9,99153259949196E-02 
 9,90685859441152E-02 
 9,39881456392887E-02 
 8,97544453852667E-02 
 0,208298052497883 
 0,244707874682472 
 0,321761219305673 
 0,318374259102456 
 0,314140558848434 
 0,333615580016935 
 0,330228619813717 
 0,208298052497883 
 0,254868755292125 
 0,251481795088908 
 0,242167654530059 
 0,263336155800169 
 0,259949195596952 
 0,259949195596952 
 0,253175275190517 
 0,253175275190517 
 0,249788314987299 
 0,243014394580864 
 0,239627434377646 
 0,20575783234547 
 0,175275190516511 
 0,229466553767993 
 0,226079593564776 
 0,222692633361558 
 0,221845893310754 
 0,215918712955123 
 0,209991532599492 
 0,204064352243861 
 0,19813717188823 
 0,154953429297206 
 0,154106689246401 
 0,158340389500423 
 0,144792548687553 
 0,139712108382726 
 0,137171888230313 
 0,132938187976291 
 0,130397967823878 
 0,125317527519052 
 0,145639288738357 
 5,33446232006774E-02 
 0,052497883149873 
 0,044030482641829 
 4,48772226926334E-02 
 4,74174428450466E-02 
 4,23370025402202E-02 
 4,74174428450466E-02 
 0,044030482641829 
 4,31837425910246E-02 
 4,57239627434378E-02 
 3,97967823878069E-02 
 3,55630821337849E-02 
 3,72565622353937E-02 
 3,38696020321761E-02 
 3,30228619813717E-02 
 3,21761219305673E-02 
 3,21761219305673E-02 
 3,13293818797629E-02 
 3,55630821337849E-02 
 3,55630821337849E-02 
 3,72565622353937E-02 
 3,64098221845893E-02 
 3,47163420829805E-02 
 3,47163420829805E-02 
 3,21761219305673E-02 
 3,21761219305673E-02 
 3,13293818797629E-02 
 3,21761219305673E-02 
 2,87891617273497E-02 
 3,13293818797629E-02 
 3,13293818797629E-02 
 2,79424216765453E-02 
 2,62489415749365E-02 
 2,03217612193057E-02 
 2,20152413209145E-02 
 2,20152413209145E-02 
 2,11685012701101E-02 
 2,03217612193057E-02 
 1,94750211685013E-02 
 1,86282811176969E-02 
 3,64098221845893E-02 
 3,38696020321761E-02 
 1,77815410668925E-02 
 1,52413209144793E-02 
 1,43945808636749E-02 
 1,43945808636749E-02 
 1,60880609652837E-02 
 1,35478408128704E-02 
 1,18543607112616E-02 
 1,10076206604572E-02 
 8,46740050804403E-03 
 7,62066045723963E-03 
 6,77392040643522E-03 
 5,92718035563082E-03 
 5,92718035563082E-03 
 5,08044030482642E-03 
 4,23370025402202E-03 
 3,38696020321761E-03 
 2,54022015241321E-03 
 2,54022015241321E-03 
 1,69348010160881E-03 
 1,69348010160881E-03 
 8,46740050804403E-04 
 8,46740050804403E-04 
 8,46740050804403E-04 
 8,46740050804403E-04 
 0 
 0 
 0 
 0 
 0 
 0 
 0 
 0 
 0 
 0 
 0 
 0 
 0 
 0 
 0 
 0 
 0 
 0 
 0 
 0 
 0 
 0 
 0 
 0 
 0 
 0 
 0 
 0 
 0 
 0 
 0 
 0 
 0 
 0 
 0 
 0 
 0 
 0 
 0 
 0 
 0 
 0 
 0 
 0 
 0 
 0 
 0 
 0 
 0 
 0 
 0 
 0 
 0 
 0 
 0 
 0 
 0 
 0 
 0 
 0 
 0 
 0 
 0 
 0 
 0 
 0 
 0 
 0 
 0 
 0 
 0 
 0 
 0 
 0 
 0 
 0 
 0 
 0 
 0 
 0 
 0 
 0 
 0 
 0 
 0 
 0 
 0 
 0 
 0 
 0 
 0 
 0 
 0 
 0 
 0 
 0 
 0 
 0 
 0 
 0 
 0 
 0 
 0 
 0 
 0 
 0 
 0 
 0 
 0 
 0 
 0 
 0 
 0 
 0 
 0 
 0 
 0 
 0 
 0 
 0 
 0 
 0 
 0 
 0 
 0 
 0 
 0 
 0 
 0 
 0 
 0 
 0 
 0 
 0 
 0 
 0 
 0 
 0 
 0 
 0 
 0 
 0 
 0 
 0 
 0 
 0 
 0 
 0 
 0 
 0 
 0 
 0 
 0 
 0 
 0 
 0 
 0 
 0 
 0 
 0 
 0 
 0 
 0 
 0 
 0 
 0 
 0 
 0 
 0 
 0 
 0 
 0 
 0 
 0 
 0 
 0 
 0 
 0 
 0 
 0 
 0 
 0 
 0 
 0 
 0 
 0 
 0 
 0 
 0 
 0 
 0 
 0 
 0 
 0 
 0 
 0 
 0 
 0 
 0 
 0 
 0 
 0 
 0 
 0 
 0 
 0 
 0 
 0 
 0 
 0 
 0 
 0 
 0 
 0 
 0 
 0 
 0 
 0 
 0 
 0 
 0 
 0 
 0 
 0 
 0 
 0 
 0 
 0 
 0 
 0 
 0 
 0 
 0 
 0 
 0 
 0 
 0 
 0 
 0 
 0 
 0 
 0 
 0 
 0 
 0 
 0 
 0 
 0 
 0 
 0 
 0 
 0 
 0 
 0 
 0 
 0 
 0 
 0 
 0 
 0 
 0 
 0 
 0 
 0 
 0 
 0 
 0 
 0 
 0 
 0 
 0 
 0 
 0 
 0 
 0 
 0 
 0 
 0 
 0 
 0 
 0 
 0 
 0 
 0 
 0 
 0 
 0 
 0 
 0 
 0 
 0 
 0 
 0 
 0 
 0 
 0 
 0 
 0 
 0 
 0 
 0 
 0 
 0 
 0 
 0 
 0 
 0 
 0 
 0 
 0 
 0 
 0 
 0 
