 0 
 0 
 0 
 0 
 0 
 0 
 0 
 0 
 0 
 0 
 0 
 0 
 0 
 0 
 0 
 0 
 0 
 0 
 0 
 0 
 0 
 0 
 0 
 0 
 0 
 0 
 0 
 0 
 0 
 0 
 0 
 0 
 0 
 0 
 0 
 0 
 0 
 0 
 0 
 0 
 0 
 0 
 0 
 0 
 0 
 0 
 0 
 0 
 0 
 0 
 0 
 0 
 0 
 0 
 0 
 0 
 0 
 0 
 0 
 0 
 0 
 0 
 0 
 0 
 0 
 0 
 0 
 0 
 0 
 0 
 0 
 0 
 0 
 0 
 0 
 0 
 0 
 0 
 0 
 0 
 0 
 0 
 0 
 0 
 0 
 0 
 0 
 0 
 0 
 0 
 0 
 0 
 0 
 0 
 0 
 0 
 0 
 0 
 0 
 0 
 0 
 0 
 0 
 0 
 0 
 0 
 0 
 0 
 0 
 0 
 0 
 0 
 0 
 0 
 0 
 0 
 0 
 0 
 0 
 0 
 0 
 0 
 0 
 0 
 0 
 0 
 0 
 0 
 0 
 0 
 0 
 0 
 0 
 0 
 0 
 0 
 0 
 0 
 0 
 0 
 0 
 0 
 0 
 0 
 0 
 0 
 0 
 0 
 0 
 0 
 0 
 0 
 0 
 0 
 0 
 0 
 0 
 0 
 0 
 0 
 0 
 0 
 0 
 0 
 0 
 0 
 0 
 0 
 0 
 0 
 0 
 0 
 0 
 0 
 0 
 0 
 0 
 0 
 0 
 0 
 0 
 0 
 0 
 0 
 0 
 0 
 0 
 0 
 0 
 0 
 0 
 0 
 0 
 0 
 0 
 0 
 0 
 0 
 0 
 0 
 0 
 0 
 0 
 0 
 0 
 0 
 0 
 0 
 0 
 0 
 0 
 0 
 0 
 0 
 0 
 0 
 0 
 0 
 0 
 0 
 0 
 0 
 0 
 0 
 0 
 0 
 0 
 0 
 0 
 0 
 0 
 0 
 0 
 0 
 0 
 0 
 0 
 0 
 0 
 0 
 0 
 0 
 0 
 0 
 0 
 0 
 0 
 0 
 0 
 0 
 0 
 0 
 0 
 0 
 0 
 0 
 0 
 0 
 0 
 0 
 0 
 0 
 0 
 0 
 0 
 0 
 0 
 0 
 0 
 0 
 0 
 0 
 0 
 0 
 0 
 0 
 0 
 0 
 0 
 0 
 0 
 0 
 0 
 0 
 0 
 0 
 0 
 0 
 0 
 0 
 0 
 0 
 0 
 0 
 0 
 0 
 0 
 0 
 0 
 0 
 0 
 0 
 0 
 0 
 0 
 0 
 0 
 0 
 0 
 0 
 0 
 0 
 0 
 0 
 0 
 0 
 0 
 0 
 0 
 0 
 0 
 0 
 0 
 0 
 0 
 0 
 0 
 0 
 0 
 0 
 0 
 0 
 0 
 0 
 0 
 0 
 0 
 0 
 0 
 0 
 0 
 0 
 0 
 0 
 0 
 0 
 0 
 0 
 0 
 0 
 0 
 0 
 0 
 0 
 0 
 0 
 0 
 0 
 0 
 0 
 0 
 0 
 0 
 0 
 0 
 0 
 0 
 0 
 0 
 0 
 0 
 0 
 0 
 0 
 0 
 0 
 0 
 0 
 0 
 0 
 0 
 0 
 0 
 0 
 0 
 0 
 0 
 0 
 0 
 0 
 0 
 0 
 0 
 0 
 0 
 0 
 0 
 0 
 0 
 0 
 0 
 0 
 0 
 0 
 0 
 0 
 0 
 0 
 0 
 0 
 0 
 0 
 0 
 0 
 0 
 0 
 0 
 0 
 0 
 0 
 0 
 0 
 0 
 0 
 0 
 0 
 0 
 0 
 0 
 0 
 0 
 0 
 0 
 0 
 0 
 0 
 0 
 0 
 8,46740050804403E-04 
 8,46740050804403E-04 
 8,46740050804403E-04 
 8,46740050804403E-04 
 8,46740050804403E-04 
 8,46740050804403E-04 
 8,46740050804403E-04 
 1,69348010160881E-03 
 1,69348010160881E-03 
 1,69348010160881E-03 
 1,69348010160881E-03 
 1,69348010160881E-03 
 1,69348010160881E-03 
 2,54022015241321E-03 
 3,38696020321761E-03 
 3,38696020321761E-03 
 5,08044030482642E-03 
 5,08044030482642E-03 
 5,92718035563082E-03 
 5,92718035563082E-03 
 5,92718035563082E-03 
 7,62066045723963E-03 
 7,62066045723963E-03 
 7,62066045723963E-03 
 7,62066045723963E-03 
 8,46740050804403E-03 
 9,31414055884843E-03 
 1,01608806096528E-02 
 1,01608806096528E-02 
 1,01608806096528E-02 
 1,43945808636749E-02 
 1,52413209144793E-02 
 1,60880609652837E-02 
 1,69348010160881E-02 
 1,69348010160881E-02 
 1,77815410668925E-02 
 2,03217612193057E-02 
 2,37087214225233E-02 
 2,11685012701101E-02 
 2,11685012701101E-02 
 2,20152413209145E-02 
 3,04826418289585E-02 
 3,04826418289585E-02 
 3,13293818797629E-02 
 2,96359017781541E-02 
 3,30228619813717E-02 
 3,38696020321761E-02 
 3,47163420829805E-02 
 3,64098221845893E-02 
 3,72565622353937E-02 
 3,47163420829805E-02 
 3,72565622353937E-02 
 3,55630821337849E-02 
 3,64098221845893E-02 
 3,89500423370025E-02 
 3,97967823878069E-02 
 4,06435224386113E-02 
 4,31837425910246E-02 
 0,044030482641829 
 4,74174428450466E-02 
 0,065198983911939 
 6,43522438611346E-02 
 6,35055038103302E-02 
 7,11261642675699E-02 
 7,87468247248095E-02 
 8,38272650296359E-02 
 9,22946655376799E-02 
 9,99153259949196E-02 
 9,14479254868755E-02 
 8,63674851820491E-02 
 8,55207451312447E-02 
 7,36663844199831E-02 
 7,70533446232007E-02 
 6,68924640135478E-02 
 0,065198983911939 
 6,85859441151566E-02 
 7,45131244707875E-02 
 7,87468247248095E-02 
 6,43522438611346E-02 
 6,26587637595258E-02 
 6,35055038103302E-02 
 7,79000846740051E-02 
 7,95935647756139E-02 
 7,53598645215919E-02 
 0,12108382726503 
 0,111769686706181 
 0,118543607112616 
 0,108382726502964 
 0,116003386960203 
 0,154106689246401 
 0,195596951735817 
 0,235393734123624 
 0,197290431837426 
 0,161727349703641 
 0,160880609652837 
 0,159187129551228 
 0,214225232853514 
 0,306519898391194 
 0,317527519051651 
 0,324301439458086 
 0,303979678238781 
 0,276037256562235 
 0,282811176968671 
 0,271803556308213 
 0,248941574936494 
 0,186282811176969 
 0,192209991532599 
 0,186282811176969 
 0,17696867061812 
 0,342082980524979 
 0,296359017781541 
 0,298899237933954 
 0,305673158340389 
 0,344623200677392 
 0,387806943268417 
 0,359017781541067 
 0,359017781541067 
 0,35393734123624 
 0,348856900931414 
 0,402201524132091 
 0,405588484335309 
 0,387806943268417 
 0,348856900931414 
 0,360711261642676 
 0,403048264182896 
 0,41913632514818 
 0,423370025402202 
 0,224386113463167 
 0,235393734123624 
 0,228619813717189 
 0,253175275190517 
 0,181202370872142 
 0,182049110922947 
 0,188823031329382 
 0,194750211685013 
 0,196443691786621 
 0,275190516511431 
 0,27688399661304 
 0,274343776460627 
 0,108382726502964 
 0,109229466553768 
 0,115156646909399 
 0,116003386960203 
 0,116850127011008 
 0,107535986452159 
 0,11346316680779 
 0,114309906858594 
 0,109229466553768 
 0,115156646909399 
 0,12701100762066 
 0,127857747671465 
 0,122777307366638 
 0,123624047417443 
 0,146486028789162 
 0,147332768839966 
 0,143099068585944 
 0,381033022861981 
 0,378492802709568 
 0,246401354784081 
 0,287044877222693 
 0,260795935647756 
 0,386960203217612 
 0,497883149872989 
 0,483488569009314 
 0,486875529212532 
 0,489415749364945 
 0,521591871295512 
 0,518204911092295 
 0,592718035563082 
 0,595258255715495 
 0,598645215918713 
 0,602032176121931 
 0,605419136325148 
 0,608806096528366 
 0,611346316680779 
 0,614733276883997 
 0,618120237087214 
 0,620660457239627 
 0,624047417442845 
 0,627434377646063 
 0,629974597798476 
 0,633361558001693 
 0,635901778154107 
 0,639288738357324 
 0,642675698560542 
 0,645215918712955 
 0,648602878916173 
 0,651143099068586 
 0,654530059271804 
 0,657070279424217 
 0,653683319220999 
 0,662997459779848 
 0,665537679932261 
 0,668924640135478 
 0,671464860287892 
 0,674005080440305 
 0,677392040643522 
 0,679932260795936 
 0,682472480948349 
 0,685859441151566 
 0,68839966130398 
 0,690939881456393 
 0,693480101608806 
 0,696867061812024 
 0,699407281964437 
 0,70194750211685 
 0,704487722269263 
 0,707027942421677 
 0,70956816257409 
 0,712108382726503 
 0,714648602878916 
 0,681625740897544 
 0,698560541913632 
 0,693480101608806 
 0,724809483488569 
 0,727349703640982 
 0,729889923793395 
 0,732430143945809 
 0,734970364098222 
 0,737510584250635 
 0,740050804403048 
 0,742591024555461 
 0,745131244707875 
 0,746824724809483 
 0,749364944961897 
 0,75190516511431 
 0,754445385266723 
 0,756138865368332 
 0,758679085520745 
 0,761219305673158 
 0,762912785774767 
 0,513124470787468 
 0,498729889923793 
 0,754445385266723 
 0,740897544453853 
 0,564775613886537 
 0,504657070279424 
 0,529212531752752 
 0,686706181202371 
 0,180355630821338 
 0,172734970364098 
 0,212531752751905 
 0,21337849280271 
 0,220999153259949 
 0,221845893310754 
 0,150719729043184 
 0,143099068585944 
 0,127857747671465 
 0,127857747671465 
 0,128704487722269 
 0,128704487722269 
 0,137171888230313 
 0,129551227773074 
 0,129551227773074 
 0,138018628281118 
 0,121930567315834 
 0,114309906858594 
 9,82218458933107E-02 
 9,82218458933107E-02 
 9,06011854360711E-02 
 9,06011854360711E-02 
 9,90685859441152E-02 
 9,06011854360711E-02 
 0,116003386960203 
 0,116003386960203 
 0,116003386960203 
 0,108382726502964 
 0,108382726502964 
 0,108382726502964 
 0,108382726502964 
 0,109229466553768 
 0,100762066045724 
 0,100762066045724 
 0,100762066045724 
 0,101608806096528 
 0,101608806096528 
 0,101608806096528 
 9,31414055884843E-02 
 8,46740050804403E-02 
 0,102455546147333 
 0,102455546147333 
 0,110922946655377 
 0,127857747671465 
 0,137171888230313 
 0,162574089754445 
 0,171888230313294 
 0,180355630821338 
 0,154953429297206 
 0,146486028789162 
 0,12108382726503 
 0,129551227773074 
 0,12108382726503 
 0,129551227773074 
 0,138865368331922 
 0,130397967823878 
 0,130397967823878 
 0,130397967823878 
 0,130397967823878 
 0,121930567315834 
 0,131244707874682 
 0,131244707874682 
 0,139712108382726 
 0,139712108382726 
 0,122777307366638 
 0,114309906858594 
 9,65283657917019E-02 
 9,65283657917019E-02 
 8,80609652836579E-02 
 9,65283657917019E-02 
 9,65283657917019E-02 
 8,80609652836579E-02 
 8,80609652836579E-02 
 9,73751058425063E-02 
 0,10584250635055 
 0,10584250635055 
 7,95935647756139E-02 
 9,73751058425063E-02 
 9,73751058425063E-02 
 8,89077053344623E-02 
 8,89077053344623E-02 
 8,89077053344623E-02 
 9,73751058425063E-02 
 0,115156646909399 
 0,115156646909399 
 0,106689246401355 
 0,116003386960203 
 0,124470787468247 
 0,124470787468247 
 0,124470787468247 
 0,124470787468247 
 0,124470787468247 
 0,116003386960203 
 0,106689246401355 
 9,82218458933107E-02 
 0,106689246401355 
 0,116003386960203 
 0,116003386960203 
 9,82218458933107E-02 
 9,82218458933107E-02 
 8,89077053344623E-02 
 8,89077053344623E-02 
 8,04403048264183E-02 
 8,04403048264183E-02 
 7,11261642675699E-02 
 7,11261642675699E-02 
 9,82218458933107E-02 
 9,82218458933107E-02 
 9,82218458933107E-02 
 9,82218458933107E-02 
 8,89077053344623E-02 
 8,89077053344623E-02 
 8,04403048264183E-02 
 8,04403048264183E-02 
 8,04403048264183E-02 
 7,11261642675699E-02 
 6,26587637595258E-02 
 6,26587637595258E-02 
 4,48772226926334E-02 
 4,48772226926334E-02 
 5,33446232006774E-02 
 5,33446232006774E-02 
 5,33446232006774E-02 
 0,044030482641829 
 0,044030482641829 
 0,044030482641829 
 3,55630821337849E-02 
 3,55630821337849E-02 
 3,55630821337849E-02 
 3,55630821337849E-02 
 3,55630821337849E-02 
 3,55630821337849E-02 
 0,044030482641829 
 0,044030482641829 
 0,044030482641829 
 5,33446232006774E-02 
 0,052497883149873 
 6,18120237087214E-02 
 6,18120237087214E-02 
 7,02794242167655E-02 
 7,02794242167655E-02 
 6,18120237087214E-02 
 6,18120237087214E-02 
 0,052497883149873 
 0,052497883149873 
 0,052497883149873 
 0,060965283657917 
 0,060965283657917 
 0,060965283657917 
 0,060965283657917 
 0,069432684165961 
 0,069432684165961 
 7,79000846740051E-02 
 7,79000846740051E-02 
 7,79000846740051E-02 
 7,79000846740051E-02 
 0,069432684165961 
 0,069432684165961 
 7,79000846740051E-02 
 6,85859441151566E-02 
 6,85859441151566E-02 
 0,111769686706181 
 0,111769686706181 
 0,102455546147333 
 0,154106689246401 
 0,136325148179509 
 0,136325148179509 
 0,144792548687553 
 0,144792548687553 
 0,143945808636749 
 0,152413209144793 
 0,152413209144793 
 0,160880609652837 
 0,151566469093988 
 0,151566469093988 
 0,151566469093988 
 0,1346316680779 
 0,14225232853514 
 0,14225232853514 
 0,133784928027096 
 0,132938187976291 
 0,124470787468247 
 0,124470787468247 
 0,124470787468247 
 0,124470787468247 
 0,115156646909399 
 0,123624047417443 
 0,131244707874682 
 0,131244707874682 
 0,131244707874682 
 0,138865368331922 
 0,138865368331922 
 0,154953429297206 
 0,162574089754445 
 0,161727349703641 
 0,145639288738357 
 0,185436071126164 
 0,17696867061812 
 0,168501270110076 
 0,168501270110076 
 0,191363251481795 
 0,223539373412362 
 0,206604572396274 
 0,19813717188823 
 0,19813717188823 
 0,259949195596952 
 0,275190516511431 
 0,266723116003387 
 0,258255715495343 
 0,265876375952583 
 0,256562235393734 
 0,256562235393734 
 0,24809483488569 
 0,232006773920406 
 0,223539373412362 
 0,215071972904318 
 0,221845893310754 
 0,182895850973751 
 0,182895850973751 
 0,197290431837426 
 0,196443691786621 
 0,204064352243861 
 0,172734970364098 
 0,187129551227773 
 0,187129551227773 
 0,193903471634208 
 0,222692633361558 
 0,221845893310754 
 0,220999153259949 
 0,21337849280271 
 0,190516511430991 
 0,197290431837426 
 0,182049110922947 
 0,181202370872142 
 0,180355630821338 
 0,187129551227773 
 0,186282811176969 
 0,164267569856054 
 0,171041490262489 
 0,198983911939035 
 0,212531752751905 
 0,197290431837426 
 0,189669771380186 
 0,188823031329382 
 0,187976291278577 
 0,201524132091448 
 0,193903471634208 
 0,193056731583404 
 0,192209991532599 
 0,18458933107536 
 0,190516511430991 
 0,176121930567316 
 0,168501270110076 
 0,167654530059272 
 0,160880609652837 
 0,160033869602032 
 0,152413209144793 
 0,158340389500423 
 0,151566469093988 
 0,16342082980525 
 0,169348010160881 
 0,175275190516511 
 0,193903471634208 
 0,180355630821338 
 0,307366638441998 
 0,305673158340389 
 0,303979678238781 
 0,327688399661304 
 0,388653683319221 
 0,412362404741744 
 0,267569856054191 
 0,284504657070279 
 0,246401354784081 
 0,238780694326842 
 0,237087214225233 
 0,230313293818798 
 0,216765453005927 
 0,227773073666384 
 0,214225232853514 
 0,21337849280271 
 0,206604572396274 
 0,204911092294666 
 0,204064352243861 
 0,208298052497883 
 0,21337849280271 
 0,486875529212532 
 0,421676545300593 
 0,391193903471634 
 0,563082133784928 
 0,55969517358171 
 0,556308213378493 
 0,536833192209991 
 0,533446232006774 
 0,392887383573243 
 0,391193903471634 
 0,38272650296359 
 0,380186282811177 
 0,377646062658764 
 0,370025402201524 
 0,399661303979678 
 0,177815410668925 
 0,176121930567316 
 0,175275190516511 
 0,173581710414903 
 0,193056731583404 
 0,211685012701101 
 0,215071972904318 
 0,204064352243861 
 0,192209991532599 
 0,176121930567316 
 0,180355630821338 
 0,178662150719729 
 0,17696867061812 
 0,232853513971211 
 0,188823031329382 
 0,187129551227773 
 0,227773073666384 
 0,243861134631668 
 0,242167654530059 
 0,248941574936494 
 0,283657917019475 
 0,36155800169348 
 0,358171041490262 
 0,354784081287045 
 0,352243861134632 
 0,348856900931414 
 0,350550381033023 
 0,338696020321761 
 0,343776460626588 
 0,341236240474174 
 0,333615580016935 
 0,334462320067739 
 0,331075359864522 
 0,328535139712108 
 0,329381879762913 
 0,330228619813717 
 0,322607959356478 
 0,331075359864522 
 0,331922099915326 
 0,316680779000847 
 0,343776460626588 
 0,339542760372566 
 0,339542760372566 
 0,336155800169348 
 0,33276883996613 
 0,325148179508891 
 0,349703640982218 
 0,342082980524979 
 0,342082980524979 
 0,337849280270957 
 0,333615580016935 
 0,330228619813717 
 0,325994919559695 
 0,321761219305673 
 0,298899237933954 
 0,301439458086367 
 0,300592718035563 
 0,303132938187976 
 0,296359017781541 
 0,265029635901778 
 0,270956816257409 
 0,266723116003387 
 0,263336155800169 
 0,265029635901778 
 0,261642675698561 
 0,260795935647756 
 0,259102455546147 
 0,247248094834886 
 0,241320914479255 
 0,229466553767993 
 0,218458933107536 
 0,215071972904318 
 0,143099068585944 
 0,116003386960203 
 9,99153259949196E-02 
 0,126164267569856 
 0,121930567315834 
 0,128704487722269 
 0,124470787468247 
 0,117696867061812 
 0,119390347163421 
 0,126164267569856 
 0,175275190516511 
 0,169348010160881 
 0,193903471634208 
 0,189669771380186 
 0,186282811176969 
 0,183742591024555 
 0,172734970364098 
 6,26587637595258E-02 
 0,052497883149873 
 5,75783234546994E-02 
 5,84250635055038E-02 
 0,056731583403895 
 5,50381033022862E-02 
 0,052497883149873 
 4,65707027942422E-02 
 4,14902624894158E-02 
 3,89500423370025E-02 
 3,72565622353937E-02 
 3,38696020321761E-02 
 3,38696020321761E-02 
 3,21761219305673E-02 
 2,96359017781541E-02 
 3,64098221845893E-02 
 3,47163420829805E-02 
 3,38696020321761E-02 
 3,30228619813717E-02 
 7,87468247248095E-02 
 9,22946655376799E-02 
 8,89077053344623E-02 
 8,46740050804403E-02 
 7,62066045723963E-02 
 7,36663844199831E-02 
 7,11261642675699E-02 
 6,85859441151566E-02 
 0,065198983911939 
 6,68924640135478E-02 
 6,01185436071126E-02 
 5,58848433530906E-02 
 0,052497883149873 
 4,99576629974598E-02 
 4,74174428450466E-02 
 4,31837425910246E-02 
 4,06435224386113E-02 
 3,81033022861981E-02 
 3,55630821337849E-02 
 2,79424216765453E-02 
 2,62489415749365E-02 
 1,52413209144793E-02 
 2,45554614733277E-02 
 2,28619813717189E-02 
 2,11685012701101E-02 
 1,94750211685013E-02 
 1,60880609652837E-02 
 1,52413209144793E-02 
 0,012701100762066 
 1,69348010160881E-02 
 1,52413209144793E-02 
 1,35478408128704E-02 
 1,18543607112616E-02 
 1,01608806096528E-02 
 8,46740050804403E-03 
 6,77392040643522E-03 
 5,92718035563082E-03 
 4,23370025402202E-03 
 3,38696020321761E-03 
 2,54022015241321E-03 
 1,69348010160881E-03 
 1,69348010160881E-03 
 8,46740050804403E-04 
 8,46740050804403E-04 
 0 
 0 
 0 
 0 
 0 
 0 
 0 
 0 
 0 
 0 
 0 
 0 
 0 
 0 
 0 
 0 
 0 
 0 
 0 
 0 
 0 
 0 
 0 
 0 
 0 
 0 
 0 
 0 
 0 
 0 
 0 
 0 
 0 
 0 
 0 
 0 
 0 
 0 
 0 
 0 
 0 
 0 
 0 
 0 
 0 
 0 
 0 
 0 
 0 
 0 
 0 
 0 
 0 
 0 
 0 
 0 
 0 
 0 
 0 
 0 
 0 
 0 
 0 
 0 
 0 
 0 
 0 
 0 
 0 
 0 
 0 
 0 
 0 
 0 
 0 
 0 
 0 
 0 
 0 
 0 
 0 
 0 
 0 
 0 
 0 
 0 
 0 
 0 
 0 
 0 
 0 
 0 
 0 
 0 
 0 
 0 
 0 
 0 
 0 
 0 
 0 
 0 
 0 
 0 
 0 
 0 
 0 
 0 
 0 
 0 
 0 
 0 
 0 
 0 
 0 
 0 
 0 
 0 
 0 
 0 
 0 
 0 
 0 
 0 
 0 
 0 
 0 
 0 
 0 
 0 
 0 
 0 
 0 
 0 
 0 
 0 
 0 
 0 
 0 
 0 
 0 
 0 
 0 
 0 
 0 
 0 
 0 
 0 
 0 
 0 
 0 
 0 
 0 
 0 
 0 
 0 
 0 
 0 
 0 
 0 
 0 
 0 
 0 
 0 
 0 
 0 
 0 
 0 
 0 
 0 
 0 
 0 
 0 
 0 
 0 
 0 
 0 
 0 
 0 
 0 
 0 
 0 
 0 
 0 
 0 
 0 
 0 
 0 
 0 
 0 
 0 
 0 
 0 
 0 
 0 
 0 
 0 
 0 
 0 
 0 
 0 
 0 
 0 
 0 
 0 
 0 
 0 
 0 
 0 
 0 
 0 
 0 
 0 
 0 
 0 
 0 
 0 
 0 
 0 
 0 
 0 
 0 
 0 
 0 
 0 
 0 
 0 
 0 
 0 
 0 
 0 
 0 
 0 
 0 
 0 
 0 
 0 
 0 
 0 
 0 
 0 
 0 
 0 
 0 
 0 
 0 
 0 
 0 
 0 
 0 
 0 
 0 
 0 
 0 
 0 
 0 
 0 
 0 
 0 
 0 
 0 
 0 
 0 
 0 
 0 
 0 
 0 
 0 
 0 
 0 
 0 
 0 
 0 
 0 
 0 
 0 
 0 
 0 
 0 
 0 
 0 
 0 
 0 
 0 
 0 
 0 
 0 
 0 
 0 
 0 
 0 
 0 
 0 
 0 
 0 
 0 
 0 
 0 
 0 
 0 
 0 
 0 
 0 
 0 
 0 
 0 
 0 
 0 
 0 
 0 
 0 
