 0 
 0 
 0 
 0 
 0 
 0 
 0 
 0 
 0 
 0 
 0 
 0 
 0 
 0 
 0 
 0 
 0 
 0 
 0 
 0 
 0 
 0 
 0 
 0 
 0 
 0 
 0 
 0 
 0 
 0 
 0 
 0 
 0 
 0 
 0 
 0 
 0 
 0 
 0 
 0 
 0 
 0 
 0 
 0 
 0 
 0 
 0 
 0 
 0 
 0 
 0 
 0 
 0 
 0 
 0 
 0 
 0 
 0 
 0 
 0 
 0 
 0 
 0 
 0 
 0 
 0 
 0 
 0 
 0 
 0 
 0 
 0 
 0 
 0 
 0 
 0 
 0 
 0 
 0 
 0 
 0 
 0 
 0 
 0 
 0 
 0 
 0 
 0 
 0 
 0 
 0 
 0 
 0 
 0 
 0 
 0 
 0 
 0 
 0 
 0 
 0 
 0 
 0 
 0 
 0 
 0 
 0 
 0 
 0 
 0 
 0 
 0 
 0 
 0 
 0 
 0 
 0 
 0 
 0 
 0 
 0 
 0 
 0 
 0 
 0 
 0 
 0 
 0 
 0 
 0 
 0 
 0 
 0 
 0 
 0 
 0 
 0 
 0 
 0 
 0 
 0 
 0 
 0 
 0 
 0 
 0 
 0 
 0 
 0 
 0 
 0 
 0 
 0 
 0 
 0 
 0 
 0 
 0 
 0 
 0 
 0 
 0 
 0 
 0 
 0 
 0 
 0 
 0 
 0 
 0 
 0 
 0 
 0 
 0 
 0 
 0 
 0 
 0 
 0 
 0 
 0 
 0 
 0 
 0 
 0 
 0 
 0 
 0 
 0 
 0 
 0 
 0 
 0 
 0 
 0 
 0 
 0 
 0 
 0 
 0 
 0 
 0 
 0 
 0 
 0 
 0 
 0 
 0 
 0 
 0 
 0 
 0 
 0 
 0 
 0 
 0 
 0 
 0 
 0 
 0 
 0 
 0 
 0 
 0 
 0 
 0 
 0 
 0 
 0 
 0 
 0 
 0 
 0 
 0 
 0 
 0 
 0 
 0 
 0 
 0 
 0 
 0 
 0 
 0 
 0 
 0 
 0 
 0 
 0 
 0 
 0 
 0 
 0 
 0 
 0 
 0 
 0 
 0 
 0 
 0 
 0 
 0 
 0 
 0 
 0 
 0 
 0 
 0 
 0 
 0 
 0 
 0 
 0 
 0 
 0 
 0 
 0 
 0 
 0 
 0 
 0 
 0 
 0 
 0 
 0 
 0 
 0 
 0 
 0 
 0 
 0 
 0 
 0 
 0 
 0 
 0 
 0 
 0 
 0 
 0 
 0 
 0 
 0 
 0 
 0 
 0 
 0 
 0 
 0 
 0 
 0 
 0 
 0 
 0 
 0 
 0 
 0 
 0 
 0 
 0 
 0 
 0 
 0 
 0 
 0 
 0 
 0 
 0 
 0 
 0 
 0 
 0 
 0 
 0 
 0 
 0 
 0 
 0 
 0 
 0 
 0 
 0 
 0 
 0 
 0 
 0 
 0 
 0 
 0 
 0 
 0 
 0 
 0 
 0 
 0 
 0 
 0 
 0 
 0 
 0 
 0 
 0 
 0 
 0 
 0 
 0 
 0 
 0 
 0 
 0 
 0 
 0 
 0 
 0 
 0 
 0 
 0 
 0 
 0 
 0 
 0 
 0 
 0 
 0 
 0 
 0 
 0 
 0 
 0 
 0 
 0 
 0 
 0 
 0 
 0 
 0 
 0 
 0 
 0 
 0 
 0 
 0 
 0 
 0 
 0 
 0 
 0 
 0 
 0 
 0 
 0 
 0 
 0 
 0 
 0 
 0 
 0 
 0 
 0 
 0 
 0 
 0 
 0 
 0 
 0 
 0 
 0 
 0 
 0 
 0 
 0 
 0 
 0 
 0 
 0 
 0 
 0 
 8,46740050804403E-04 
 8,46740050804403E-04 
 8,46740050804403E-04 
 8,46740050804403E-04 
 8,46740050804403E-04 
 1,69348010160881E-03 
 1,69348010160881E-03 
 1,69348010160881E-03 
 2,54022015241321E-03 
 1,69348010160881E-03 
 2,54022015241321E-03 
 2,54022015241321E-03 
 2,54022015241321E-03 
 3,38696020321761E-03 
 3,38696020321761E-03 
 4,23370025402202E-03 
 4,23370025402202E-03 
 5,08044030482642E-03 
 5,92718035563082E-03 
 5,92718035563082E-03 
 6,77392040643522E-03 
 8,46740050804403E-03 
 8,46740050804403E-03 
 8,46740050804403E-03 
 9,31414055884843E-03 
 1,01608806096528E-02 
 1,10076206604572E-02 
 1,10076206604572E-02 
 1,10076206604572E-02 
 1,18543607112616E-02 
 0,012701100762066 
 0,012701100762066 
 1,35478408128704E-02 
 1,35478408128704E-02 
 1,35478408128704E-02 
 1,35478408128704E-02 
 1,43945808636749E-02 
 1,60880609652837E-02 
 1,69348010160881E-02 
 2,11685012701101E-02 
 2,20152413209145E-02 
 2,28619813717189E-02 
 2,70956816257409E-02 
 2,79424216765453E-02 
 2,87891617273497E-02 
 2,79424216765453E-02 
 2,96359017781541E-02 
 3,30228619813717E-02 
 3,13293818797629E-02 
 3,04826418289585E-02 
 2,96359017781541E-02 
 3,21761219305673E-02 
 3,64098221845893E-02 
 3,72565622353937E-02 
 3,64098221845893E-02 
 0,044030482641829 
 4,48772226926334E-02 
 4,74174428450466E-02 
 4,65707027942422E-02 
 4,99576629974598E-02 
 5,08044030482642E-02 
 5,41913632514818E-02 
 5,84250635055038E-02 
 6,60457239627434E-02 
 0,065198983911939 
 7,02794242167655E-02 
 7,36663844199831E-02 
 8,38272650296359E-02 
 8,72142252328535E-02 
 8,29805249788315E-02 
 7,79000846740051E-02 
 7,87468247248095E-02 
 8,04403048264183E-02 
 8,63674851820491E-02 
 8,80609652836579E-02 
 9,14479254868755E-02 
 9,06011854360711E-02 
 0,102455546147333 
 0,119390347163421 
 0,126164267569856 
 8,12870448772227E-02 
 7,95935647756139E-02 
 7,79000846740051E-02 
 7,11261642675699E-02 
 7,19729043183743E-02 
 7,28196443691787E-02 
 0,188823031329382 
 0,187976291278577 
 0,187976291278577 
 0,133784928027096 
 0,135478408128704 
 0,137171888230313 
 0,132938187976291 
 0,138018628281118 
 0,143099068585944 
 0,144792548687553 
 0,146486028789162 
 0,273497036409822 
 0,27688399661304 
 0,27688399661304 
 0,283657917019475 
 0,297205757832345 
 0,310753598645216 
 0,307366638441998 
 0,246401354784081 
 0,21337849280271 
 0,208298052497883 
 0,214225232853514 
 0,215918712955123 
 0,259949195596952 
 0,243861134631668 
 0,265029635901778 
 0,264182895850974 
 0,384419983065199 
 0,384419983065199 
 0,392040643522439 
 0,387806943268417 
 0,407281964436918 
 0,386960203217612 
 0,386113463166808 
 0,41913632514818 
 0,422523285351397 
 0,426756985605419 
 0,430143945808637 
 0,434377646062659 
 0,437764606265876 
 0,441998306519898 
 0,445385266723116 
 0,448772226926334 
 0,453005927180356 
 0,456392887383573 
 0,460626587637595 
 0,464013547840813 
 0,46740050804403 
 0,466553767993226 
 0,47502116850127 
 0,478408128704488 
 0,48264182895851 
 0,486028789161727 
 0,489415749364945 
 0,492802709568163 
 0,497036409822185 
 0,500423370025402 
 0,50381033022862 
 0,481795088907705 
 0,47502116850127 
 0,514817950889077 
 0,518204911092295 
 0,521591871295512 
 0,52497883149873 
 0,528365791701948 
 0,531752751905165 
 0,535139712108383 
 0,5385266723116 
 0,542760372565622 
 0,54614733276884 
 0,549534292972058 
 0,552921253175275 
 0,556308213378493 
 0,55969517358171 
 0,563082133784928 
 0,566469093988146 
 0,569009314140559 
 0,572396274343776 
 0,575783234546994 
 0,579170194750212 
 0,582557154953429 
 0,585944115156647 
 0,589331075359865 
 0,331922099915326 
 0,315834038950042 
 0,293818797629128 
 0,300592718035563 
 0,29043183742591 
 0,292125317527519 
 0,31160033869602 
 0,313293818797629 
 0,309060118543607 
 0,316680779000847 
 0,337002540220152 
 0,338696020321761 
 0,309060118543607 
 0,309906858594412 
 0,286198137171888 
 0,287891617273497 
 0,282811176968671 
 0,309906858594412 
 0,310753598645216 
 0,325994919559695 
 0,346316680779001 
 0,400508044030483 
 0,375952582557155 
 0,536833192209991 
 0,539373412362405 
 0,621507197290432 
 0,624894157493649 
 0,627434377646063 
 0,643522438611346 
 0,639288738357324 
 0,635055038103302 
 0,569009314140559 
 0,571549534292972 
 0,55969517358171 
 0,562235393734124 
 0,563928873835732 
 0,566469093988146 
 0,561388653683319 
 0,556308213378493 
 0,558848433530906 
 0,475867908552075 
 0,455546147332769 
 0,500423370025402 
 0,660457239627434 
 0,684165961049958 
 0,693480101608806 
 0,696020321761219 
 0,698560541913632 
 0,729889923793395 
 0,732430143945809 
 0,734970364098222 
 0,693480101608806 
 0,695173581710415 
 0,727349703640982 
 0,573243014394581 
 0,57493649449619 
 0,584250635055038 
 0,586790855207451 
 0,573243014394581 
 0,552074513124471 
 0,55376799322608 
 0,547840812870449 
 0,549534292972058 
 0,535986452159187 
 0,506350550381033 
 0,769686706181202 
 0,772226926333616 
 0,773920406435224 
 0,776460626587638 
 0,778154106689246 
 0,78069432684166 
 0,782387806943268 
 0,784928027095682 
 0,78662150719729 
 0,789161727349704 
 0,790855207451312 
 0,792548687552921 
 0,795088907705334 
 0,796782387806943 
 0,662997459779848 
 0,656223539373412 
 0,690093141405589 
 0,707874682472481 
 0,70956816257409 
 0,718882303132938 
 0,704487722269263 
 0,657070279424217 
 0,658763759525826 
 0,660457239627434 
 0,383573243014395 
 0,368331922099915 
 0,36917866215072 
 0,36155800169348 
 0,35393734123624 
 0,387806943268417 
 0,397121083827265 
 0,364944961896698 
 0,373412362404742 
 0,357324301439458 
 0,366638441998307 
 0,375952582557155 
 0,359864521591871 
 0,335309060118544 
 0,343776460626588 
 0,4038950042337 
 0,4038950042337 
 0,387806943268417 
 0,388653683319221 
 0,372565622353937 
 0,279424216765453 
 0,229466553767993 
 0,220999153259949 
 0,212531752751905 
 0,230313293818798 
 0,238780694326842 
 0,24809483488569 
 0,265876375952583 
 0,265876375952583 
 0,257408975444539 
 0,283657917019475 
 0,232853513971211 
 0,224386113463167 
 0,215918712955123 
 0,224386113463167 
 0,225232853513971 
 0,243014394580864 
 0,303979678238781 
 0,303979678238781 
 0,287044877222693 
 0,304826418289585 
 0,296359017781541 
 0,357324301439458 
 0,349703640982218 
 0,323454699407282 
 0,280270956816257 
 0,245554614733277 
 0,210838272650296 
 0,21930567315834 
 0,210838272650296 
 0,263336155800169 
 0,342929720575783 
 0,228619813717189 
 0,237933954276037 
 0,211685012701101 
 0,229466553767993 
 0,247248094834886 
 0,247248094834886 
 0,247248094834886 
 0,238780694326842 
 0,24809483488569 
 0,239627434377646 
 0,265876375952583 
 0,265876375952583 
 0,265876375952583 
 0,239627434377646 
 0,257408975444539 
 0,239627434377646 
 0,222692633361558 
 0,231160033869602 
 0,248941574936494 
 0,248941574936494 
 0,258255715495343 
 0,285351397121084 
 0,320914479254869 
 0,276037256562235 
 0,293818797629128 
 0,303132938187976 
 0,303132938187976 
 0,249788314987299 
 0,259102455546147 
 0,259102455546147 
 0,196443691786621 
 0,178662150719729 
 0,160880609652837 
 0,160880609652837 
 0,133784928027096 
 0,125317527519052 
 0,143099068585944 
 0,143099068585944 
 0,169348010160881 
 0,169348010160881 
 0,169348010160881 
 0,178662150719729 
 0,178662150719729 
 0,187129551227773 
 0,151566469093988 
 0,151566469093988 
 0,14225232853514 
 0,133784928027096 
 0,14225232853514 
 0,160033869602032 
 0,151566469093988 
 0,187129551227773 
 0,21337849280271 
 0,204064352243861 
 0,21337849280271 
 0,21337849280271 
 0,231160033869602 
 0,239627434377646 
 0,283657917019475 
 0,31922099915326 
 0,309906858594412 
 0,282811176968671 
 0,300592718035563 
 0,274343776460627 
 0,273497036409822 
 0,25571549534293 
 0,273497036409822 
 0,273497036409822 
 0,387806943268417 
 0,65961049957663 
 0,650296359017781 
 0,58848433530906 
 0,561388653683319 
 0,569856054191363 
 0,350550381033023 
 0,551227773073666 
 0,507197290431837 
 0,480101608806097 
 0,34038950042337 
 0,34038950042337 
 0,304826418289585 
 0,295512277730737 
 0,260795935647756 
 0,2692633361558 
 0,277730736663844 
 0,294665537679932 
 0,293818797629128 
 0,267569856054191 
 0,267569856054191 
 0,249788314987299 
 0,258255715495343 
 0,266723116003387 
 0,265876375952583 
 0,265876375952583 
 0,265029635901778 
 0,265029635901778 
 0,179508890770533 
 0,170194750211685 
 0,153259949195597 
 0,153259949195597 
 0,160880609652837 
 0,143945808636749 
 0,160880609652837 
 0,17696867061812 
 0,17696867061812 
 0,18458933107536 
 0,18458933107536 
 0,167654530059272 
 0,183742591024555 
 0,158340389500423 
 0,149872988992379 
 0,149872988992379 
 0,149872988992379 
 0,157493649449619 
 0,149026248941575 
 0,165114309906859 
 0,165114309906859 
 0,164267569856054 
 0,164267569856054 
 0,16342082980525 
 0,154953429297206 
 0,154953429297206 
 0,154953429297206 
 0,154106689246401 
 0,161727349703641 
 0,145639288738357 
 0,144792548687553 
 0,128704487722269 
 0,136325148179509 
 0,143945808636749 
 0,143945808636749 
 0,135478408128704 
 0,135478408128704 
 0,12701100762066 
 0,1346316680779 
 0,118543607112616 
 0,117696867061812 
 0,117696867061812 
 0,109229466553768 
 0,101608806096528 
 0,109229466553768 
 9,31414055884843E-02 
 8,55207451312447E-02 
 9,22946655376799E-02 
 9,22946655376799E-02 
 9,99153259949196E-02 
 9,99153259949196E-02 
 9,90685859441152E-02 
 0,106689246401355 
 9,90685859441152E-02 
 0,11346316680779 
 9,82218458933107E-02 
 9,73751058425063E-02 
 0,104995766299746 
 0,104995766299746 
 9,65283657917019E-02 
 9,65283657917019E-02 
 0,103302286198137 
 0,103302286198137 
 8,80609652836579E-02 
 8,04403048264183E-02 
 8,04403048264183E-02 
 8,04403048264183E-02 
 8,72142252328535E-02 
 8,63674851820491E-02 
 8,63674851820491E-02 
 9,31414055884843E-02 
 8,55207451312447E-02 
 8,55207451312447E-02 
 8,55207451312447E-02 
 7,79000846740051E-02 
 7,79000846740051E-02 
 7,02794242167655E-02 
 7,02794242167655E-02 
 9,73751058425063E-02 
 0,110922946655377 
 0,103302286198137 
 0,103302286198137 
 0,103302286198137 
 9,56816257408975E-02 
 8,80609652836579E-02 
 8,80609652836579E-02 
 9,48348856900931E-02 
 9,39881456392887E-02 
 9,39881456392887E-02 
 9,99153259949196E-02 
 9,99153259949196E-02 
 0,112616426756986 
 0,111769686706181 
 0,110922946655377 
 0,130397967823878 
 0,116850127011008 
 0,116003386960203 
 0,102455546147333 
 9,56816257408975E-02 
 9,56816257408975E-02 
 9,48348856900931E-02 
 9,48348856900931E-02 
 9,39881456392887E-02 
 0,118543607112616 
 0,10584250635055 
 0,104995766299746 
 0,110922946655377 
 0,110076206604572 
 0,109229466553768 
 0,115156646909399 
 0,120237087214225 
 0,11346316680779 
 0,107535986452159 
 0,106689246401355 
 0,10584250635055 
 0,10584250635055 
 0,104995766299746 
 9,31414055884843E-02 
 8,63674851820491E-02 
 8,04403048264183E-02 
 8,55207451312447E-02 
 0,181202370872142 
 0,180355630821338 
 0,18458933107536 
 0,188823031329382 
 0,193903471634208 
 0,357324301439458 
 0,365791701947502 
 0,374259102455546 
 0,366638441998307 
 0,230313293818798 
 0,309060118543607 
 0,338696020321761 
 0,331075359864522 
 0,287044877222693 
 0,321761219305673 
 0,339542760372566 
 0,286198137171888 
 0,314987298899238 
 0,322607959356478 
 0,204911092294666 
 0,183742591024555 
 0,187976291278577 
 0,186282811176969 
 0,15580016934801 
 0,159187129551228 
 0,158340389500423 
 0,152413209144793 
 0,15580016934801 
 0,144792548687553 
 0,143945808636749 
 0,152413209144793 
 0,169348010160881 
 0,167654530059272 
 0,161727349703641 
 0,160880609652837 
 0,167654530059272 
 0,162574089754445 
 0,165114309906859 
 0,16342082980525 
 0,166807790008467 
 0,160880609652837 
 0,159187129551228 
 0,158340389500423 
 0,156646909398815 
 0,150719729043184 
 0,149872988992379 
 0,143945808636749 
 0,150719729043184 
 0,153259949195597 
 0,175275190516511 
 0,246401354784081 
 0,243861134631668 
 0,248941574936494 
 0,261642675698561 
 0,206604572396274 
 0,314140558848434 
 0,310753598645216 
 0,289585097375106 
 0,286198137171888 
 0,287044877222693 
 0,207451312447079 
 0,215071972904318 
 0,226079593564776 
 0,156646909398815 
 0,171888230313294 
 0,172734970364098 
 0,171041490262489 
 0,193903471634208 
 0,178662150719729 
 0,173581710414903 
 0,183742591024555 
 0,214225232853514 
 0,208298052497883 
 0,20575783234547 
 0,226079593564776 
 0,223539373412362 
 0,222692633361558 
 0,231160033869602 
 0,235393734123624 
 0,232006773920406 
 0,204911092294666 
 0,204064352243861 
 0,198983911939035 
 0,20575783234547 
 0,209991532599492 
 0,206604572396274 
 0,203217612193057 
 0,199830651989839 
 0,193903471634208 
 0,140558848433531 
 0,119390347163421 
 0,120237087214225 
 0,159187129551228 
 0,109229466553768 
 0,109229466553768 
 0,110922946655377 
 0,183742591024555 
 0,183742591024555 
 0,180355630821338 
 0,178662150719729 
 0,186282811176969 
 0,182049110922947 
 0,177815410668925 
 0,174428450465707 
 0,170194750211685 
 0,165961049957663 
 0,162574089754445 
 0,158340389500423 
 0,154106689246401 
 0,150719729043184 
 0,146486028789162 
 0,143099068585944 
 0,138865368331922 
 0,135478408128704 
 0,131244707874682 
 0,127857747671465 
 0,123624047417443 
 0,120237087214225 
 0,116003386960203 
 0,112616426756986 
 0,109229466553768 
 0,104995766299746 
 0,101608806096528 
 8,38272650296359E-02 
 7,62066045723963E-02 
 7,36663844199831E-02 
 7,95935647756139E-02 
 7,45131244707875E-02 
 7,11261642675699E-02 
 0,069432684165961 
 7,02794242167655E-02 
 6,60457239627434E-02 
 6,35055038103302E-02 
 6,18120237087214E-02 
 5,84250635055038E-02 
 2,87891617273497E-02 
 2,70956816257409E-02 
 2,45554614733277E-02 
 2,54022015241321E-02 
 2,62489415749365E-02 
 2,62489415749365E-02 
 2,37087214225233E-02 
 2,28619813717189E-02 
 2,11685012701101E-02 
 1,94750211685013E-02 
 0,012701100762066 
 1,18543607112616E-02 
 1,18543607112616E-02 
 1,01608806096528E-02 
 9,31414055884843E-03 
 8,46740050804403E-03 
 7,62066045723963E-03 
 6,77392040643522E-03 
 5,08044030482642E-03 
 4,23370025402202E-03 
 2,54022015241321E-03 
 5,08044030482642E-03 
 4,23370025402202E-03 
 3,38696020321761E-03 
 2,54022015241321E-03 
 1,69348010160881E-03 
 8,46740050804403E-04 
 8,46740050804403E-04 
 8,46740050804403E-04 
 0 
 0 
 0 
 0 
 0 
 0 
 0 
 0 
 0 
 0 
 0 
 0 
 0 
 0 
 0 
 0 
 0 
 0 
 0 
 0 
 0 
 0 
 0 
 0 
 0 
 0 
 0 
 0 
 0 
 0 
 0 
 0 
 0 
 0 
 0 
 0 
 0 
 0 
 0 
 0 
 0 
 0 
 0 
 0 
 0 
 0 
 0 
 0 
 0 
 0 
 0 
 0 
 0 
 0 
 0 
 0 
 0 
 0 
 0 
 0 
 0 
 0 
 0 
 0 
 0 
 0 
 0 
 0 
 0 
 0 
 0 
 0 
 0 
 0 
 0 
 0 
 0 
 0 
 0 
 0 
 0 
 0 
 0 
 0 
 0 
 0 
 0 
 0 
 0 
 0 
 0 
 0 
 0 
 0 
 0 
 0 
 0 
 0 
 0 
 0 
 0 
 0 
 0 
 0 
 0 
 0 
 0 
 0 
 0 
 0 
 0 
 0 
 0 
 0 
 0 
 0 
 0 
 0 
 0 
 0 
 0 
 0 
 0 
 0 
 0 
 0 
 0 
 0 
 0 
 0 
 0 
 0 
 0 
 0 
 0 
 0 
 0 
 0 
 0 
 0 
 0 
 0 
 0 
 0 
 0 
 0 
 0 
 0 
 0 
 0 
 0 
 0 
 0 
 0 
 0 
 0 
 0 
 0 
 0 
 0 
 0 
 0 
 0 
 0 
 0 
 0 
 0 
 0 
 0 
 0 
 0 
 0 
 0 
 0 
 0 
 0 
 0 
 0 
 0 
 0 
 0 
 0 
 0 
 0 
 0 
 0 
 0 
 0 
 0 
 0 
 0 
 0 
 0 
 0 
 0 
 0 
 0 
 0 
 0 
 0 
 0 
 0 
 0 
 0 
 0 
 0 
 0 
 0 
 0 
 0 
 0 
 0 
 0 
 0 
 0 
 0 
 0 
 0 
 0 
 0 
 0 
 0 
 0 
 0 
 0 
 0 
 0 
 0 
 0 
 0 
 0 
 0 
 0 
 0 
 0 
 0 
 0 
 0 
 0 
 0 
 0 
 0 
 0 
 0 
 0 
 0 
 0 
 0 
 0 
 0 
 0 
 0 
 0 
 0 
 0 
 0 
 0 
 0 
 0 
 0 
 0 
 0 
 0 
 0 
 0 
 0 
 0 
 0 
 0 
 0 
 0 
 0 
 0 
 0 
 0 
 0 
 0 
 0 
 0 
 0 
 0 
 0 
 0 
 0 
 0 
 0 
 0 
 0 
 0 
 0 
 0 
 0 
 0 
 0 
 0 
 0 
 0 
 0 
 0 
 0 
 0 
 0 
 0 
 0 
 0 
 0 
 0 
 0 
 0 
 0 
 0 
 0 
