 0 
 0 
 0 
 0 
 0 
 0 
 0 
 0 
 0 
 0 
 0 
 0 
 0 
 0 
 0 
 0 
 0 
 0 
 0 
 0 
 0 
 0 
 0 
 0 
 0 
 0 
 0 
 0 
 0 
 0 
 0 
 0 
 0 
 0 
 0 
 0 
 0 
 0 
 0 
 0 
 0 
 0 
 0 
 0 
 0 
 0 
 0 
 0 
 0 
 0 
 0 
 0 
 0 
 0 
 0 
 0 
 0 
 0 
 0 
 0 
 0 
 0 
 0 
 0 
 0 
 0 
 0 
 0 
 0 
 0 
 0 
 0 
 0 
 0 
 0 
 0 
 0 
 0 
 0 
 0 
 0 
 0 
 0 
 0 
 0 
 0 
 0 
 0 
 0 
 0 
 0 
 0 
 0 
 0 
 0 
 0 
 0 
 0 
 0 
 0 
 0 
 0 
 0 
 0 
 0 
 0 
 0 
 0 
 0 
 0 
 0 
 0 
 0 
 0 
 0 
 0 
 0 
 0 
 0 
 0 
 0 
 0 
 0 
 0 
 0 
 0 
 0 
 0 
 0 
 0 
 0 
 0 
 0 
 0 
 0 
 0 
 0 
 0 
 0 
 0 
 0 
 0 
 0 
 0 
 0 
 0 
 0 
 0 
 0 
 0 
 0 
 0 
 0 
 0 
 0 
 0 
 0 
 0 
 0 
 0 
 0 
 0 
 0 
 0 
 0 
 0 
 0 
 0 
 0 
 0 
 0 
 0 
 0 
 0 
 0 
 0 
 0 
 0 
 0 
 0 
 0 
 0 
 0 
 0 
 0 
 0 
 0 
 0 
 0 
 0 
 0 
 0 
 0 
 0 
 0 
 0 
 0 
 0 
 0 
 0 
 0 
 0 
 0 
 0 
 0 
 0 
 0 
 0 
 0 
 0 
 0 
 0 
 0 
 0 
 0 
 0 
 0 
 0 
 0 
 0 
 0 
 0 
 0 
 0 
 0 
 0 
 0 
 0 
 0 
 0 
 0 
 0 
 0 
 0 
 0 
 0 
 0 
 0 
 0 
 0 
 0 
 0 
 0 
 0 
 0 
 0 
 0 
 0 
 0 
 0 
 0 
 0 
 0 
 0 
 0 
 0 
 0 
 0 
 0 
 0 
 0 
 0 
 0 
 0 
 0 
 0 
 0 
 0 
 0 
 0 
 0 
 0 
 0 
 0 
 0 
 0 
 0 
 0 
 0 
 0 
 0 
 0 
 0 
 0 
 0 
 0 
 0 
 0 
 0 
 0 
 0 
 0 
 0 
 0 
 0 
 0 
 0 
 0 
 0 
 0 
 0 
 0 
 0 
 0 
 0 
 0 
 0 
 0 
 0 
 0 
 0 
 0 
 0 
 0 
 0 
 0 
 0 
 0 
 0 
 0 
 0 
 0 
 0 
 0 
 0 
 0 
 0 
 0 
 0 
 0 
 0 
 0 
 0 
 0 
 0 
 0 
 0 
 0 
 0 
 0 
 0 
 0 
 0 
 0 
 0 
 0 
 0 
 0 
 0 
 0 
 0 
 0 
 0 
 0 
 0 
 0 
 0 
 0 
 0 
 0 
 0 
 0 
 0 
 0 
 0 
 0 
 0 
 0 
 0 
 0 
 0 
 0 
 0 
 0 
 0 
 0 
 0 
 0 
 0 
 0 
 0 
 0 
 0 
 0 
 0 
 0 
 0 
 0 
 0 
 0 
 0 
 0 
 0 
 0 
 0 
 0 
 0 
 0 
 0 
 0 
 0 
 0 
 0 
 0 
 0 
 0 
 0 
 0 
 0 
 0 
 0 
 0 
 0 
 0 
 0 
 0 
 0 
 0 
 0 
 0 
 0 
 0 
 0 
 0 
 0 
 0 
 0 
 0 
 0 
 0 
 0 
 0 
 0 
 0 
 8,46740050804403E-04 
 8,46740050804403E-04 
 8,46740050804403E-04 
 1,69348010160881E-03 
 1,69348010160881E-03 
 2,54022015241321E-03 
 3,38696020321761E-03 
 5,08044030482642E-03 
 5,92718035563082E-03 
 6,77392040643522E-03 
 7,62066045723963E-03 
 4,23370025402202E-03 
 5,08044030482642E-03 
 5,08044030482642E-03 
 5,92718035563082E-03 
 8,46740050804403E-03 
 8,46740050804403E-03 
 1,01608806096528E-02 
 1,10076206604572E-02 
 1,18543607112616E-02 
 1,52413209144793E-02 
 1,69348010160881E-02 
 1,86282811176969E-02 
 3,30228619813717E-02 
 3,64098221845893E-02 
 3,81033022861981E-02 
 3,97967823878069E-02 
 4,23370025402202E-02 
 0,044030482641829 
 4,65707027942422E-02 
 4,99576629974598E-02 
 0,052497883149873 
 0,048264182895851 
 0,056731583403895 
 0,060965283657917 
 6,43522438611346E-02 
 0,065198983911939 
 0,069432684165961 
 7,19729043183743E-02 
 7,28196443691787E-02 
 4,14902624894158E-02 
 4,06435224386113E-02 
 3,72565622353937E-02 
 6,26587637595258E-02 
 6,60457239627434E-02 
 7,19729043183743E-02 
 7,53598645215919E-02 
 3,72565622353937E-02 
 3,81033022861981E-02 
 4,31837425910246E-02 
 4,48772226926334E-02 
 4,57239627434378E-02 
 0,048264182895851 
 4,65707027942422E-02 
 3,97967823878069E-02 
 4,06435224386113E-02 
 3,97967823878069E-02 
 4,23370025402202E-02 
 4,23370025402202E-02 
 4,48772226926334E-02 
 4,57239627434378E-02 
 4,65707027942422E-02 
 4,99576629974598E-02 
 4,91109229466554E-02 
 5,16511430990686E-02 
 5,33446232006774E-02 
 5,58848433530906E-02 
 5,75783234546994E-02 
 0,056731583403895 
 5,50381033022862E-02 
 0,048264182895851 
 5,08044030482642E-02 
 4,99576629974598E-02 
 4,65707027942422E-02 
 4,99576629974598E-02 
 7,36663844199831E-02 
 7,02794242167655E-02 
 6,85859441151566E-02 
 7,02794242167655E-02 
 7,11261642675699E-02 
 8,46740050804403E-02 
 8,12870448772227E-02 
 8,46740050804403E-02 
 0,209144792548688 
 0,217612193056732 
 0,220999153259949 
 0,221845893310754 
 0,225232853513971 
 0,231160033869602 
 0,23454699407282 
 0,237933954276037 
 0,293818797629128 
 0,29805249788315 
 0,301439458086367 
 0,305673158340389 
 0,309906858594412 
 0,313293818797629 
 0,317527519051651 
 0,321761219305673 
 0,325148179508891 
 0,329381879762913 
 0,333615580016935 
 0,337849280270957 
 0,341236240474174 
 0,324301439458086 
 0,325148179508891 
 0,328535139712108 
 0,331922099915326 
 0,336155800169348 
 0,339542760372566 
 0,254868755292125 
 0,249788314987299 
 0,259949195596952 
 0,266723116003387 
 0,2692633361558 
 0,24809483488569 
 0,211685012701101 
 0,182049110922947 
 0,183742591024555 
 0,182049110922947 
 0,183742591024555 
 0,188823031329382 
 0,153259949195597 
 0,154953429297206 
 0,156646909398815 
 0,157493649449619 
 0,227773073666384 
 0,23454699407282 
 0,389500423370025 
 0,3268416596105 
 0,329381879762913 
 0,359017781541067 
 0,357324301439458 
 0,360711261642676 
 0,363251481795089 
 0,36155800169348 
 0,374259102455546 
 0,363251481795089 
 0,342082980524979 
 0,387806943268417 
 0,39034716342083 
 0,393734123624047 
 0,401354784081287 
 0,404741744284505 
 0,441998306519898 
 0,445385266723116 
 0,433530906011854 
 0,436071126164268 
 0,434377646062659 
 0,453005927180356 
 0,455546147332769 
 0,464013547840813 
 0,477561388653683 
 0,470787468247248 
 0,25571549534293 
 0,251481795088908 
 0,264182895850974 
 0,309060118543607 
 0,245554614733277 
 0,21930567315834 
 0,198983911939035 
 0,194750211685013 
 0,195596951735817 
 0,202370872142252 
 0,220999153259949 
 0,250635055038103 
 0,223539373412362 
 0,21337849280271 
 0,226079593564776 
 0,22692633361558 
 0,210838272650296 
 0,211685012701101 
 0,243014394580864 
 0,232006773920406 
 0,233700254022015 
 0,23454699407282 
 0,223539373412362 
 0,401354784081287 
 0,409822184589331 
 0,399661303979678 
 0,389500423370025 
 0,434377646062659 
 0,436917866215072 
 0,445385266723116 
 0,214225232853514 
 0,221845893310754 
 0,203217612193057 
 0,19813717188823 
 0,193056731583404 
 0,193903471634208 
 0,187976291278577 
 0,195596951735817 
 0,189669771380186 
 0,190516511430991 
 0,191363251481795 
 0,192209991532599 
 0,193056731583404 
 0,180355630821338 
 0,174428450465707 
 0,27688399661304 
 0,264182895850974 
 0,278577476714649 
 0,354784081287045 
 0,404741744284505 
 0,406435224386113 
 0,428450465707028 
 0,423370025402202 
 0,438611346316681 
 0,44030482641829 
 0,379339542760373 
 0,260795935647756 
 0,233700254022015 
 0,241320914479255 
 0,242167654530059 
 0,243014394580864 
 0,258255715495343 
 0,252328535139712 
 0,36155800169348 
 0,391193903471634 
 0,400508044030483 
 0,21930567315834 
 0,212531752751905 
 0,21337849280271 
 0,198983911939035 
 0,207451312447079 
 0,193056731583404 
 0,208298052497883 
 0,187129551227773 
 0,179508890770533 
 0,203217612193057 
 0,256562235393734 
 0,265029635901778 
 0,265876375952583 
 0,296359017781541 
 0,274343776460627 
 0,267569856054191 
 0,391193903471634 
 0,400508044030483 
 0,393734123624047 
 0,418289585097375 
 0,41151566469094 
 0,381033022861981 
 0,351397121083827 
 0,328535139712108 
 0,329381879762913 
 0,338696020321761 
 0,331075359864522 
 0,324301439458086 
 0,230313293818798 
 0,222692633361558 
 0,231160033869602 
 0,239627434377646 
 0,24047417442845 
 0,256562235393734 
 0,305673158340389 
 0,306519898391194 
 0,323454699407282 
 0,307366638441998 
 0,283657917019475 
 0,27688399661304 
 0,27688399661304 
 0,702794242167655 
 0,654530059271804 
 0,729889923793395 
 0,740050804403048 
 0,66723116003387 
 0,660457239627434 
 0,653683319220999 
 0,637595258255716 
 0,639288738357324 
 0,640135478408129 
 0,650296359017781 
 0,834885690093141 
 0,83657917019475 
 0,837425910245555 
 0,839119390347163 
 0,840812870448772 
 0,842506350550381 
 0,843353090601185 
 0,845046570702794 
 0,846740050804403 
 0,847586790855207 
 0,849280270956816 
 0,850127011007621 
 0,851820491109229 
 0,852667231160034 
 0,854360711261643 
 0,855207451312447 
 0,856900931414056 
 0,85774767146486 
 0,859441151566469 
 0,860287891617273 
 0,861134631668078 
 0,862828111769687 
 0,863674851820491 
 0,864521591871296 
 0,8653683319221 
 0,867061812023709 
 0,867908552074513 
 0,868755292125318 
 0,869602032176122 
 0,870448772226926 
 0,871295512277731 
 0,872142252328535 
 0,87298899237934 
 0,874682472480948 
 0,875529212531753 
 0,876375952582557 
 0,876375952582557 
 0,877222692633362 
 0,878069432684166 
 0,87891617273497 
 0,879762912785775 
 0,880609652836579 
 0,881456392887384 
 0,882303132938188 
 0,882303132938188 
 0,883149872988992 
 0,883996613039797 
 0,883996613039797 
 0,884843353090601 
 0,885690093141406 
 0,885690093141406 
 0,833192209991533 
 0,727349703640982 
 0,727349703640982 
 0,701100762066046 
 0,70194750211685 
 0,70194750211685 
 0,702794242167655 
 0,702794242167655 
 0,69432684165961 
 0,480948348856901 
 0,445385266723116 
 0,418289585097375 
 0,436917866215072 
 0,436917866215072 
 0,374259102455546 
 0,383573243014395 
 0,374259102455546 
 0,338696020321761 
 0,27688399661304 
 0,27688399661304 
 0,27688399661304 
 0,27688399661304 
 0,410668924640135 
 0,401354784081287 
 0,365791701947502 
 0,303132938187976 
 0,259102455546147 
 0,241320914479255 
 0,222692633361558 
 0,222692633361558 
 0,222692633361558 
 0,222692633361558 
 0,222692633361558 
 0,204911092294666 
 0,196443691786621 
 0,169348010160881 
 0,169348010160881 
 0,169348010160881 
 0,160033869602032 
 0,160033869602032 
 0,151566469093988 
 0,14225232853514 
 0,133784928027096 
 0,14225232853514 
 0,14225232853514 
 0,124470787468247 
 0,115156646909399 
 0,115156646909399 
 0,124470787468247 
 0,132938187976291 
 0,132938187976291 
 0,132938187976291 
 0,123624047417443 
 0,123624047417443 
 0,149872988992379 
 0,141405588484335 
 0,141405588484335 
 0,149872988992379 
 0,167654530059272 
 0,166807790008467 
 0,149872988992379 
 0,149026248941575 
 0,166807790008467 
 0,175275190516511 
 0,183742591024555 
 0,192209991532599 
 0,209991532599492 
 0,209991532599492 
 0,22692633361558 
 0,235393734123624 
 0,235393734123624 
 0,23454699407282 
 0,226079593564776 
 0,216765453005927 
 0,233700254022015 
 0,251481795088908 
 0,27688399661304 
 0,276037256562235 
 0,302286198137172 
 0,327688399661304 
 0,3268416596105 
 0,3268416596105 
 0,325994919559695 
 0,359864521591871 
 0,376799322607959 
 0,375952582557155 
 0,401354784081287 
 0,417442845046571 
 0,450465707027942 
 0,424216765453006 
 0,449618966977138 
 0,499576629974598 
 0,498729889923793 
 0,674851820491109 
 0,674005080440305 
 0,6731583403895 
 0,679932260795936 
 0,645215918712955 
 0,267569856054191 
 0,275190516511431 
 0,275190516511431 
 0,274343776460627 
 0,274343776460627 
 0,256562235393734 
 0,272650296359018 
 0,297205757832345 
 0,313293818797629 
 0,279424216765453 
 0,278577476714649 
 0,343776460626588 
 0,342929720575783 
 0,464860287891617 
 0,398814563928874 
 0,389500423370025 
 0,420829805249788 
 0,412362404741744 
 0,58848433530906 
 0,587637595258256 
 0,593564775613887 
 0,592718035563082 
 0,56731583403895 
 0,534292972057578 
 0,508890770533446 
 0,515664690939881 
 0,47502116850127 
 0,473327688399661 
 0,472480948348857 
 0,463166807790008 
 0,485182049110923 
 0,54614733276884 
 0,529212531752752 
 0,535986452159187 
 0,50381033022862 
 0,687552921253175 
 0,693480101608806 
 0,729889923793395 
 0,712108382726503 
 0,756138865368332 
 0,761219305673158 
 0,758679085520745 
 0,756985605419136 
 0,754445385266723 
 0,75190516511431 
 0,749364944961897 
 0,747671464860288 
 0,745131244707875 
 0,742591024555461 
 0,740050804403048 
 0,737510584250635 
 0,735817104149026 
 0,733276883996613 
 0,7307366638442 
 0,728196443691787 
 0,725656223539373 
 0,715495342929721 
 0,720575783234547 
 0,718035563082134 
 0,715495342929721 
 0,641828958509738 
 0,653683319220999 
 0,389500423370025 
 0,401354784081287 
 0,400508044030483 
 0,364098221845893 
 0,327688399661304 
 0,31922099915326 
 0,303979678238781 
 0,296359017781541 
 0,274343776460627 
 0,266723116003387 
 0,258255715495343 
 0,257408975444539 
 0,263336155800169 
 0,261642675698561 
 0,260795935647756 
 0,273497036409822 
 0,252328535139712 
 0,277730736663844 
 0,2692633361558 
 0,242167654530059 
 0,227773073666384 
 0,285351397121084 
 0,297205757832345 
 0,295512277730737 
 0,300592718035563 
 0,222692633361558 
 0,24047417442845 
 0,233700254022015 
 0,226079593564776 
 0,231160033869602 
 0,223539373412362 
 0,222692633361558 
 0,209144792548688 
 0,208298052497883 
 0,200677392040644 
 0,199830651989839 
 0,469940728196444 
 0,437764606265876 
 0,172734970364098 
 0,189669771380186 
 0,200677392040644 
 0,198983911939035 
 0,192209991532599 
 0,214225232853514 
 0,420829805249788 
 0,384419983065199 
 0,375952582557155 
 0,374259102455546 
 0,365791701947502 
 0,341236240474174 
 0,36155800169348 
 0,34801016088061 
 0,527519051651143 
 0,54614733276884 
 0,542760372565622 
 0,539373412362405 
 0,535986452159187 
 0,53259949195597 
 0,529212531752752 
 0,525825571549534 
 0,521591871295512 
 0,518204911092295 
 0,514817950889077 
 0,511430990685859 
 0,508044030482642 
 0,504657070279424 
 0,380186282811177 
 0,38272650296359 
 0,385266723116003 
 0,381879762912786 
 0,374259102455546 
 0,337849280270957 
 0,34038950042337 
 0,337849280270957 
 0,170194750211685 
 0,173581710414903 
 0,166807790008467 
 0,152413209144793 
 0,15580016934801 
 0,149872988992379 
 0,126164267569856 
 0,129551227773074 
 0,123624047417443 
 0,131244707874682 
 0,121930567315834 
 0,116003386960203 
 0,115156646909399 
 0,10584250635055 
 0,109229466553768 
 0,108382726502964 
 0,119390347163421 
 0,118543607112616 
 0,116850127011008 
 0,111769686706181 
 0,110922946655377 
 0,10584250635055 
 0,100762066045724 
 0,104149026248942 
 0,106689246401355 
 0,10584250635055 
 0,100762066045724 
 0,103302286198137 
 9,90685859441152E-02 
 9,73751058425063E-02 
 0,103302286198137 
 9,56816257408975E-02 
 9,48348856900931E-02 
 9,99153259949196E-02 
 9,90685859441152E-02 
 9,82218458933107E-02 
 9,99153259949196E-02 
 9,90685859441152E-02 
 9,82218458933107E-02 
 7,70533446232007E-02 
 7,28196443691787E-02 
 7,53598645215919E-02 
 7,45131244707875E-02 
 7,95935647756139E-02 
 7,87468247248095E-02 
 8,04403048264183E-02 
 7,95935647756139E-02 
 8,12870448772227E-02 
 8,04403048264183E-02 
 7,62066045723963E-02 
 7,53598645215919E-02 
 7,36663844199831E-02 
 7,53598645215919E-02 
 7,45131244707875E-02 
 7,11261642675699E-02 
 7,70533446232007E-02 
 7,87468247248095E-02 
 7,79000846740051E-02 
 7,62066045723963E-02 
 5,33446232006774E-02 
 4,74174428450466E-02 
 5,16511430990686E-02 
 0,048264182895851 
 4,31837425910246E-02 
 3,97967823878069E-02 
 3,89500423370025E-02 
 3,64098221845893E-02 
 3,97967823878069E-02 
 3,89500423370025E-02 
 4,06435224386113E-02 
 3,72565622353937E-02 
 4,65707027942422E-02 
 4,57239627434378E-02 
 5,41913632514818E-02 
 4,91109229466554E-02 
 0,048264182895851 
 4,74174428450466E-02 
 4,74174428450466E-02 
 5,50381033022862E-02 
 5,16511430990686E-02 
 0,052497883149873 
 5,08044030482642E-02 
 4,48772226926334E-02 
 4,57239627434378E-02 
 4,31837425910246E-02 
 4,06435224386113E-02 
 3,89500423370025E-02 
 3,55630821337849E-02 
 0,104995766299746 
 8,80609652836579E-02 
 8,38272650296359E-02 
 8,72142252328535E-02 
 9,22946655376799E-02 
 8,89077053344623E-02 
 8,80609652836579E-02 
 7,36663844199831E-02 
 7,36663844199831E-02 
 7,19729043183743E-02 
 8,12870448772227E-02 
 7,79000846740051E-02 
 7,70533446232007E-02 
 7,36663844199831E-02 
 0,069432684165961 
 6,60457239627434E-02 
 6,43522438611346E-02 
 0,060965283657917 
 5,92718035563082E-02 
 6,01185436071126E-02 
 0,056731583403895 
 5,41913632514818E-02 
 5,08044030482642E-02 
 4,74174428450466E-02 
 4,23370025402202E-02 
 3,89500423370025E-02 
 3,64098221845893E-02 
 3,30228619813717E-02 
 3,04826418289585E-02 
 2,79424216765453E-02 
 2,54022015241321E-02 
 2,11685012701101E-02 
 9,31414055884843E-03 
 9,31414055884843E-03 
 8,46740050804403E-03 
 6,77392040643522E-03 
 6,77392040643522E-03 
 5,92718035563082E-03 
 5,08044030482642E-03 
 3,38696020321761E-03 
 2,54022015241321E-03 
 2,54022015241321E-03 
 1,69348010160881E-03 
 1,69348010160881E-03 
 8,46740050804403E-04 
 8,46740050804403E-04 
 8,46740050804403E-04 
 0 
 0 
 0 
 0 
 0 
 0 
 0 
 0 
 0 
 0 
 0 
 0 
 0 
 0 
 0 
 0 
 0 
 0 
 0 
 0 
 0 
 0 
 0 
 0 
 0 
 0 
 0 
 0 
 0 
 0 
 0 
 0 
 0 
 0 
 0 
 0 
 0 
 0 
 0 
 0 
 0 
 0 
 0 
 0 
 0 
 0 
 0 
 0 
 0 
 0 
 0 
 0 
 0 
 0 
 0 
 0 
 0 
 0 
 0 
 0 
 0 
 0 
 0 
 0 
 0 
 0 
 0 
 0 
 0 
 0 
 0 
 0 
 0 
 0 
 0 
 0 
 0 
 0 
 0 
 0 
 0 
 0 
 0 
 0 
 0 
 0 
 0 
 0 
 0 
 0 
 0 
 0 
 0 
 0 
 0 
 0 
 0 
 0 
 0 
 0 
 0 
 0 
 0 
 0 
 0 
 0 
 0 
 0 
 0 
 0 
 0 
 0 
 0 
 0 
 0 
 0 
 0 
 0 
 0 
 0 
 0 
 0 
 0 
 0 
 0 
 0 
 0 
 0 
 0 
 0 
 0 
 0 
 0 
 0 
 0 
 0 
 0 
 0 
 0 
 0 
 0 
 0 
 0 
 0 
 0 
 0 
 0 
 0 
 0 
 0 
 0 
 0 
 0 
 0 
 0 
 0 
 0 
 0 
 0 
 0 
 0 
 0 
 0 
 0 
 0 
 0 
 0 
 0 
 0 
 0 
 0 
 0 
 0 
 0 
 0 
 0 
 0 
 0 
 0 
 0 
 0 
 0 
 0 
 0 
 0 
 0 
 0 
 0 
 0 
 0 
 0 
 0 
 0 
 0 
 0 
 0 
 0 
 0 
 0 
 0 
 0 
 0 
 0 
 0 
 0 
 0 
 0 
 0 
 0 
 0 
 0 
 0 
 0 
 0 
 0 
 0 
 0 
 0 
 0 
 0 
 0 
 0 
 0 
 0 
 0 
 0 
 0 
 0 
 0 
 0 
 0 
 0 
 0 
 0 
 0 
 0 
 0 
 0 
 0 
 0 
 0 
 0 
 0 
 0 
 0 
 0 
 0 
 0 
 0 
 0 
 0 
 0 
 0 
 0 
 0 
 0 
 0 
 0 
 0 
 0 
 0 
 0 
 0 
 0 
 0 
 0 
 0 
 0 
 0 
 0 
 0 
 0 
 0 
 0 
 0 
 0 
 0 
 0 
 0 
 0 
 0 
 0 
 0 
 0 
 0 
 0 
 0 
 0 
 0 
 0 
 0 
 0 
 0 
 0 
 0 
 0 
 0 
 0 
 0 
 0 
 0 
 0 
 0 
 0 
 0 
 0 
 0 
 0 
 0 
 0 
 0 
 0 
 0 
 0 
