 0 
 0 
 0 
 0 
 0 
 0 
 0 
 0 
 0 
 0 
 0 
 0 
 0 
 0 
 0 
 0 
 0 
 0 
 0 
 0 
 0 
 0 
 0 
 0 
 0 
 0 
 0 
 0 
 0 
 0 
 0 
 0 
 0 
 0 
 0 
 0 
 0 
 0 
 0 
 0 
 0 
 0 
 0 
 0 
 0 
 0 
 0 
 0 
 0 
 0 
 0 
 0 
 0 
 0 
 0 
 0 
 0 
 0 
 0 
 0 
 0 
 0 
 0 
 0 
 0 
 0 
 0 
 0 
 0 
 0 
 0 
 0 
 0 
 0 
 0 
 0 
 0 
 0 
 0 
 0 
 0 
 0 
 0 
 0 
 0 
 0 
 0 
 0 
 0 
 0 
 0 
 0 
 0 
 0 
 0 
 0 
 0 
 0 
 0 
 0 
 0 
 0 
 0 
 0 
 0 
 0 
 0 
 0 
 0 
 0 
 0 
 0 
 0 
 0 
 0 
 0 
 0 
 0 
 0 
 0 
 0 
 0 
 0 
 0 
 0 
 0 
 0 
 0 
 0 
 0 
 0 
 0 
 0 
 0 
 0 
 0 
 0 
 0 
 0 
 0 
 0 
 0 
 0 
 0 
 0 
 0 
 0 
 0 
 0 
 0 
 0 
 0 
 0 
 0 
 0 
 0 
 0 
 0 
 0 
 0 
 0 
 0 
 0 
 0 
 0 
 0 
 0 
 0 
 0 
 0 
 0 
 0 
 0 
 0 
 0 
 0 
 0 
 0 
 0 
 0 
 0 
 0 
 0 
 0 
 0 
 0 
 0 
 0 
 0 
 0 
 0 
 0 
 0 
 0 
 0 
 0 
 0 
 0 
 0 
 0 
 0 
 0 
 0 
 0 
 0 
 0 
 0 
 0 
 0 
 0 
 0 
 0 
 0 
 0 
 0 
 0 
 0 
 0 
 0 
 0 
 0 
 0 
 0 
 0 
 0 
 0 
 0 
 0 
 0 
 0 
 0 
 0 
 0 
 0 
 0 
 0 
 0 
 0 
 0 
 0 
 0 
 0 
 0 
 0 
 0 
 0 
 0 
 0 
 0 
 0 
 0 
 0 
 0 
 0 
 0 
 0 
 0 
 0 
 0 
 0 
 0 
 0 
 0 
 0 
 0 
 0 
 0 
 0 
 0 
 0 
 0 
 0 
 0 
 0 
 0 
 0 
 0 
 0 
 0 
 0 
 0 
 0 
 0 
 0 
 0 
 0 
 0 
 0 
 0 
 0 
 0 
 0 
 0 
 0 
 0 
 0 
 0 
 0 
 0 
 0 
 0 
 0 
 0 
 0 
 0 
 0 
 0 
 0 
 0 
 0 
 0 
 0 
 0 
 0 
 0 
 0 
 0 
 0 
 0 
 0 
 0 
 0 
 0 
 0 
 0 
 0 
 0 
 0 
 0 
 0 
 0 
 0 
 0 
 0 
 0 
 0 
 0 
 0 
 0 
 0 
 0 
 0 
 0 
 0 
 0 
 0 
 0 
 0 
 0 
 0 
 0 
 0 
 0 
 0 
 0 
 0 
 0 
 0 
 0 
 0 
 0 
 0 
 0 
 0 
 0 
 0 
 0 
 0 
 0 
 0 
 0 
 0 
 0 
 0 
 0 
 0 
 0 
 0 
 0 
 0 
 0 
 0 
 0 
 0 
 0 
 0 
 0 
 0 
 0 
 0 
 0 
 0 
 0 
 0 
 0 
 0 
 0 
 0 
 0 
 0 
 0 
 0 
 0 
 0 
 0 
 0 
 0 
 0 
 0 
 0 
 0 
 0 
 0 
 0 
 0 
 0 
 0 
 0 
 0 
 0 
 0 
 0 
 0 
 0 
 0 
 0 
 0 
 0 
 0 
 0 
 0 
 0 
 0 
 0 
 0 
 8,46740050804403E-04 
 8,46740050804403E-04 
 8,46740050804403E-04 
 1,69348010160881E-03 
 1,69348010160881E-03 
 2,54022015241321E-03 
 4,23370025402202E-03 
 5,92718035563082E-03 
 4,23370025402202E-03 
 5,08044030482642E-03 
 6,77392040643522E-03 
 7,62066045723963E-03 
 7,62066045723963E-03 
 9,31414055884843E-03 
 1,10076206604572E-02 
 1,35478408128704E-02 
 1,52413209144793E-02 
 1,77815410668925E-02 
 2,62489415749365E-02 
 2,87891617273497E-02 
 3,13293818797629E-02 
 3,30228619813717E-02 
 3,55630821337849E-02 
 4,14902624894158E-02 
 0,044030482641829 
 4,74174428450466E-02 
 4,99576629974598E-02 
 5,33446232006774E-02 
 0,056731583403895 
 5,92718035563082E-02 
 6,26587637595258E-02 
 6,60457239627434E-02 
 0,069432684165961 
 7,28196443691787E-02 
 7,02794242167655E-02 
 7,36663844199831E-02 
 7,62066045723963E-02 
 7,53598645215919E-02 
 7,79000846740051E-02 
 8,04403048264183E-02 
 8,29805249788315E-02 
 8,55207451312447E-02 
 8,89077053344623E-02 
 9,31414055884843E-02 
 9,48348856900931E-02 
 4,31837425910246E-02 
 4,65707027942422E-02 
 5,08044030482642E-02 
 0,052497883149873 
 7,19729043183743E-02 
 7,53598645215919E-02 
 8,04403048264183E-02 
 6,01185436071126E-02 
 6,01185436071126E-02 
 6,01185436071126E-02 
 6,35055038103302E-02 
 9,31414055884843E-02 
 9,99153259949196E-02 
 9,73751058425063E-02 
 0,110076206604572 
 0,10584250635055 
 0,108382726502964 
 0,101608806096528 
 7,79000846740051E-02 
 0,14225232853514 
 0,150719729043184 
 0,118543607112616 
 0,124470787468247 
 0,106689246401355 
 9,22946655376799E-02 
 8,97544453852667E-02 
 8,46740050804403E-02 
 8,38272650296359E-02 
 8,80609652836579E-02 
 8,04403048264183E-02 
 8,63674851820491E-02 
 8,55207451312447E-02 
 8,97544453852667E-02 
 8,55207451312447E-02 
 8,21337849280271E-02 
 8,12870448772227E-02 
 5,41913632514818E-02 
 4,74174428450466E-02 
 4,74174428450466E-02 
 0,048264182895851 
 0,044030482641829 
 0,044030482641829 
 4,48772226926334E-02 
 4,31837425910246E-02 
 4,91109229466554E-02 
 5,58848433530906E-02 
 0,056731583403895 
 5,75783234546994E-02 
 0,060965283657917 
 5,84250635055038E-02 
 0,056731583403895 
 5,75783234546994E-02 
 0,060965283657917 
 6,18120237087214E-02 
 7,28196443691787E-02 
 6,68924640135478E-02 
 0,060965283657917 
 5,84250635055038E-02 
 5,84250635055038E-02 
 6,60457239627434E-02 
 6,35055038103302E-02 
 6,43522438611346E-02 
 0,060965283657917 
 6,60457239627434E-02 
 6,60457239627434E-02 
 6,68924640135478E-02 
 6,43522438611346E-02 
 6,43522438611346E-02 
 6,18120237087214E-02 
 6,18120237087214E-02 
 5,84250635055038E-02 
 5,92718035563082E-02 
 5,58848433530906E-02 
 0,056731583403895 
 0,065198983911939 
 6,60457239627434E-02 
 6,26587637595258E-02 
 6,26587637595258E-02 
 6,35055038103302E-02 
 6,85859441151566E-02 
 6,43522438611346E-02 
 0,065198983911939 
 6,60457239627434E-02 
 6,60457239627434E-02 
 7,53598645215919E-02 
 7,19729043183743E-02 
 6,77392040643522E-02 
 8,21337849280271E-02 
 8,72142252328535E-02 
 9,73751058425063E-02 
 0,107535986452159 
 9,39881456392887E-02 
 9,48348856900931E-02 
 9,06011854360711E-02 
 8,72142252328535E-02 
 0,106689246401355 
 0,102455546147333 
 0,103302286198137 
 0,104149026248942 
 0,110076206604572 
 0,116003386960203 
 0,121930567315834 
 0,127857747671465 
 0,128704487722269 
 0,129551227773074 
 0,109229466553768 
 0,115156646909399 
 0,200677392040644 
 0,233700254022015 
 0,235393734123624 
 0,38272650296359 
 0,385266723116003 
 0,381879762912786 
 0,373412362404742 
 0,419983065198984 
 0,394580863674852 
 0,414055884843353 
 0,421676545300593 
 0,424216765453006 
 0,198983911939035 
 0,194750211685013 
 0,18458933107536 
 0,179508890770533 
 0,180355630821338 
 0,182049110922947 
 0,17696867061812 
 0,183742591024555 
 0,18458933107536 
 0,185436071126164 
 0,186282811176969 
 0,193903471634208 
 0,188823031329382 
 0,153259949195597 
 0,147332768839966 
 0,123624047417443 
 0,136325148179509 
 0,15580016934801 
 0,182049110922947 
 0,157493649449619 
 0,151566469093988 
 0,146486028789162 
 0,160033869602032 
 0,160880609652837 
 0,154953429297206 
 0,149026248941575 
 0,176121930567316 
 0,17696867061812 
 0,171041490262489 
 0,165114309906859 
 0,185436071126164 
 0,21337849280271 
 0,220999153259949 
 0,187976291278577 
 0,188823031329382 
 0,189669771380186 
 0,190516511430991 
 0,566469093988146 
 0,575783234546994 
 0,330228619813717 
 0,331922099915326 
 0,325994919559695 
 0,334462320067739 
 0,328535139712108 
 0,309060118543607 
 0,295512277730737 
 0,282811176968671 
 0,283657917019475 
 0,270956816257409 
 0,243014394580864 
 0,258255715495343 
 0,273497036409822 
 0,267569856054191 
 0,268416596104996 
 0,27688399661304 
 0,292125317527519 
 0,270956816257409 
 0,265029635901778 
 0,280270956816257 
 0,325994919559695 
 0,364098221845893 
 0,528365791701948 
 0,418289585097375 
 0,434377646062659 
 0,428450465707028 
 0,663844199830652 
 0,665537679932261 
 0,674851820491109 
 0,677392040643522 
 0,762912785774767 
 0,76545300592718 
 0,767993226079594 
 0,769686706181202 
 0,772226926333616 
 0,773920406435224 
 0,776460626587638 
 0,778154106689246 
 0,78069432684166 
 0,782387806943268 
 0,784928027095682 
 0,78662150719729 
 0,789161727349704 
 0,790855207451312 
 0,752751905165114 
 0,78662150719729 
 0,796782387806943 
 0,798475867908552 
 0,800169348010161 
 0,802709568162574 
 0,804403048264183 
 0,806096528365792 
 0,8077900084674 
 0,809483488569009 
 0,811176968670618 
 0,813717188823031 
 0,81541066892464 
 0,817104149026249 
 0,818797629127858 
 0,820491109229467 
 0,822184589331075 
 0,823878069432684 
 0,825571549534293 
 0,827265029635902 
 0,828958509737511 
 0,829805249788315 
 0,831498729889924 
 0,833192209991533 
 0,834885690093141 
 0,79424216765453 
 0,795935647756139 
 0,813717188823031 
 0,823878069432684 
 0,834038950042337 
 0,843353090601185 
 0,845046570702794 
 0,846740050804403 
 0,847586790855207 
 0,849280270956816 
 0,850127011007621 
 0,851820491109229 
 0,852667231160034 
 0,854360711261643 
 0,855207451312447 
 0,856900931414056 
 0,85774767146486 
 0,859441151566469 
 0,860287891617273 
 0,861134631668078 
 0,862828111769687 
 0,863674851820491 
 0,864521591871296 
 0,8653683319221 
 0,867061812023709 
 0,867908552074513 
 0,868755292125318 
 0,869602032176122 
 0,870448772226926 
 0,871295512277731 
 0,872142252328535 
 0,87298899237934 
 0,874682472480948 
 0,875529212531753 
 0,876375952582557 
 0,876375952582557 
 0,877222692633362 
 0,878069432684166 
 0,87891617273497 
 0,879762912785775 
 0,880609652836579 
 0,881456392887384 
 0,882303132938188 
 0,882303132938188 
 0,883149872988992 
 0,883996613039797 
 0,813717188823031 
 0,345469940728196 
 0,363251481795089 
 0,363251481795089 
 0,469940728196444 
 0,497036409822185 
 0,523285351397121 
 0,541913632514818 
 0,550381033022862 
 0,622353937341236 
 0,613886536833192 
 0,426756985605419 
 0,391193903471634 
 0,445385266723116 
 0,45385266723116 
 0,480948348856901 
 0,480948348856901 
 0,490262489415749 
 0,490262489415749 
 0,472480948348857 
 0,535139712108383 
 0,651143099068586 
 0,660457239627434 
 0,392887383573243 
 0,392887383573243 
 0,383573243014395 
 0,357324301439458 
 0,383573243014395 
 0,383573243014395 
 0,428450465707028 
 0,383573243014395 
 0,392887383573243 
 0,383573243014395 
 0,357324301439458 
 0,428450465707028 
 0,41913632514818 
 0,41913632514818 
 0,41913632514818 
 0,427603725656224 
 0,356477561388654 
 0,338696020321761 
 0,338696020321761 
 0,338696020321761 
 0,302286198137172 
 0,293818797629128 
 0,302286198137172 
 0,31160033869602 
 0,310753598645216 
 0,328535139712108 
 0,346316680779001 
 0,337002540220152 
 0,337002540220152 
 0,611346316680779 
 0,788314987298899 
 0,469093988145639 
 0,513124470787468 
 0,530906011854361 
 0,883996613039797 
 0,883149872988992 
 0,882303132938188 
 0,882303132938188 
 0,881456392887384 
 0,880609652836579 
 0,879762912785775 
 0,87891617273497 
 0,878069432684166 
 0,878069432684166 
 0,877222692633362 
 0,876375952582557 
 0,875529212531753 
 0,874682472480948 
 0,873835732430144 
 0,87298899237934 
 0,871295512277731 
 0,870448772226926 
 0,521591871295512 
 0,5385266723116 
 0,529212531752752 
 0,589331075359865 
 0,58848433530906 
 0,691786621507197 
 0,699407281964437 
 0,707027942421677 
 0,706181202370872 
 0,705334462320068 
 0,704487722269263 
 0,712108382726503 
 0,856900931414056 
 0,855207451312447 
 0,854360711261643 
 0,853513971210838 
 0,851820491109229 
 0,850127011007621 
 0,849280270956816 
 0,847586790855207 
 0,846740050804403 
 0,845046570702794 
 0,843353090601185 
 0,842506350550381 
 0,840812870448772 
 0,839119390347163 
 0,838272650296359 
 0,83657917019475 
 0,834885690093141 
 0,833192209991533 
 0,832345469940728 
 0,830651989839119 
 0,828958509737511 
 0,827265029635902 
 0,825571549534293 
 0,823878069432684 
 0,822184589331075 
 0,820491109229467 
 0,818797629127858 
 0,817104149026249 
 0,81541066892464 
 0,813717188823031 
 0,812023708721422 
 0,810330228619814 
 0,8077900084674 
 0,806096528365792 
 0,804403048264183 
 0,802709568162574 
 0,801016088060965 
 0,798475867908552 
 0,796782387806943 
 0,795088907705334 
 0,793395427603726 
 0,790855207451312 
 0,789161727349704 
 0,78662150719729 
 0,784928027095682 
 0,783234546994073 
 0,756985605419136 
 0,692633361558002 
 0,722269263336156 
 0,728196443691787 
 0,718035563082134 
 0,438611346316681 
 0,530059271803556 
 0,513124470787468 
 0,49618966977138 
 0,540220152413209 
 0,735817104149026 
 0,613039796782388 
 0,5961049957663 
 0,579170194750212 
 0,569856054191363 
 0,613039796782388 
 0,5961049957663 
 0,594411515664691 
 0,629127857747671 
 0,619813717188823 
 0,602878916172735 
 0,571549534292972 
 0,555461473327688 
 0,552921253175275 
 0,580016934801016 
 0,578323454699407 
 0,540220152413209 
 0,5385266723116 
 0,586790855207451 
 0,584250635055038 
 0,582557154953429 
 0,580016934801016 
 0,570702794242168 
 0,569009314140559 
 0,55969517358171 
 0,557154953429297 
 0,562235393734124 
 0,55969517358171 
 0,558001693480102 
 0,583403895004234 
 0,58086367485182 
 0,578323454699407 
 0,419983065198984 
 0,42506350550381 
 0,443691786621507 
 0,488569009314141 
 0,513124470787468 
 0,484335309060119 
 0,502116850127011 
 0,506350550381033 
 0,484335309060119 
 0,56731583403895 
 0,570702794242168 
 0,613039796782388 
 0,578323454699407 
 0,466553767993226 
 0,49618966977138 
 0,494496189669771 
 0,491955969517358 
 0,508044030482642 
 0,499576629974598 
 0,497036409822185 
 0,57493649449619 
 0,55969517358171 
 0,557154953429297 
 0,590177815410669 
 0,605419136325148 
 0,602032176121931 
 0,599491955969517 
 0,5961049957663 
 0,592718035563082 
 0,589331075359865 
 0,585944115156647 
 0,583403895004234 
 0,580016934801016 
 0,576629974597799 
 0,573243014394581 
 0,569856054191363 
 0,555461473327688 
 0,54614733276884 
 0,548687552921253 
 0,545300592718036 
 0,425910245554615 
 0,302286198137172 
 0,262489415749365 
 0,265876375952583 
 0,366638441998307 
 0,428450465707028 
 0,430990685859441 
 0,428450465707028 
 0,525825571549534 
 0,521591871295512 
 0,518204911092295 
 0,514817950889077 
 0,511430990685859 
 0,508044030482642 
 0,504657070279424 
 0,500423370025402 
 0,497036409822185 
 0,493649449618967 
 0,490262489415749 
 0,486028789161727 
 0,48264182895851 
 0,479254868755292 
 0,47502116850127 
 0,471634208298052 
 0,468247248094835 
 0,464013547840813 
 0,460626587637595 
 0,457239627434378 
 0,453005927180356 
 0,449618966977138 
 0,44623200677392 
 0,441998306519898 
 0,438611346316681 
 0,434377646062659 
 0,430990685859441 
 0,31160033869602 
 0,313293818797629 
 0,352243861134632 
 0,341236240474174 
 0,342082980524979 
 0,338696020321761 
 0,331075359864522 
 0,331922099915326 
 0,309060118543607 
 0,306519898391194 
 0,303132938187976 
 0,3268416596105 
 0,25571549534293 
 0,293818797629128 
 0,317527519051651 
 0,321761219305673 
 0,318374259102456 
 0,314140558848434 
 0,307366638441998 
 0,303979678238781 
 0,259102455546147 
 9,99153259949196E-02 
 9,56816257408975E-02 
 0,111769686706181 
 0,106689246401355 
 9,56816257408975E-02 
 9,14479254868755E-02 
 8,72142252328535E-02 
 8,55207451312447E-02 
 8,80609652836579E-02 
 8,72142252328535E-02 
 8,55207451312447E-02 
 7,87468247248095E-02 
 8,04403048264183E-02 
 7,62066045723963E-02 
 7,87468247248095E-02 
 6,85859441151566E-02 
 7,02794242167655E-02 
 7,19729043183743E-02 
 6,01185436071126E-02 
 6,77392040643522E-02 
 6,35055038103302E-02 
 6,01185436071126E-02 
 0,044030482641829 
 4,57239627434378E-02 
 4,74174428450466E-02 
 0,044030482641829 
 4,31837425910246E-02 
 3,81033022861981E-02 
 4,23370025402202E-02 
 4,57239627434378E-02 
 4,48772226926334E-02 
 4,65707027942422E-02 
 4,99576629974598E-02 
 4,91109229466554E-02 
 0,048264182895851 
 4,57239627434378E-02 
 0,044030482641829 
 4,14902624894158E-02 
 4,23370025402202E-02 
 4,14902624894158E-02 
 3,55630821337849E-02 
 3,81033022861981E-02 
 3,72565622353937E-02 
 3,81033022861981E-02 
 3,55630821337849E-02 
 3,47163420829805E-02 
 3,55630821337849E-02 
 3,81033022861981E-02 
 3,72565622353937E-02 
 3,13293818797629E-02 
 2,96359017781541E-02 
 3,13293818797629E-02 
 3,30228619813717E-02 
 3,64098221845893E-02 
 3,55630821337849E-02 
 3,72565622353937E-02 
 0,048264182895851 
 0,048264182895851 
 4,91109229466554E-02 
 0,048264182895851 
 0,048264182895851 
 4,23370025402202E-02 
 3,89500423370025E-02 
 4,23370025402202E-02 
 3,55630821337849E-02 
 3,55630821337849E-02 
 3,55630821337849E-02 
 3,38696020321761E-02 
 3,30228619813717E-02 
 3,38696020321761E-02 
 4,23370025402202E-02 
 4,65707027942422E-02 
 3,55630821337849E-02 
 3,38696020321761E-02 
 2,96359017781541E-02 
 3,21761219305673E-02 
 3,04826418289585E-02 
 2,11685012701101E-02 
 2,11685012701101E-02 
 2,11685012701101E-02 
 1,94750211685013E-02 
 1,86282811176969E-02 
 1,77815410668925E-02 
 2,54022015241321E-02 
 2,37087214225233E-02 
 2,20152413209145E-02 
 2,03217612193057E-02 
 1,86282811176969E-02 
 1,69348010160881E-02 
 8,46740050804403E-03 
 7,62066045723963E-03 
 5,92718035563082E-03 
 5,92718035563082E-03 
 5,08044030482642E-03 
 4,23370025402202E-03 
 3,38696020321761E-03 
 3,38696020321761E-03 
 2,54022015241321E-03 
 1,69348010160881E-03 
 1,69348010160881E-03 
 1,69348010160881E-03 
 8,46740050804403E-04 
 8,46740050804403E-04 
 0 
 0 
 0 
 0 
 0 
 0 
 0 
 0 
 0 
 0 
 0 
 0 
 0 
 0 
 0 
 0 
 0 
 0 
 0 
 0 
 0 
 0 
 0 
 0 
 0 
 0 
 0 
 0 
 0 
 0 
 0 
 0 
 0 
 0 
 0 
 0 
 0 
 0 
 0 
 0 
 0 
 0 
 0 
 0 
 0 
 0 
 0 
 0 
 0 
 0 
 0 
 0 
 0 
 0 
 0 
 0 
 0 
 0 
 0 
 0 
 0 
 0 
 0 
 0 
 0 
 0 
 0 
 0 
 0 
 0 
 0 
 0 
 0 
 0 
 0 
 0 
 0 
 0 
 0 
 0 
 0 
 0 
 0 
 0 
 0 
 0 
 0 
 0 
 0 
 0 
 0 
 0 
 0 
 0 
 0 
 0 
 0 
 0 
 0 
 0 
 0 
 0 
 0 
 0 
 0 
 0 
 0 
 0 
 0 
 0 
 0 
 0 
 0 
 0 
 0 
 0 
 0 
 0 
 0 
 0 
 0 
 0 
 0 
 0 
 0 
 0 
 0 
 0 
 0 
 0 
 0 
 0 
 0 
 0 
 0 
 0 
 0 
 0 
 0 
 0 
 0 
 0 
 0 
 0 
 0 
 0 
 0 
 0 
 0 
 0 
 0 
 0 
 0 
 0 
 0 
 0 
 0 
 0 
 0 
 0 
 0 
 0 
 0 
 0 
 0 
 0 
 0 
 0 
 0 
 0 
 0 
 0 
 0 
 0 
 0 
 0 
 0 
 0 
 0 
 0 
 0 
 0 
 0 
 0 
 0 
 0 
 0 
 0 
 0 
 0 
 0 
 0 
 0 
 0 
 0 
 0 
 0 
 0 
 0 
 0 
 0 
 0 
 0 
 0 
 0 
 0 
 0 
 0 
 0 
 0 
 0 
 0 
 0 
 0 
 0 
 0 
 0 
 0 
 0 
 0 
 0 
 0 
 0 
 0 
 0 
 0 
 0 
 0 
 0 
 0 
 0 
 0 
 0 
 0 
 0 
 0 
 0 
 0 
 0 
 0 
 0 
 0 
 0 
 0 
 0 
 0 
 0 
 0 
 0 
 0 
 0 
 0 
 0 
 0 
 0 
 0 
 0 
 0 
 0 
 0 
 0 
 0 
 0 
 0 
 0 
 0 
 0 
 0 
 0 
 0 
 0 
 0 
 0 
 0 
 0 
 0 
 0 
 0 
 0 
 0 
 0 
 0 
 0 
 0 
 0 
 0 
 0 
 0 
 0 
 0 
 0 
 0 
 0 
 0 
 0 
 0 
 0 
 0 
 0 
 0 
 0 
 0 
 0 
 0 
 0 
 0 
 0 
 0 
 0 
 0 
 0 
 0 
 0 
