 0 
 0 
 0 
 0 
 0 
 0 
 0 
 0 
 0 
 0 
 0 
 0 
 0 
 0 
 0 
 0 
 0 
 0 
 0 
 0 
 0 
 0 
 0 
 0 
 0 
 0 
 0 
 0 
 0 
 0 
 0 
 0 
 0 
 0 
 0 
 0 
 0 
 0 
 0 
 0 
 0 
 0 
 0 
 0 
 0 
 0 
 0 
 0 
 0 
 0 
 0 
 0 
 0 
 0 
 0 
 0 
 0 
 0 
 0 
 0 
 0 
 0 
 0 
 0 
 0 
 0 
 0 
 0 
 0 
 0 
 0 
 0 
 0 
 0 
 0 
 0 
 0 
 0 
 0 
 0 
 0 
 0 
 0 
 0 
 0 
 0 
 0 
 0 
 0 
 0 
 0 
 0 
 0 
 0 
 0 
 0 
 0 
 0 
 0 
 0 
 0 
 0 
 0 
 0 
 0 
 0 
 0 
 0 
 0 
 0 
 0 
 0 
 0 
 0 
 0 
 0 
 0 
 0 
 0 
 0 
 0 
 0 
 0 
 0 
 0 
 0 
 0 
 0 
 0 
 0 
 0 
 0 
 0 
 0 
 0 
 0 
 0 
 0 
 0 
 0 
 0 
 0 
 0 
 0 
 0 
 0 
 0 
 0 
 0 
 0 
 0 
 0 
 0 
 0 
 0 
 0 
 0 
 0 
 0 
 0 
 0 
 0 
 0 
 0 
 0 
 0 
 0 
 0 
 0 
 0 
 0 
 0 
 0 
 0 
 0 
 0 
 0 
 0 
 0 
 0 
 0 
 0 
 0 
 0 
 0 
 0 
 0 
 0 
 0 
 0 
 0 
 0 
 0 
 0 
 0 
 0 
 0 
 0 
 0 
 0 
 0 
 0 
 0 
 0 
 0 
 0 
 0 
 0 
 0 
 0 
 0 
 0 
 0 
 0 
 0 
 0 
 0 
 0 
 0 
 0 
 0 
 0 
 0 
 0 
 0 
 0 
 0 
 0 
 0 
 0 
 0 
 0 
 0 
 0 
 0 
 0 
 0 
 0 
 0 
 0 
 0 
 0 
 0 
 0 
 0 
 0 
 0 
 0 
 0 
 0 
 0 
 0 
 0 
 0 
 0 
 0 
 0 
 0 
 0 
 0 
 0 
 0 
 0 
 0 
 0 
 0 
 0 
 0 
 0 
 0 
 0 
 0 
 0 
 0 
 0 
 0 
 0 
 0 
 0 
 0 
 0 
 0 
 0 
 0 
 0 
 0 
 0 
 0 
 0 
 0 
 0 
 0 
 0 
 0 
 0 
 0 
 0 
 0 
 0 
 0 
 0 
 0 
 0 
 0 
 0 
 0 
 0 
 0 
 0 
 0 
 0 
 0 
 0 
 0 
 0 
 0 
 0 
 0 
 0 
 0 
 0 
 0 
 0 
 0 
 0 
 0 
 0 
 0 
 0 
 0 
 0 
 0 
 0 
 0 
 0 
 0 
 0 
 0 
 0 
 0 
 0 
 0 
 0 
 0 
 0 
 0 
 0 
 0 
 0 
 0 
 0 
 0 
 0 
 0 
 0 
 0 
 0 
 0 
 0 
 0 
 0 
 0 
 0 
 0 
 0 
 0 
 0 
 0 
 0 
 0 
 0 
 0 
 0 
 0 
 0 
 0 
 0 
 0 
 0 
 0 
 0 
 0 
 0 
 0 
 0 
 0 
 0 
 0 
 0 
 0 
 0 
 0 
 0 
 0 
 0 
 0 
 0 
 0 
 0 
 0 
 0 
 0 
 0 
 0 
 0 
 0 
 0 
 0 
 0 
 0 
 0 
 0 
 0 
 0 
 0 
 0 
 0 
 0 
 0 
 0 
 0 
 0 
 0 
 0 
 0 
 0 
 0 
 0 
 0 
 0 
 0 
 0 
 0 
 0 
 0 
 0 
 0 
 0 
 0 
 8,46740050804403E-04 
 8,46740050804403E-04 
 8,46740050804403E-04 
 8,46740050804403E-04 
 1,69348010160881E-03 
 1,69348010160881E-03 
 1,69348010160881E-03 
 2,54022015241321E-03 
 2,54022015241321E-03 
 2,54022015241321E-03 
 3,38696020321761E-03 
 3,38696020321761E-03 
 4,23370025402202E-03 
 5,08044030482642E-03 
 5,92718035563082E-03 
 7,62066045723963E-03 
 8,46740050804403E-03 
 9,31414055884843E-03 
 1,01608806096528E-02 
 1,10076206604572E-02 
 1,10076206604572E-02 
 0,012701100762066 
 1,35478408128704E-02 
 1,35478408128704E-02 
 1,35478408128704E-02 
 1,35478408128704E-02 
 1,35478408128704E-02 
 1,35478408128704E-02 
 1,35478408128704E-02 
 1,18543607112616E-02 
 1,18543607112616E-02 
 1,35478408128704E-02 
 1,43945808636749E-02 
 1,35478408128704E-02 
 1,35478408128704E-02 
 1,43945808636749E-02 
 1,43945808636749E-02 
 1,52413209144793E-02 
 1,69348010160881E-02 
 1,94750211685013E-02 
 1,86282811176969E-02 
 1,94750211685013E-02 
 1,94750211685013E-02 
 1,86282811176969E-02 
 2,03217612193057E-02 
 2,11685012701101E-02 
 1,86282811176969E-02 
 1,94750211685013E-02 
 2,11685012701101E-02 
 2,37087214225233E-02 
 2,54022015241321E-02 
 2,79424216765453E-02 
 2,96359017781541E-02 
 3,21761219305673E-02 
 3,30228619813717E-02 
 3,21761219305673E-02 
 2,96359017781541E-02 
 2,87891617273497E-02 
 2,54022015241321E-02 
 2,62489415749365E-02 
 2,87891617273497E-02 
 2,87891617273497E-02 
 2,79424216765453E-02 
 3,21761219305673E-02 
 3,47163420829805E-02 
 3,81033022861981E-02 
 3,64098221845893E-02 
 3,72565622353937E-02 
 3,72565622353937E-02 
 4,06435224386113E-02 
 5,75783234546994E-02 
 0,044030482641829 
 4,99576629974598E-02 
 4,57239627434378E-02 
 5,92718035563082E-02 
 5,75783234546994E-02 
 0,060965283657917 
 8,72142252328535E-02 
 9,90685859441152E-02 
 0,10584250635055 
 0,11346316680779 
 0,115156646909399 
 0,11346316680779 
 0,118543607112616 
 0,120237087214225 
 0,118543607112616 
 0,120237087214225 
 0,121930567315834 
 0,12108382726503 
 0,125317527519052 
 0,117696867061812 
 0,116003386960203 
 0,117696867061812 
 0,112616426756986 
 0,110922946655377 
 0,111769686706181 
 0,116850127011008 
 0,114309906858594 
 0,112616426756986 
 0,12108382726503 
 0,125317527519052 
 0,130397967823878 
 0,135478408128704 
 0,274343776460627 
 0,200677392040644 
 0,198983911939035 
 0,220152413209145 
 0,218458933107536 
 0,216765453005927 
 0,237933954276037 
 0,244707874682472 
 0,247248094834886 
 0,237933954276037 
 0,339542760372566 
 0,347163420829805 
 0,350550381033023 
 0,349703640982218 
 0,353090601185436 
 0,335309060118544 
 0,333615580016935 
 0,33276883996613 
 0,292972057578323 
 0,299745977984759 
 0,437764606265876 
 0,441998306519898 
 0,445385266723116 
 0,417442845046571 
 0,420829805249788 
 0,456392887383573 
 0,460626587637595 
 0,464013547840813 
 0,46740050804403 
 0,471634208298052 
 0,47502116850127 
 0,425910245554615 
 0,279424216765453 
 0,262489415749365 
 0,303132938187976 
 0,300592718035563 
 0,303132938187976 
 0,314987298899238 
 0,418289585097375 
 0,420829805249788 
 0,459779847586791 
 0,473327688399661 
 0,476714648602879 
 0,458933107535986 
 0,441151566469094 
 0,443691786621507 
 0,409822184589331 
 0,412362404741744 
 0,414902624894157 
 0,417442845046571 
 0,480101608806097 
 0,477561388653683 
 0,480948348856901 
 0,483488569009314 
 0,536833192209991 
 0,540220152413209 
 0,543607112616427 
 0,313293818797629 
 0,263336155800169 
 0,24809483488569 
 0,243014394580864 
 0,291278577476715 
 0,298899237933954 
 0,300592718035563 
 0,296359017781541 
 0,447078746824725 
 0,502963590177815 
 0,505503810330229 
 0,29043183742591 
 0,292125317527519 
 0,287044877222693 
 0,307366638441998 
 0,296359017781541 
 0,564775613886537 
 0,568162574089754 
 0,539373412362405 
 0,485182049110923 
 0,309906858594412 
 0,280270956816257 
 0,268416596104996 
 0,295512277730737 
 0,303132938187976 
 0,304826418289585 
 0,430143945808637 
 0,412362404741744 
 0,480101608806097 
 0,640135478408129 
 0,623200677392041 
 0,625740897544454 
 0,628281117696867 
 0,570702794242168 
 0,573243014394581 
 0,582557154953429 
 0,618966977138019 
 0,621507197290432 
 0,535139712108383 
 0,68839966130398 
 0,690939881456393 
 0,693480101608806 
 0,696867061812024 
 0,699407281964437 
 0,70194750211685 
 0,704487722269263 
 0,707027942421677 
 0,70956816257409 
 0,712108382726503 
 0,714648602878916 
 0,717188823031329 
 0,719729043183743 
 0,722269263336156 
 0,724809483488569 
 0,727349703640982 
 0,729889923793395 
 0,674005080440305 
 0,668924640135478 
 0,656223539373412 
 0,599491955969517 
 0,593564775613887 
 0,5961049957663 
 0,590177815410669 
 0,599491955969517 
 0,601185436071126 
 0,610499576629975 
 0,605419136325148 
 0,607112616426757 
 0,601185436071126 
 0,633361558001693 
 0,635055038103302 
 0,621507197290432 
 0,615580016934801 
 0,60965283657917 
 0,627434377646063 
 0,629127857747671 
 0,63082133784928 
 0,632514817950889 
 0,649449618966977 
 0,643522438611346 
 0,605419136325148 
 0,535986452159187 
 0,513971210838273 
 0,515664690939881 
 0,214225232853514 
 0,231160033869602 
 0,215918712955123 
 0,208298052497883 
 0,208298052497883 
 0,209144792548688 
 0,201524132091448 
 0,209991532599492 
 0,145639288738357 
 0,154106689246401 
 0,178662150719729 
 0,16342082980525 
 0,154953429297206 
 0,15580016934801 
 0,131244707874682 
 0,123624047417443 
 9,90685859441152E-02 
 9,90685859441152E-02 
 9,90685859441152E-02 
 9,14479254868755E-02 
 9,99153259949196E-02 
 9,99153259949196E-02 
 9,99153259949196E-02 
 9,99153259949196E-02 
 0,100762066045724 
 0,100762066045724 
 9,22946655376799E-02 
 8,38272650296359E-02 
 7,62066045723963E-02 
 7,62066045723963E-02 
 8,46740050804403E-02 
 8,46740050804403E-02 
 8,46740050804403E-02 
 8,46740050804403E-02 
 9,31414055884843E-02 
 0,102455546147333 
 9,39881456392887E-02 
 0,110922946655377 
 0,110922946655377 
 0,111769686706181 
 0,137171888230313 
 0,137171888230313 
 0,138018628281118 
 0,146486028789162 
 0,164267569856054 
 0,172734970364098 
 0,181202370872142 
 0,182049110922947 
 0,173581710414903 
 0,182049110922947 
 0,191363251481795 
 0,209144792548688 
 0,199830651989839 
 0,209144792548688 
 0,218458933107536 
 0,22692633361558 
 0,22692633361558 
 0,244707874682472 
 0,227773073666384 
 0,237087214225233 
 0,263336155800169 
 0,263336155800169 
 0,254868755292125 
 0,210838272650296 
 0,211685012701101 
 0,237933954276037 
 0,25571549534293 
 0,273497036409822 
 0,300592718035563 
 0,309060118543607 
 0,318374259102456 
 0,309906858594412 
 0,301439458086367 
 0,301439458086367 
 0,301439458086367 
 0,292972057578323 
 0,346316680779001 
 0,364098221845893 
 0,302286198137172 
 0,275190516511431 
 0,284504657070279 
 0,258255715495343 
 0,258255715495343 
 0,266723116003387 
 0,276037256562235 
 0,285351397121084 
 0,285351397121084 
 0,303132938187976 
 0,276037256562235 
 0,258255715495343 
 0,330228619813717 
 0,34801016088061 
 0,392887383573243 
 0,392887383573243 
 0,383573243014395 
 0,375105842506351 
 0,544453852667231 
 0,526672311600339 
 0,526672311600339 
 0,51735817104149 
 0,41913632514818 
 0,383573243014395 
 0,544453852667231 
 0,597798475867909 
 0,686706181202371 
 0,686706181202371 
 0,696020321761219 
 0,695173581710415 
 0,811176968670618 
 0,624047417442845 
 0,685859441151566 
 0,685859441151566 
 0,703640982218459 
 0,69432684165961 
 0,702794242167655 
 0,702794242167655 
 0,773920406435224 
 0,77307366638442 
 0,77307366638442 
 0,763759525825571 
 0,762912785774767 
 0,736663844199831 
 0,771380186282811 
 0,779847586790855 
 0,779000846740051 
 0,769686706181202 
 0,769686706181202 
 0,830651989839119 
 0,847586790855207 
 0,847586790855207 
 0,87298899237934 
 0,881456392887384 
 0,880609652836579 
 0,879762912785775 
 0,87891617273497 
 0,878069432684166 
 0,878069432684166 
 0,877222692633362 
 0,876375952582557 
 0,875529212531753 
 0,874682472480948 
 0,856054191363251 
 0,863674851820491 
 0,871295512277731 
 0,870448772226926 
 0,869602032176122 
 0,703640982218459 
 0,720575783234547 
 0,719729043183743 
 0,753598645215919 
 0,752751905165114 
 0,846740050804403 
 0,560541913632515 
 0,64606265876376 
 0,619813717188823 
 0,652836579170195 
 0,660457239627434 
 0,65961049957663 
 0,787468247248095 
 0,785774767146486 
 0,767993226079594 
 0,766299745977985 
 0,756985605419136 
 0,849280270956816 
 0,830651989839119 
 0,736663844199831 
 0,490262489415749 
 0,464013547840813 
 0,429297205757832 
 0,420829805249788 
 0,27688399661304 
 0,284504657070279 
 0,267569856054191 
 0,250635055038103 
 0,258255715495343 
 0,224386113463167 
 0,224386113463167 
 0,248941574936494 
 0,24809483488569 
 0,247248094834886 
 0,263336155800169 
 0,230313293818798 
 0,229466553767993 
 0,229466553767993 
 0,228619813717189 
 0,187129551227773 
 0,178662150719729 
 0,194750211685013 
 0,194750211685013 
 0,193903471634208 
 0,185436071126164 
 0,185436071126164 
 0,17696867061812 
 0,160033869602032 
 0,160033869602032 
 0,151566469093988 
 0,166807790008467 
 0,166807790008467 
 0,165961049957663 
 0,165961049957663 
 0,204911092294666 
 0,211685012701101 
 0,211685012701101 
 0,179508890770533 
 0,179508890770533 
 0,186282811176969 
 0,186282811176969 
 0,177815410668925 
 0,223539373412362 
 0,207451312447079 
 0,214225232853514 
 0,275190516511431 
 0,274343776460627 
 0,273497036409822 
 0,514817950889077 
 0,48264182895851 
 0,49618966977138 
 0,502116850127011 
 0,486028789161727 
 0,454699407281964 
 0,468247248094835 
 0,50381033022862 
 0,457239627434378 
 0,514817950889077 
 0,557154953429297 
 0,525825571549534 
 0,706181202370872 
 0,718035563082134 
 0,708721422523285 
 0,655376799322608 
 0,718035563082134 
 0,715495342929721 
 0,712955122777307 
 0,433530906011854 
 0,445385266723116 
 0,472480948348857 
 0,484335309060119 
 0,433530906011854 
 0,557154953429297 
 0,416596104995766 
 0,380186282811177 
 0,426756985605419 
 0,438611346316681 
 0,36917866215072 
 0,34038950042337 
 0,331922099915326 
 0,391193903471634 
 0,36917866215072 
 0,441151566469094 
 0,439458086367485 
 0,451312447078747 
 0,363251481795089 
 0,387806943268417 
 0,392887383573243 
 0,397121083827265 
 0,648602878916173 
 0,64606265876376 
 0,642675698560542 
 0,639288738357324 
 0,636748518204911 
 0,633361558001693 
 0,63082133784928 
 0,627434377646063 
 0,624047417442845 
 0,621507197290432 
 0,587637595258256 
 0,590177815410669 
 0,342929720575783 
 0,347163420829805 
 0,49618966977138 
 0,493649449618967 
 0,35393734123624 
 0,208298052497883 
 0,231160033869602 
 0,236240474174428 
 0,228619813717189 
 0,215918712955123 
 0,208298052497883 
 0,254022015241321 
 0,343776460626588 
 0,284504657070279 
 0,294665537679932 
 0,292972057578323 
 0,291278577476715 
 0,278577476714649 
 0,270956816257409 
 0,264182895850974 
 0,273497036409822 
 0,281964436917866 
 0,286198137171888 
 0,278577476714649 
 0,21337849280271 
 0,206604572396274 
 0,204911092294666 
 0,177815410668925 
 0,181202370872142 
 0,175275190516511 
 0,183742591024555 
 0,248941574936494 
 0,458933107535986 
 0,460626587637595 
 0,457239627434378 
 0,45385266723116 
 0,465707027942422 
 0,462320067739204 
 0,443691786621507 
 0,378492802709568 
 0,375952582557155 
 0,335309060118544 
 0,355630821337849 
 0,413209144792549 
 0,267569856054191 
 0,260795935647756 
 0,453005927180356 
 0,449618966977138 
 0,44623200677392 
 0,441998306519898 
 0,438611346316681 
 0,434377646062659 
 0,430990685859441 
 0,426756985605419 
 0,423370025402202 
 0,41913632514818 
 0,415749364944962 
 0,41151566469094 
 0,408128704487722 
 0,4038950042337 
 0,372565622353937 
 0,226079593564776 
 0,196443691786621 
 0,19813717188823 
 0,211685012701101 
 0,217612193056732 
 0,376799322607959 
 0,373412362404742 
 0,36917866215072 
 0,365791701947502 
 0,36155800169348 
 0,357324301439458 
 0,35393734123624 
 0,349703640982218 
 0,314987298899238 
 0,314140558848434 
 0,300592718035563 
 0,300592718035563 
 0,293818797629128 
 0,325994919559695 
 0,321761219305673 
 0,318374259102456 
 0,314140558848434 
 0,309906858594412 
 0,306519898391194 
 0,302286198137172 
 0,29805249788315 
 0,293818797629128 
 0,260795935647756 
 0,283657917019475 
 0,27688399661304 
 0,272650296359018 
 0,260795935647756 
 0,254022015241321 
 0,265876375952583 
 0,262489415749365 
 0,258255715495343 
 0,254022015241321 
 0,249788314987299 
 0,246401354784081 
 0,242167654530059 
 0,237933954276037 
 0,233700254022015 
 0,230313293818798 
 0,226079593564776 
 0,221845893310754 
 0,217612193056732 
 0,214225232853514 
 0,209991532599492 
 0,20575783234547 
 0,201524132091448 
 0,19813717188823 
 0,193903471634208 
 0,189669771380186 
 0,186282811176969 
 0,182049110922947 
 0,177815410668925 
 0,174428450465707 
 0,170194750211685 
 0,162574089754445 
 0,162574089754445 
 0,158340389500423 
 0,154106689246401 
 0,150719729043184 
 0,146486028789162 
 0,143099068585944 
 0,138865368331922 
 0,135478408128704 
 0,131244707874682 
 0,127857747671465 
 0,123624047417443 
 0,120237087214225 
 0,116003386960203 
 0,112616426756986 
 0,109229466553768 
 0,104995766299746 
 0,101608806096528 
 9,82218458933107E-02 
 9,39881456392887E-02 
 9,06011854360711E-02 
 8,72142252328535E-02 
 8,38272650296359E-02 
 8,04403048264183E-02 
 0,060965283657917 
 5,84250635055038E-02 
 7,02794242167655E-02 
 6,68924640135478E-02 
 6,35055038103302E-02 
 5,92718035563082E-02 
 0,056731583403895 
 5,41913632514818E-02 
 5,08044030482642E-02 
 3,38696020321761E-02 
 3,30228619813717E-02 
 2,37087214225233E-02 
 2,20152413209145E-02 
 2,96359017781541E-02 
 2,37087214225233E-02 
 2,37087214225233E-02 
 2,11685012701101E-02 
 2,11685012701101E-02 
 1,94750211685013E-02 
 1,77815410668925E-02 
 1,52413209144793E-02 
 0,012701100762066 
 1,18543607112616E-02 
 1,01608806096528E-02 
 8,46740050804403E-03 
 7,62066045723963E-03 
 6,77392040643522E-03 
 5,92718035563082E-03 
 4,23370025402202E-03 
 3,38696020321761E-03 
 2,54022015241321E-03 
 1,69348010160881E-03 
 1,69348010160881E-03 
 8,46740050804403E-04 
 8,46740050804403E-04 
 8,46740050804403E-04 
 0 
 0 
 0 
 0 
 0 
 0 
 0 
 0 
 0 
 0 
 0 
 0 
 0 
 0 
 0 
 0 
 0 
 0 
 0 
 0 
 0 
 0 
 0 
 0 
 0 
 0 
 0 
 0 
 0 
 0 
 0 
 0 
 0 
 0 
 0 
 0 
 0 
 0 
 0 
 0 
 0 
 0 
 0 
 0 
 0 
 0 
 0 
 0 
 0 
 0 
 0 
 0 
 0 
 0 
 0 
 0 
 0 
 0 
 0 
 0 
 0 
 0 
 0 
 0 
 0 
 0 
 0 
 0 
 0 
 0 
 0 
 0 
 0 
 0 
 0 
 0 
 0 
 0 
 0 
 0 
 0 
 0 
 0 
 0 
 0 
 0 
 0 
 0 
 0 
 0 
 0 
 0 
 0 
 0 
 0 
 0 
 0 
 0 
 0 
 0 
 0 
 0 
 0 
 0 
 0 
 0 
 0 
 0 
 0 
 0 
 0 
 0 
 0 
 0 
 0 
 0 
 0 
 0 
 0 
 0 
 0 
 0 
 0 
 0 
 0 
 0 
 0 
 0 
 0 
 0 
 0 
 0 
 0 
 0 
 0 
 0 
 0 
 0 
 0 
 0 
 0 
 0 
 0 
 0 
 0 
 0 
 0 
 0 
 0 
 0 
 0 
 0 
 0 
 0 
 0 
 0 
 0 
 0 
 0 
 0 
 0 
 0 
 0 
 0 
 0 
 0 
 0 
 0 
 0 
 0 
 0 
 0 
 0 
 0 
 0 
 0 
 0 
 0 
 0 
 0 
 0 
 0 
 0 
 0 
 0 
 0 
 0 
 0 
 0 
 0 
 0 
 0 
 0 
 0 
 0 
 0 
 0 
 0 
 0 
 0 
 0 
 0 
 0 
 0 
 0 
 0 
 0 
 0 
 0 
 0 
 0 
 0 
 0 
 0 
 0 
 0 
 0 
 0 
 0 
 0 
 0 
 0 
 0 
 0 
 0 
 0 
 0 
 0 
 0 
 0 
 0 
 0 
 0 
 0 
 0 
 0 
 0 
 0 
 0 
 0 
 0 
 0 
 0 
 0 
 0 
 0 
 0 
 0 
 0 
 0 
 0 
 0 
 0 
 0 
 0 
 0 
 0 
 0 
 0 
 0 
 0 
 0 
 0 
 0 
 0 
 0 
 0 
 0 
 0 
 0 
 0 
 0 
 0 
 0 
 0 
 0 
 0 
 0 
 0 
 0 
 0 
 0 
 0 
 0 
 0 
 0 
 0 
 0 
 0 
 0 
 0 
 0 
 0 
 0 
 0 
 0 
 0 
 0 
 0 
 0 
 0 
 0 
 0 
 0 
 0 
 0 
 0 
 0 
 0 
 0 
 0 
