 0 
 0 
 0 
 0 
 0 
 0 
 0 
 0 
 0 
 0 
 0 
 0 
 0 
 0 
 0 
 0 
 0 
 0 
 0 
 0 
 0 
 0 
 0 
 0 
 0 
 0 
 0 
 0 
 0 
 0 
 0 
 0 
 0 
 0 
 0 
 0 
 0 
 0 
 0 
 0 
 0 
 0 
 0 
 0 
 0 
 0 
 0 
 0 
 0 
 0 
 0 
 0 
 0 
 0 
 0 
 0 
 0 
 0 
 0 
 0 
 0 
 0 
 0 
 0 
 0 
 0 
 0 
 0 
 0 
 0 
 0 
 0 
 0 
 0 
 0 
 0 
 0 
 0 
 0 
 0 
 0 
 0 
 0 
 0 
 0 
 0 
 0 
 0 
 0 
 0 
 0 
 0 
 0 
 0 
 0 
 0 
 0 
 0 
 0 
 0 
 0 
 0 
 0 
 0 
 0 
 0 
 0 
 0 
 0 
 0 
 0 
 0 
 0 
 0 
 0 
 0 
 0 
 0 
 0 
 0 
 0 
 0 
 0 
 0 
 0 
 0 
 0 
 0 
 0 
 0 
 0 
 0 
 0 
 0 
 0 
 0 
 0 
 0 
 0 
 0 
 0 
 0 
 0 
 0 
 0 
 0 
 0 
 0 
 0 
 0 
 0 
 0 
 0 
 0 
 0 
 0 
 0 
 0 
 0 
 0 
 0 
 0 
 0 
 0 
 0 
 0 
 0 
 0 
 0 
 0 
 0 
 0 
 0 
 0 
 0 
 0 
 0 
 0 
 0 
 0 
 0 
 0 
 0 
 0 
 0 
 0 
 0 
 0 
 0 
 0 
 0 
 0 
 0 
 0 
 0 
 0 
 0 
 0 
 0 
 0 
 0 
 0 
 0 
 0 
 0 
 0 
 0 
 0 
 0 
 0 
 0 
 0 
 0 
 0 
 0 
 0 
 0 
 0 
 0 
 0 
 0 
 0 
 0 
 0 
 0 
 0 
 0 
 0 
 0 
 0 
 0 
 0 
 0 
 0 
 0 
 0 
 0 
 0 
 0 
 0 
 0 
 0 
 0 
 0 
 0 
 0 
 0 
 0 
 0 
 0 
 0 
 0 
 0 
 0 
 0 
 0 
 0 
 0 
 0 
 0 
 0 
 0 
 0 
 0 
 0 
 0 
 0 
 0 
 0 
 0 
 0 
 0 
 0 
 0 
 0 
 0 
 0 
 0 
 0 
 0 
 0 
 0 
 0 
 0 
 0 
 0 
 0 
 0 
 0 
 0 
 0 
 0 
 0 
 0 
 0 
 0 
 0 
 0 
 0 
 0 
 0 
 0 
 0 
 0 
 0 
 0 
 0 
 0 
 0 
 0 
 0 
 0 
 0 
 0 
 0 
 0 
 0 
 0 
 0 
 0 
 0 
 0 
 0 
 0 
 0 
 0 
 0 
 0 
 0 
 0 
 0 
 0 
 0 
 0 
 0 
 0 
 0 
 0 
 0 
 0 
 0 
 0 
 0 
 0 
 0 
 0 
 0 
 0 
 0 
 0 
 0 
 0 
 0 
 0 
 0 
 0 
 0 
 0 
 0 
 0 
 0 
 0 
 0 
 0 
 0 
 0 
 0 
 0 
 0 
 0 
 0 
 0 
 0 
 0 
 0 
 0 
 0 
 0 
 0 
 0 
 0 
 0 
 0 
 0 
 0 
 0 
 0 
 0 
 0 
 0 
 0 
 0 
 0 
 0 
 0 
 0 
 0 
 0 
 0 
 0 
 0 
 0 
 0 
 0 
 0 
 0 
 0 
 0 
 0 
 0 
 0 
 0 
 0 
 0 
 0 
 0 
 0 
 0 
 0 
 0 
 0 
 0 
 0 
 0 
 0 
 0 
 0 
 0 
 0 
 0 
 0 
 0 
 0 
 0 
 0 
 0 
 0 
 0 
 0 
 0 
 0 
 8,46740050804403E-04 
 8,46740050804403E-04 
 8,46740050804403E-04 
 8,46740050804403E-04 
 8,46740050804403E-04 
 1,69348010160881E-03 
 1,69348010160881E-03 
 1,69348010160881E-03 
 1,69348010160881E-03 
 2,54022015241321E-03 
 2,54022015241321E-03 
 3,38696020321761E-03 
 3,38696020321761E-03 
 4,23370025402202E-03 
 4,23370025402202E-03 
 5,08044030482642E-03 
 5,08044030482642E-03 
 5,08044030482642E-03 
 5,08044030482642E-03 
 5,92718035563082E-03 
 5,92718035563082E-03 
 6,77392040643522E-03 
 6,77392040643522E-03 
 8,46740050804403E-03 
 8,46740050804403E-03 
 1,10076206604572E-02 
 1,01608806096528E-02 
 1,10076206604572E-02 
 1,01608806096528E-02 
 1,01608806096528E-02 
 1,18543607112616E-02 
 0,012701100762066 
 1,35478408128704E-02 
 1,35478408128704E-02 
 0,012701100762066 
 1,52413209144793E-02 
 1,77815410668925E-02 
 1,94750211685013E-02 
 1,77815410668925E-02 
 1,86282811176969E-02 
 1,77815410668925E-02 
 1,86282811176969E-02 
 2,28619813717189E-02 
 2,37087214225233E-02 
 2,45554614733277E-02 
 2,37087214225233E-02 
 2,45554614733277E-02 
 3,21761219305673E-02 
 2,96359017781541E-02 
 2,96359017781541E-02 
 2,96359017781541E-02 
 3,04826418289585E-02 
 2,96359017781541E-02 
 3,04826418289585E-02 
 3,13293818797629E-02 
 3,21761219305673E-02 
 2,87891617273497E-02 
 3,30228619813717E-02 
 3,38696020321761E-02 
 3,30228619813717E-02 
 3,72565622353937E-02 
 4,06435224386113E-02 
 3,89500423370025E-02 
 0,044030482641829 
 4,91109229466554E-02 
 4,99576629974598E-02 
 5,75783234546994E-02 
 0,056731583403895 
 5,75783234546994E-02 
 5,58848433530906E-02 
 0,056731583403895 
 5,75783234546994E-02 
 0,056731583403895 
 5,75783234546994E-02 
 6,60457239627434E-02 
 6,68924640135478E-02 
 6,77392040643522E-02 
 7,45131244707875E-02 
 7,53598645215919E-02 
 7,36663844199831E-02 
 7,53598645215919E-02 
 7,62066045723963E-02 
 7,45131244707875E-02 
 7,28196443691787E-02 
 7,95935647756139E-02 
 8,63674851820491E-02 
 8,46740050804403E-02 
 0,259949195596952 
 0,102455546147333 
 9,73751058425063E-02 
 0,104995766299746 
 0,10584250635055 
 0,114309906858594 
 0,111769686706181 
 0,110076206604572 
 9,48348856900931E-02 
 9,56816257408975E-02 
 9,99153259949196E-02 
 0,104995766299746 
 0,10584250635055 
 0,107535986452159 
 0,104995766299746 
 9,48348856900931E-02 
 9,99153259949196E-02 
 0,104149026248942 
 0,109229466553768 
 0,110076206604572 
 0,14225232853514 
 0,151566469093988 
 0,141405588484335 
 0,1346316680779 
 0,139712108382726 
 0,132938187976291 
 0,138865368331922 
 0,139712108382726 
 0,145639288738357 
 0,150719729043184 
 0,177815410668925 
 0,157493649449619 
 0,159187129551228 
 0,143099068585944 
 0,139712108382726 
 0,145639288738357 
 0,15580016934801 
 0,143945808636749 
 0,154106689246401 
 0,141405588484335 
 0,147332768839966 
 0,190516511430991 
 0,187129551227773 
 0,193056731583404 
 0,185436071126164 
 0,17696867061812 
 0,168501270110076 
 0,175275190516511 
 0,176121930567316 
 0,167654530059272 
 0,168501270110076 
 0,180355630821338 
 0,186282811176969 
 0,187976291278577 
 0,16342082980525 
 0,149026248941575 
 0,15580016934801 
 0,151566469093988 
 0,188823031329382 
 0,190516511430991 
 0,207451312447079 
 0,187129551227773 
 0,198983911939035 
 0,20575783234547 
 0,229466553767993 
 0,203217612193057 
 0,215918712955123 
 0,199830651989839 
 0,201524132091448 
 0,180355630821338 
 0,187129551227773 
 0,187976291278577 
 0,171888230313294 
 0,166807790008467 
 0,277730736663844 
 0,279424216765453 
 0,304826418289585 
 0,265029635901778 
 0,343776460626588 
 0,381033022861981 
 0,473327688399661 
 0,475867908552075 
 0,514817950889077 
 0,523285351397121 
 0,525825571549534 
 0,325994919559695 
 0,364098221845893 
 0,391193903471634 
 0,474174428450466 
 0,48264182895851 
 0,441151566469094 
 0,506350550381033 
 0,508890770533446 
 0,498729889923793 
 0,507197290431837 
 0,509737510584251 
 0,537679932260796 
 0,546994072819644 
 0,549534292972058 
 0,545300592718036 
 0,481795088907705 
 0,629974597798476 
 0,652836579170195 
 0,662150719729043 
 0,671464860287892 
 0,674005080440305 
 0,677392040643522 
 0,679932260795936 
 0,682472480948349 
 0,685859441151566 
 0,68839966130398 
 0,690939881456393 
 0,693480101608806 
 0,696867061812024 
 0,699407281964437 
 0,70194750211685 
 0,704487722269263 
 0,707027942421677 
 0,70956816257409 
 0,712108382726503 
 0,714648602878916 
 0,717188823031329 
 0,719729043183743 
 0,722269263336156 
 0,724809483488569 
 0,727349703640982 
 0,729889923793395 
 0,329381879762913 
 0,367485182049111 
 0,457239627434378 
 0,429297205757832 
 0,415749364944962 
 0,454699407281964 
 0,373412362404742 
 0,389500423370025 
 0,398814563928874 
 0,324301439458086 
 0,627434377646063 
 0,561388653683319 
 0,578323454699407 
 0,618120237087214 
 0,619813717188823 
 0,636748518204911 
 0,639288738357324 
 0,663844199830652 
 0,657917019475021 
 0,527519051651143 
 0,685012701100762 
 0,366638441998307 
 0,375952582557155 
 0,376799322607959 
 0,370025402201524 
 0,441998306519898 
 0,458933107535986 
 0,491109229466554 
 0,516511430990686 
 0,581710414902625 
 0,598645215918713 
 0,552074513124471 
 0,657917019475021 
 0,618966977138019 
 0,613039796782388 
 0,606265876375953 
 0,809483488569009 
 0,811176968670618 
 0,813717188823031 
 0,81541066892464 
 0,817104149026249 
 0,818797629127858 
 0,820491109229467 
 0,822184589331075 
 0,395427603725656 
 0,330228619813717 
 0,322607959356478 
 0,314987298899238 
 0,307366638441998 
 0,299745977984759 
 0,308213378492803 
 0,266723116003387 
 0,259102455546147 
 0,268416596104996 
 0,259949195596952 
 0,2692633361558 
 0,2692633361558 
 0,270110076206605 
 0,430990685859441 
 0,431837425910246 
 0,364098221845893 
 0,356477561388654 
 0,374259102455546 
 0,281117696867062 
 0,289585097375106 
 0,273497036409822 
 0,281964436917866 
 0,282811176968671 
 0,282811176968671 
 0,309060118543607 
 0,292125317527519 
 0,301439458086367 
 0,284504657070279 
 0,276037256562235 
 0,250635055038103 
 0,242167654530059 
 0,243014394580864 
 0,286198137171888 
 0,287044877222693 
 0,278577476714649 
 0,287044877222693 
 0,22692633361558 
 0,261642675698561 
 0,261642675698561 
 0,253175275190517 
 0,236240474174428 
 0,245554614733277 
 0,245554614733277 
 0,245554614733277 
 0,298899237933954 
 0,298899237933954 
 0,325148179508891 
 0,308213378492803 
 0,281964436917866 
 0,291278577476715 
 0,291278577476715 
 0,300592718035563 
 0,291278577476715 
 0,628281117696867 
 0,637595258255716 
 0,796782387806943 
 0,434377646062659 
 0,452159187129551 
 0,416596104995766 
 0,4614733276884 
 0,346316680779001 
 0,355630821337849 
 0,328535139712108 
 0,320067739204064 
 0,320067739204064 
 0,31160033869602 
 0,276037256562235 
 0,258255715495343 
 0,267569856054191 
 0,293818797629128 
 0,267569856054191 
 0,258255715495343 
 0,249788314987299 
 0,249788314987299 
 0,259102455546147 
 0,267569856054191 
 0,267569856054191 
 0,249788314987299 
 0,241320914479255 
 0,204911092294666 
 0,214225232853514 
 0,223539373412362 
 0,232006773920406 
 0,241320914479255 
 0,784928027095682 
 0,803556308213379 
 0,72311600338696 
 0,704487722269263 
 0,722269263336156 
 0,722269263336156 
 0,740050804403048 
 0,712955122777307 
 0,561388653683319 
 0,58848433530906 
 0,7307366638442 
 0,721422523285351 
 0,721422523285351 
 0,720575783234547 
 0,720575783234547 
 0,711261642675699 
 0,711261642675699 
 0,710414902624894 
 0,710414902624894 
 0,594411515664691 
 0,842506350550381 
 0,860287891617273 
 0,868755292125318 
 0,885690093141406 
 0,884843353090601 
 0,884843353090601 
 0,883996613039797 
 0,883149872988992 
 0,882303132938188 
 0,882303132938188 
 0,881456392887384 
 0,880609652836579 
 0,879762912785775 
 0,84419983065199 
 0,851820491109229 
 0,842506350550381 
 0,762912785774767 
 0,876375952582557 
 0,875529212531753 
 0,874682472480948 
 0,873835732430144 
 0,87298899237934 
 0,871295512277731 
 0,870448772226926 
 0,869602032176122 
 0,868755292125318 
 0,867908552074513 
 0,867061812023709 
 0,848433530906012 
 0,544453852667231 
 0,509737510584251 
 0,578323454699407 
 0,508044030482642 
 0,593564775613887 
 0,635901778154107 
 0,635055038103302 
 0,530906011854361 
 0,530059271803556 
 0,520745131244708 
 0,401354784081287 
 0,570702794242168 
 0,552921253175275 
 0,526672311600339 
 0,525825571549534 
 0,550381033022862 
 0,549534292972058 
 0,497883149872989 
 0,488569009314141 
 0,731583403895004 
 0,7307366638442 
 0,729043183742591 
 0,769686706181202 
 0,767993226079594 
 0,708721422523285 
 0,648602878916173 
 0,514817950889077 
 0,497036409822185 
 0,447078746824725 
 0,321761219305673 
 0,329381879762913 
 0,337002540220152 
 0,360711261642676 
 0,335309060118544 
 0,335309060118544 
 0,350550381033023 
 0,464013547840813 
 0,543607112616427 
 0,510584250635055 
 0,476714648602879 
 0,596951735817104 
 0,571549534292972 
 0,55376799322608 
 0,504657070279424 
 0,511430990685859 
 0,565622353937341 
 0,556308213378493 
 0,555461473327688 
 0,601185436071126 
 0,276037256562235 
 0,275190516511431 
 0,251481795088908 
 0,53259949195597 
 0,5385266723116 
 0,529212531752752 
 0,57493649449619 
 0,472480948348857 
 0,540220152413209 
 0,192209991532599 
 0,18458933107536 
 0,191363251481795 
 0,182895850973751 
 0,289585097375106 
 0,303979678238781 
 0,302286198137172 
 0,324301439458086 
 0,308213378492803 
 0,314987298899238 
 0,306519898391194 
 0,29043183742591 
 0,289585097375106 
 0,237087214225233 
 0,236240474174428 
 0,573243014394581 
 0,571549534292972 
 0,489415749364945 
 0,320067739204064 
 0,341236240474174 
 0,325148179508891 
 0,324301439458086 
 0,351397121083827 
 0,472480948348857 
 0,477561388653683 
 0,475867908552075 
 0,325148179508891 
 0,331075359864522 
 0,337002540220152 
 0,552921253175275 
 0,550381033022862 
 0,534292972057578 
 0,525825571549534 
 0,454699407281964 
 0,41151566469094 
 0,436917866215072 
 0,347163420829805 
 0,365791701947502 
 0,370872142252329 
 0,476714648602879 
 0,562235393734124 
 0,566469093988146 
 0,563928873835732 
 0,620660457239627 
 0,618120237087214 
 0,647756138865368 
 0,65198983911939 
 0,648602878916173 
 0,64606265876376 
 0,642675698560542 
 0,633361558001693 
 0,61727349703641 
 0,620660457239627 
 0,391193903471634 
 0,38272650296359 
 0,386960203217612 
 0,397967823878069 
 0,284504657070279 
 0,325994919559695 
 0,330228619813717 
 0,316680779000847 
 0,314987298899238 
 0,313293818797629 
 0,347163420829805 
 0,250635055038103 
 0,225232853513971 
 0,247248094834886 
 0,463166807790008 
 0,460626587637595 
 0,580016934801016 
 0,576629974597799 
 0,527519051651143 
 0,524132091447925 
 0,31160033869602 
 0,298899237933954 
 0,285351397121084 
 0,283657917019475 
 0,27688399661304 
 0,176121930567316 
 0,174428450465707 
 0,173581710414903 
 0,172734970364098 
 0,310753598645216 
 0,309060118543607 
 0,291278577476715 
 0,294665537679932 
 0,271803556308213 
 0,275190516511431 
 0,303979678238781 
 0,316680779000847 
 0,335309060118544 
 0,353090601185436 
 0,365791701947502 
 0,372565622353937 
 0,364944961896698 
 0,357324301439458 
 0,331075359864522 
 0,434377646062659 
 0,287044877222693 
 0,166807790008467 
 0,174428450465707 
 0,224386113463167 
 0,338696020321761 
 0,400508044030483 
 0,397967823878069 
 0,389500423370025 
 0,386960203217612 
 0,379339542760373 
 0,375952582557155 
 0,372565622353937 
 0,36917866215072 
 0,366638441998307 
 0,359017781541067 
 0,359864521591871 
 0,41913632514818 
 0,415749364944962 
 0,41151566469094 
 0,408128704487722 
 0,4038950042337 
 0,400508044030483 
 0,372565622353937 
 0,364944961896698 
 0,376799322607959 
 0,350550381033023 
 0,347163420829805 
 0,376799322607959 
 0,373412362404742 
 0,36917866215072 
 0,365791701947502 
 0,36155800169348 
 0,357324301439458 
 0,247248094834886 
 0,244707874682472 
 0,345469940728196 
 0,342082980524979 
 0,337849280270957 
 0,333615580016935 
 0,330228619813717 
 0,325994919559695 
 0,321761219305673 
 0,318374259102456 
 0,314140558848434 
 0,309906858594412 
 0,306519898391194 
 0,302286198137172 
 0,29805249788315 
 0,293818797629128 
 0,29043183742591 
 0,286198137171888 
 0,281964436917866 
 0,277730736663844 
 0,274343776460627 
 0,270110076206605 
 0,265876375952583 
 0,262489415749365 
 0,245554614733277 
 0,226079593564776 
 0,227773073666384 
 0,226079593564776 
 0,242167654530059 
 0,126164267569856 
 0,110076206604572 
 0,160880609652837 
 0,128704487722269 
 9,99153259949196E-02 
 9,82218458933107E-02 
 8,97544453852667E-02 
 8,80609652836579E-02 
 8,63674851820491E-02 
 8,46740050804403E-02 
 8,12870448772227E-02 
 0,069432684165961 
 7,02794242167655E-02 
 7,02794242167655E-02 
 7,11261642675699E-02 
 0,069432684165961 
 6,26587637595258E-02 
 5,75783234546994E-02 
 0,056731583403895 
 5,16511430990686E-02 
 0,052497883149873 
 4,91109229466554E-02 
 4,65707027942422E-02 
 4,65707027942422E-02 
 5,58848433530906E-02 
 0,048264182895851 
 4,74174428450466E-02 
 4,57239627434378E-02 
 4,31837425910246E-02 
 4,31837425910246E-02 
 4,31837425910246E-02 
 4,06435224386113E-02 
 4,06435224386113E-02 
 3,81033022861981E-02 
 3,55630821337849E-02 
 3,47163420829805E-02 
 3,04826418289585E-02 
 0,060965283657917 
 5,16511430990686E-02 
 4,99576629974598E-02 
 4,91109229466554E-02 
 4,48772226926334E-02 
 4,48772226926334E-02 
 3,81033022861981E-02 
 3,38696020321761E-02 
 3,04826418289585E-02 
 2,87891617273497E-02 
 2,87891617273497E-02 
 2,37087214225233E-02 
 1,94750211685013E-02 
 1,86282811176969E-02 
 1,94750211685013E-02 
 2,20152413209145E-02 
 2,20152413209145E-02 
 1,43945808636749E-02 
 1,69348010160881E-02 
 1,60880609652837E-02 
 0,012701100762066 
 1,10076206604572E-02 
 1,01608806096528E-02 
 9,31414055884843E-03 
 9,31414055884843E-03 
 8,46740050804403E-03 
 6,77392040643522E-03 
 8,46740050804403E-03 
 8,46740050804403E-03 
 6,77392040643522E-03 
 5,92718035563082E-03 
 4,23370025402202E-03 
 3,38696020321761E-03 
 3,38696020321761E-03 
 2,54022015241321E-03 
 1,69348010160881E-03 
 1,69348010160881E-03 
 8,46740050804403E-04 
 8,46740050804403E-04 
 8,46740050804403E-04 
 0 
 0 
 0 
 0 
 0 
 0 
 0 
 0 
 0 
 0 
 0 
 0 
 0 
 0 
 0 
 0 
 0 
 0 
 0 
 0 
 0 
 0 
 0 
 0 
 0 
 0 
 0 
 0 
 0 
 0 
 0 
 0 
 0 
 0 
 0 
 0 
 0 
 0 
 0 
 0 
 0 
 0 
 0 
 0 
 0 
 0 
 0 
 0 
 0 
 0 
 0 
 0 
 0 
 0 
 0 
 0 
 0 
 0 
 0 
 0 
 0 
 0 
 0 
 0 
 0 
 0 
 0 
 0 
 0 
 0 
 0 
 0 
 0 
 0 
 0 
 0 
 0 
 0 
 0 
 0 
 0 
 0 
 0 
 0 
 0 
 0 
 0 
 0 
 0 
 0 
 0 
 0 
 0 
 0 
 0 
 0 
 0 
 0 
 0 
 0 
 0 
 0 
 0 
 0 
 0 
 0 
 0 
 0 
 0 
 0 
 0 
 0 
 0 
 0 
 0 
 0 
 0 
 0 
 0 
 0 
 0 
 0 
 0 
 0 
 0 
 0 
 0 
 0 
 0 
 0 
 0 
 0 
 0 
 0 
 0 
 0 
 0 
 0 
 0 
 0 
 0 
 0 
 0 
 0 
 0 
 0 
 0 
 0 
 0 
 0 
 0 
 0 
 0 
 0 
 0 
 0 
 0 
 0 
 0 
 0 
 0 
 0 
 0 
 0 
 0 
 0 
 0 
 0 
 0 
 0 
 0 
 0 
 0 
 0 
 0 
 0 
 0 
 0 
 0 
 0 
 0 
 0 
 0 
 0 
 0 
 0 
 0 
 0 
 0 
 0 
 0 
 0 
 0 
 0 
 0 
 0 
 0 
 0 
 0 
 0 
 0 
 0 
 0 
 0 
 0 
 0 
 0 
 0 
 0 
 0 
 0 
 0 
 0 
 0 
 0 
 0 
 0 
 0 
 0 
 0 
 0 
 0 
 0 
 0 
 0 
 0 
 0 
 0 
 0 
 0 
 0 
 0 
 0 
 0 
 0 
 0 
 0 
 0 
 0 
 0 
 0 
 0 
 0 
 0 
 0 
 0 
 0 
 0 
 0 
 0 
 0 
 0 
 0 
 0 
 0 
 0 
 0 
 0 
 0 
 0 
 0 
 0 
 0 
 0 
 0 
 0 
 0 
 0 
 0 
 0 
 0 
 0 
 0 
 0 
 0 
 0 
 0 
 0 
 0 
 0 
 0 
 0 
 0 
 0 
 0 
 0 
 0 
 0 
 0 
 0 
 0 
 0 
 0 
 0 
 0 
 0 
 0 
 0 
 0 
 0 
 0 
 0 
 0 
 0 
 0 
 0 
 0 
 0 
 0 
 0 
 0 
 0 
