 0 
 0 
 0 
 0 
 0 
 0 
 0 
 0 
 0 
 0 
 0 
 0 
 0 
 0 
 0 
 0 
 0 
 0 
 0 
 0 
 0 
 0 
 0 
 0 
 0 
 0 
 0 
 0 
 0 
 0 
 0 
 0 
 0 
 0 
 0 
 0 
 0 
 0 
 0 
 0 
 0 
 0 
 0 
 0 
 0 
 0 
 0 
 0 
 0 
 0 
 0 
 0 
 0 
 0 
 0 
 0 
 0 
 0 
 0 
 0 
 0 
 0 
 0 
 0 
 0 
 0 
 0 
 0 
 0 
 0 
 0 
 0 
 0 
 0 
 0 
 0 
 0 
 0 
 0 
 0 
 0 
 0 
 0 
 0 
 0 
 0 
 0 
 0 
 0 
 0 
 0 
 0 
 0 
 0 
 0 
 0 
 0 
 0 
 0 
 0 
 0 
 0 
 0 
 0 
 0 
 0 
 0 
 0 
 0 
 0 
 0 
 0 
 0 
 0 
 0 
 0 
 0 
 0 
 0 
 0 
 0 
 0 
 0 
 0 
 0 
 0 
 0 
 0 
 0 
 0 
 0 
 0 
 0 
 0 
 0 
 0 
 0 
 0 
 0 
 0 
 0 
 0 
 0 
 0 
 0 
 0 
 0 
 0 
 0 
 0 
 0 
 0 
 0 
 0 
 0 
 0 
 0 
 0 
 0 
 0 
 0 
 0 
 0 
 0 
 0 
 0 
 0 
 0 
 0 
 0 
 0 
 0 
 0 
 0 
 0 
 0 
 0 
 0 
 0 
 0 
 0 
 0 
 0 
 0 
 0 
 0 
 0 
 0 
 0 
 0 
 0 
 0 
 0 
 0 
 0 
 0 
 0 
 0 
 0 
 0 
 0 
 0 
 0 
 0 
 0 
 0 
 0 
 0 
 0 
 0 
 0 
 0 
 0 
 0 
 0 
 0 
 0 
 0 
 0 
 0 
 0 
 0 
 0 
 0 
 0 
 0 
 0 
 0 
 0 
 0 
 0 
 0 
 0 
 0 
 0 
 0 
 0 
 0 
 0 
 0 
 0 
 0 
 0 
 0 
 0 
 0 
 0 
 0 
 0 
 0 
 0 
 0 
 0 
 0 
 0 
 0 
 0 
 0 
 0 
 0 
 0 
 0 
 0 
 0 
 0 
 0 
 0 
 0 
 0 
 0 
 0 
 0 
 0 
 0 
 0 
 0 
 0 
 0 
 0 
 0 
 0 
 0 
 0 
 0 
 0 
 0 
 0 
 0 
 0 
 0 
 0 
 0 
 0 
 0 
 0 
 0 
 0 
 0 
 0 
 0 
 0 
 0 
 0 
 0 
 0 
 0 
 0 
 0 
 0 
 0 
 0 
 0 
 0 
 0 
 0 
 0 
 0 
 0 
 0 
 0 
 0 
 0 
 0 
 0 
 0 
 0 
 0 
 0 
 0 
 0 
 0 
 0 
 0 
 0 
 0 
 0 
 0 
 0 
 0 
 0 
 0 
 0 
 0 
 0 
 0 
 0 
 0 
 0 
 0 
 0 
 0 
 0 
 0 
 0 
 0 
 0 
 0 
 0 
 0 
 0 
 0 
 0 
 0 
 0 
 0 
 0 
 0 
 0 
 0 
 0 
 0 
 0 
 0 
 0 
 0 
 0 
 0 
 0 
 0 
 0 
 0 
 0 
 0 
 0 
 0 
 0 
 0 
 0 
 0 
 0 
 0 
 0 
 0 
 0 
 0 
 0 
 0 
 0 
 0 
 0 
 0 
 0 
 0 
 0 
 0 
 0 
 0 
 0 
 0 
 0 
 0 
 0 
 0 
 0 
 0 
 0 
 0 
 0 
 0 
 0 
 0 
 0 
 0 
 0 
 0 
 0 
 0 
 0 
 0 
 0 
 0 
 0 
 0 
 0 
 8,46740050804403E-04 
 8,46740050804403E-04 
 8,46740050804403E-04 
 1,69348010160881E-03 
 2,54022015241321E-03 
 3,38696020321761E-03 
 4,23370025402202E-03 
 5,08044030482642E-03 
 6,77392040643522E-03 
 7,62066045723963E-03 
 9,31414055884843E-03 
 1,10076206604572E-02 
 5,08044030482642E-03 
 5,08044030482642E-03 
 5,92718035563082E-03 
 5,92718035563082E-03 
 6,77392040643522E-03 
 6,77392040643522E-03 
 7,62066045723963E-03 
 8,46740050804403E-03 
 9,31414055884843E-03 
 9,31414055884843E-03 
 1,01608806096528E-02 
 1,10076206604572E-02 
 1,18543607112616E-02 
 0,012701100762066 
 1,35478408128704E-02 
 1,43945808636749E-02 
 1,52413209144793E-02 
 1,35478408128704E-02 
 1,35478408128704E-02 
 1,52413209144793E-02 
 1,60880609652837E-02 
 1,77815410668925E-02 
 1,86282811176969E-02 
 1,94750211685013E-02 
 1,86282811176969E-02 
 1,69348010160881E-02 
 1,69348010160881E-02 
 1,86282811176969E-02 
 2,03217612193057E-02 
 2,11685012701101E-02 
 2,28619813717189E-02 
 2,37087214225233E-02 
 2,45554614733277E-02 
 2,20152413209145E-02 
 2,54022015241321E-02 
 2,70956816257409E-02 
 2,70956816257409E-02 
 2,79424216765453E-02 
 2,45554614733277E-02 
 2,54022015241321E-02 
 2,62489415749365E-02 
 2,45554614733277E-02 
 2,45554614733277E-02 
 2,96359017781541E-02 
 2,96359017781541E-02 
 2,96359017781541E-02 
 3,04826418289585E-02 
 3,13293818797629E-02 
 3,38696020321761E-02 
 3,13293818797629E-02 
 3,21761219305673E-02 
 3,47163420829805E-02 
 4,06435224386113E-02 
 3,97967823878069E-02 
 4,06435224386113E-02 
 4,14902624894158E-02 
 4,06435224386113E-02 
 4,14902624894158E-02 
 0,044030482641829 
 4,23370025402202E-02 
 4,14902624894158E-02 
 4,23370025402202E-02 
 4,74174428450466E-02 
 5,92718035563082E-02 
 6,77392040643522E-02 
 6,68924640135478E-02 
 8,46740050804403E-02 
 6,35055038103302E-02 
 0,065198983911939 
 6,35055038103302E-02 
 6,43522438611346E-02 
 6,77392040643522E-02 
 7,95935647756139E-02 
 7,53598645215919E-02 
 8,21337849280271E-02 
 9,14479254868755E-02 
 9,82218458933107E-02 
 9,73751058425063E-02 
 0,217612193056732 
 0,229466553767993 
 0,229466553767993 
 0,235393734123624 
 0,235393734123624 
 0,235393734123624 
 0,237933954276037 
 0,254022015241321 
 0,263336155800169 
 0,266723116003387 
 0,270110076206605 
 0,27688399661304 
 0,280270956816257 
 0,25571549534293 
 0,265876375952583 
 0,282811176968671 
 0,286198137171888 
 0,289585097375106 
 0,299745977984759 
 0,281117696867062 
 0,165961049957663 
 0,167654530059272 
 0,161727349703641 
 0,16342082980525 
 0,17696867061812 
 0,178662150719729 
 0,110076206604572 
 0,12701100762066 
 0,123624047417443 
 0,132938187976291 
 0,138865368331922 
 0,143945808636749 
 0,24047417442845 
 0,238780694326842 
 0,245554614733277 
 0,238780694326842 
 0,245554614733277 
 0,273497036409822 
 0,187976291278577 
 0,185436071126164 
 0,191363251481795 
 0,193056731583404 
 0,198983911939035 
 0,20575783234547 
 0,285351397121084 
 0,282811176968671 
 0,289585097375106 
 0,334462320067739 
 0,346316680779001 
 0,378492802709568 
 0,39034716342083 
 0,379339542760373 
 0,401354784081287 
 0,408975444538527 
 0,412362404741744 
 0,395427603725656 
 0,392887383573243 
 0,370025402201524 
 0,321761219305673 
 0,375952582557155 
 0,388653683319221 
 0,391193903471634 
 0,414902624894157 
 0,417442845046571 
 0,430990685859441 
 0,439458086367485 
 0,425910245554615 
 0,412362404741744 
 0,54614733276884 
 0,505503810330229 
 0,519051651143099 
 0,522438611346317 
 0,519898391193903 
 0,376799322607959 
 0,396274343776461 
 0,364098221845893 
 0,349703640982218 
 0,368331922099915 
 0,393734123624047 
 0,366638441998307 
 0,497883149872989 
 0,500423370025402 
 0,50381033022862 
 0,512277730736664 
 0,508890770533446 
 0,511430990685859 
 0,520745131244708 
 0,261642675698561 
 0,250635055038103 
 0,258255715495343 
 0,284504657070279 
 0,279424216765453 
 0,292972057578323 
 0,288738357324301 
 0,27688399661304 
 0,291278577476715 
 0,318374259102456 
 0,358171041490262 
 0,365791701947502 
 0,43268416596105 
 0,427603725656224 
 0,442845046570703 
 0,470787468247248 
 0,473327688399661 
 0,396274343776461 
 0,410668924640135 
 0,372565622353937 
 0,281117696867062 
 0,261642675698561 
 0,270110076206605 
 0,257408975444539 
 0,509737510584251 
 0,512277730736664 
 0,513971210838273 
 0,206604572396274 
 0,207451312447079 
 0,187129551227773 
 0,194750211685013 
 0,195596951735817 
 0,175275190516511 
 0,190516511430991 
 0,183742591024555 
 0,191363251481795 
 0,199830651989839 
 0,186282811176969 
 0,179508890770533 
 0,215918712955123 
 0,209991532599492 
 0,203217612193057 
 0,225232853513971 
 0,21930567315834 
 0,22692633361558 
 0,227773073666384 
 0,220999153259949 
 0,243861134631668 
 0,222692633361558 
 0,215918712955123 
 0,216765453005927 
 0,217612193056732 
 0,217612193056732 
 0,218458933107536 
 0,257408975444539 
 0,54614733276884 
 0,707874682472481 
 0,70956816257409 
 0,674005080440305 
 0,660457239627434 
 0,654530059271804 
 0,239627434377646 
 0,239627434377646 
 0,690939881456393 
 0,661303979678239 
 0,663844199830652 
 0,696867061812024 
 0,533446232006774 
 0,527519051651143 
 0,55969517358171 
 0,601185436071126 
 0,459779847586791 
 0,572396274343776 
 0,565622353937341 
 0,407281964436918 
 0,600338696020322 
 0,513124470787468 
 0,458086367485182 
 0,46740050804403 
 0,444538526672312 
 0,420829805249788 
 0,341236240474174 
 0,341236240474174 
 0,325994919559695 
 0,302286198137172 
 0,310753598645216 
 0,295512277730737 
 0,279424216765453 
 0,247248094834886 
 0,247248094834886 
 0,24809483488569 
 0,256562235393734 
 0,232853513971211 
 0,249788314987299 
 0,275190516511431 
 0,266723116003387 
 0,259102455546147 
 0,259949195596952 
 0,193056731583404 
 0,201524132091448 
 0,227773073666384 
 0,227773073666384 
 0,227773073666384 
 0,228619813717189 
 0,237087214225233 
 0,237933954276037 
 0,237933954276037 
 0,195596951735817 
 0,196443691786621 
 0,179508890770533 
 0,171041490262489 
 0,188823031329382 
 0,197290431837426 
 0,20575783234547 
 0,223539373412362 
 0,232853513971211 
 0,224386113463167 
 0,232853513971211 
 0,345469940728196 
 0,363251481795089 
 0,346316680779001 
 0,355630821337849 
 0,364944961896698 
 0,391193903471634 
 0,870448772226926 
 0,871295512277731 
 0,872142252328535 
 0,87298899237934 
 0,874682472480948 
 0,849280270956816 
 0,849280270956816 
 0,876375952582557 
 0,877222692633362 
 0,878069432684166 
 0,87891617273497 
 0,879762912785775 
 0,880609652836579 
 0,881456392887384 
 0,882303132938188 
 0,803556308213379 
 0,785774767146486 
 0,742591024555461 
 0,75190516511431 
 0,769686706181202 
 0,779000846740051 
 0,788314987298899 
 0,868755292125318 
 0,887383573243014 
 0,825571549534293 
 0,825571549534293 
 0,648602878916173 
 0,666384419983065 
 0,640135478408129 
 0,578323454699407 
 0,640982218458933 
 0,516511430990686 
 0,516511430990686 
 0,508044030482642 
 0,534292972057578 
 0,480948348856901 
 0,427603725656224 
 0,427603725656224 
 0,544453852667231 
 0,544453852667231 
 0,597798475867909 
 0,624894157493649 
 0,660457239627434 
 0,696020321761219 
 0,464013547840813 
 0,526672311600339 
 0,72311600338696 
 0,72311600338696 
 0,758679085520745 
 0,678238780694327 
 0,303132938187976 
 0,285351397121084 
 0,320914479254869 
 0,312447078746825 
 0,320914479254869 
 0,58848433530906 
 0,543607112616427 
 0,641828958509738 
 0,516511430990686 
 0,480948348856901 
 0,445385266723116 
 0,436071126164268 
 0,408975444538527 
 0,38272650296359 
 0,284504657070279 
 0,292972057578323 
 0,292972057578323 
 0,320067739204064 
 0,328535139712108 
 0,283657917019475 
 0,24809483488569 
 0,256562235393734 
 0,460626587637595 
 0,840812870448772 
 0,822184589331075 
 0,822184589331075 
 0,821337849280271 
 0,820491109229467 
 0,758679085520745 
 0,634208298052498 
 0,65198983911939 
 0,65961049957663 
 0,65961049957663 
 0,685012701100762 
 0,657917019475021 
 0,657917019475021 
 0,657070279424217 
 0,656223539373412 
 0,410668924640135 
 0,402201524132091 
 0,41913632514818 
 0,383573243014395 
 0,453005927180356 
 0,460626587637595 
 0,512277730736664 
 0,512277730736664 
 0,70194750211685 
 0,831498729889924 
 0,821337849280271 
 0,820491109229467 
 0,828111769686706 
 0,396274343776461 
 0,36155800169348 
 0,352243861134632 
 0,351397121083827 
 0,351397121083827 
 0,393734123624047 
 0,708721422523285 
 0,707874682472481 
 0,707027942421677 
 0,697713801862828 
 0,670618120237087 
 0,542760372565622 
 0,558848433530906 
 0,337849280270957 
 0,362404741744284 
 0,370872142252329 
 0,386960203217612 
 0,36917866215072 
 0,360711261642676 
 0,535139712108383 
 0,601185436071126 
 0,608806096528366 
 0,615580016934801 
 0,58086367485182 
 0,364944961896698 
 0,54614733276884 
 0,569856054191363 
 0,585097375105842 
 0,468247248094835 
 0,426756985605419 
 0,679932260795936 
 0,678238780694327 
 0,676545300592718 
 0,675698560541914 
 0,681625740897544 
 0,712955122777307 
 0,711261642675699 
 0,790008467400508 
 0,804403048264183 
 0,802709568162574 
 0,801016088060965 
 0,798475867908552 
 0,796782387806943 
 0,795088907705334 
 0,793395427603726 
 0,790855207451312 
 0,789161727349704 
 0,78662150719729 
 0,784928027095682 
 0,783234546994073 
 0,78069432684166 
 0,779000846740051 
 0,776460626587638 
 0,774767146486029 
 0,772226926333616 
 0,770533446232007 
 0,629974597798476 
 0,628281117696867 
 0,618120237087214 
 0,616426756985605 
 0,629974597798476 
 0,620660457239627 
 0,618966977138019 
 0,616426756985605 
 0,614733276883997 
 0,665537679932261 
 0,662997459779848 
 0,661303979678239 
 0,658763759525826 
 0,641828958509738 
 0,632514817950889 
 0,637595258255716 
 0,650296359017781 
 0,669771380186283 
 0,536833192209991 
 0,513124470787468 
 0,410668924640135 
 0,408975444538527 
 0,386113463166808 
 0,356477561388654 
 0,362404741744284 
 0,367485182049111 
 0,443691786621507 
 0,456392887383573 
 0,601185436071126 
 0,599491955969517 
 0,590177815410669 
 0,587637595258256 
 0,599491955969517 
 0,590177815410669 
 0,587637595258256 
 0,537679932260796 
 0,677392040643522 
 0,674851820491109 
 0,672311600338696 
 0,668924640135478 
 0,666384419983065 
 0,662997459779848 
 0,660457239627434 
 0,657070279424217 
 0,549534292972058 
 0,546994072819644 
 0,544453852667231 
 0,542760372565622 
 0,54614733276884 
 0,543607112616427 
 0,636748518204911 
 0,633361558001693 
 0,63082133784928 
 0,627434377646063 
 0,624047417442845 
 0,621507197290432 
 0,618120237087214 
 0,614733276883997 
 0,612193056731583 
 0,608806096528366 
 0,605419136325148 
 0,602032176121931 
 0,599491955969517 
 0,5961049957663 
 0,592718035563082 
 0,589331075359865 
 0,585944115156647 
 0,583403895004234 
 0,580016934801016 
 0,576629974597799 
 0,573243014394581 
 0,569856054191363 
 0,566469093988146 
 0,563082133784928 
 0,55969517358171 
 0,556308213378493 
 0,552921253175275 
 0,549534292972058 
 0,54614733276884 
 0,542760372565622 
 0,539373412362405 
 0,535986452159187 
 0,53259949195597 
 0,529212531752752 
 0,525825571549534 
 0,521591871295512 
 0,518204911092295 
 0,514817950889077 
 0,511430990685859 
 0,508044030482642 
 0,504657070279424 
 0,500423370025402 
 0,497036409822185 
 0,493649449618967 
 0,490262489415749 
 0,486028789161727 
 0,357324301439458 
 0,349703640982218 
 0,318374259102456 
 0,330228619813717 
 0,33276883996613 
 0,394580863674852 
 0,396274343776461 
 0,379339542760373 
 0,29043183742591 
 0,404741744284505 
 0,379339542760373 
 0,371718882303133 
 0,364098221845893 
 0,34801016088061 
 0,344623200677392 
 0,350550381033023 
 0,347163420829805 
 0,360711261642676 
 0,353090601185436 
 0,346316680779001 
 0,342929720575783 
 0,339542760372566 
 0,284504657070279 
 0,254022015241321 
 0,341236240474174 
 0,337849280270957 
 0,242167654530059 
 0,362404741744284 
 0,358171041490262 
 0,350550381033023 
 0,309906858594412 
 0,307366638441998 
 0,343776460626588 
 0,33276883996613 
 0,325148179508891 
 0,321761219305673 
 0,318374259102456 
 0,310753598645216 
 0,297205757832345 
 0,333615580016935 
 0,330228619813717 
 0,325994919559695 
 0,321761219305673 
 0,318374259102456 
 0,314140558848434 
 0,309906858594412 
 0,306519898391194 
 0,302286198137172 
 0,29805249788315 
 0,293818797629128 
 0,29043183742591 
 0,286198137171888 
 0,281964436917866 
 0,277730736663844 
 0,274343776460627 
 0,270110076206605 
 0,265876375952583 
 0,262489415749365 
 0,258255715495343 
 0,254022015241321 
 0,249788314987299 
 0,246401354784081 
 0,242167654530059 
 0,232853513971211 
 0,233700254022015 
 0,230313293818798 
 0,226079593564776 
 0,221845893310754 
 0,126164267569856 
 0,124470787468247 
 0,149026248941575 
 0,154106689246401 
 0,145639288738357 
 0,146486028789162 
 0,124470787468247 
 0,117696867061812 
 0,139712108382726 
 0,129551227773074 
 0,124470787468247 
 0,133784928027096 
 0,1346316680779 
 0,131244707874682 
 0,127857747671465 
 0,128704487722269 
 0,125317527519052 
 0,117696867061812 
 0,118543607112616 
 0,111769686706181 
 9,56816257408975E-02 
 9,73751058425063E-02 
 8,12870448772227E-02 
 8,63674851820491E-02 
 0,111769686706181 
 0,106689246401355 
 0,103302286198137 
 9,99153259949196E-02 
 0,109229466553768 
 0,104995766299746 
 0,101608806096528 
 9,82218458933107E-02 
 9,39881456392887E-02 
 8,72142252328535E-02 
 8,38272650296359E-02 
 7,87468247248095E-02 
 7,62066045723963E-02 
 7,02794242167655E-02 
 6,26587637595258E-02 
 6,01185436071126E-02 
 0,056731583403895 
 5,41913632514818E-02 
 5,92718035563082E-02 
 5,50381033022862E-02 
 0,052497883149873 
 4,99576629974598E-02 
 4,48772226926334E-02 
 4,31837425910246E-02 
 2,79424216765453E-02 
 3,13293818797629E-02 
 2,79424216765453E-02 
 2,62489415749365E-02 
 1,35478408128704E-02 
 0,012701100762066 
 1,18543607112616E-02 
 1,86282811176969E-02 
 1,69348010160881E-02 
 1,52413209144793E-02 
 1,35478408128704E-02 
 1,18543607112616E-02 
 1,10076206604572E-02 
 6,77392040643522E-03 
 5,08044030482642E-03 
 4,23370025402202E-03 
 3,38696020321761E-03 
 3,38696020321761E-03 
 2,54022015241321E-03 
 1,69348010160881E-03 
 1,69348010160881E-03 
 8,46740050804403E-04 
 8,46740050804403E-04 
 8,46740050804403E-04 
 0 
 0 
 0 
 0 
 0 
 0 
 0 
 0 
 0 
 0 
 0 
 0 
 0 
 0 
 0 
 0 
 0 
 0 
 0 
 0 
 0 
 0 
 0 
 0 
 0 
 0 
 0 
 0 
 0 
 0 
 0 
 0 
 0 
 0 
 0 
 0 
 0 
 0 
 0 
 0 
 0 
 0 
 0 
 0 
 0 
 0 
 0 
 0 
 0 
 0 
 0 
 0 
 0 
 0 
 0 
 0 
 0 
 0 
 0 
 0 
 0 
 0 
 0 
 0 
 0 
 0 
 0 
 0 
 0 
 0 
 0 
 0 
 0 
 0 
 0 
 0 
 0 
 0 
 0 
 0 
 0 
 0 
 0 
 0 
 0 
 0 
 0 
 0 
 0 
 0 
 0 
 0 
 0 
 0 
 0 
 0 
 0 
 0 
 0 
 0 
 0 
 0 
 0 
 0 
 0 
 0 
 0 
 0 
 0 
 0 
 0 
 0 
 0 
 0 
 0 
 0 
 0 
 0 
 0 
 0 
 0 
 0 
 0 
 0 
 0 
 0 
 0 
 0 
 0 
 0 
 0 
 0 
 0 
 0 
 0 
 0 
 0 
 0 
 0 
 0 
 0 
 0 
 0 
 0 
 0 
 0 
 0 
 0 
 0 
 0 
 0 
 0 
 0 
 0 
 0 
 0 
 0 
 0 
 0 
 0 
 0 
 0 
 0 
 0 
 0 
 0 
 0 
 0 
 0 
 0 
 0 
 0 
 0 
 0 
 0 
 0 
 0 
 0 
 0 
 0 
 0 
 0 
 0 
 0 
 0 
 0 
 0 
 0 
 0 
 0 
 0 
 0 
 0 
 0 
 0 
 0 
 0 
 0 
 0 
 0 
 0 
 0 
 0 
 0 
 0 
 0 
 0 
 0 
 0 
 0 
 0 
 0 
 0 
 0 
 0 
 0 
 0 
 0 
 0 
 0 
 0 
 0 
 0 
 0 
 0 
 0 
 0 
 0 
 0 
 0 
 0 
 0 
 0 
 0 
 0 
 0 
 0 
 0 
 0 
 0 
 0 
 0 
 0 
 0 
 0 
 0 
 0 
 0 
 0 
 0 
 0 
 0 
 0 
 0 
 0 
 0 
 0 
 0 
 0 
 0 
 0 
 0 
 0 
 0 
 0 
 0 
 0 
 0 
 0 
 0 
 0 
 0 
 0 
 0 
 0 
 0 
 0 
 0 
 0 
 0 
 0 
 0 
 0 
 0 
 0 
 0 
 0 
 0 
 0 
 0 
 0 
 0 
 0 
 0 
 0 
 0 
 0 
 0 
 0 
 0 
 0 
 0 
 0 
 0 
 0 
 0 
 0 
 0 
 0 
 0 
 0 
 0 
