 0 
 0 
 0 
 0 
 0 
 0 
 0 
 0 
 0 
 0 
 0 
 0 
 0 
 0 
 0 
 0 
 0 
 0 
 0 
 0 
 0 
 0 
 0 
 0 
 0 
 0 
 0 
 0 
 0 
 0 
 0 
 0 
 0 
 0 
 0 
 0 
 0 
 0 
 0 
 0 
 0 
 0 
 0 
 0 
 0 
 0 
 0 
 0 
 0 
 0 
 0 
 0 
 0 
 0 
 0 
 0 
 0 
 0 
 0 
 0 
 0 
 0 
 0 
 0 
 0 
 0 
 0 
 0 
 0 
 0 
 0 
 0 
 0 
 0 
 0 
 0 
 0 
 0 
 0 
 0 
 0 
 0 
 0 
 0 
 0 
 0 
 0 
 0 
 0 
 0 
 0 
 0 
 0 
 0 
 0 
 0 
 0 
 0 
 0 
 0 
 0 
 0 
 0 
 0 
 0 
 0 
 0 
 0 
 0 
 0 
 0 
 0 
 0 
 0 
 0 
 0 
 0 
 0 
 0 
 0 
 0 
 0 
 0 
 0 
 0 
 0 
 0 
 0 
 0 
 0 
 0 
 0 
 0 
 0 
 0 
 0 
 0 
 0 
 0 
 0 
 0 
 0 
 0 
 0 
 0 
 0 
 0 
 0 
 0 
 0 
 0 
 0 
 0 
 0 
 0 
 0 
 0 
 0 
 0 
 0 
 0 
 0 
 0 
 0 
 0 
 0 
 0 
 0 
 0 
 0 
 0 
 0 
 0 
 0 
 0 
 0 
 0 
 0 
 0 
 0 
 0 
 0 
 0 
 0 
 0 
 0 
 0 
 0 
 0 
 0 
 0 
 0 
 0 
 0 
 0 
 0 
 0 
 0 
 0 
 0 
 0 
 0 
 0 
 0 
 0 
 0 
 0 
 0 
 0 
 0 
 0 
 0 
 0 
 0 
 0 
 0 
 0 
 0 
 0 
 0 
 0 
 0 
 0 
 0 
 0 
 0 
 0 
 0 
 0 
 0 
 0 
 0 
 0 
 0 
 0 
 0 
 0 
 0 
 0 
 0 
 0 
 0 
 0 
 0 
 0 
 0 
 0 
 0 
 0 
 0 
 0 
 0 
 0 
 0 
 0 
 0 
 0 
 0 
 0 
 0 
 0 
 0 
 0 
 0 
 0 
 0 
 0 
 0 
 0 
 0 
 0 
 0 
 0 
 0 
 0 
 0 
 0 
 0 
 0 
 0 
 0 
 0 
 0 
 0 
 0 
 0 
 0 
 0 
 0 
 0 
 0 
 0 
 0 
 0 
 0 
 0 
 0 
 0 
 0 
 0 
 0 
 0 
 0 
 0 
 0 
 0 
 0 
 0 
 0 
 0 
 0 
 0 
 0 
 0 
 0 
 0 
 0 
 0 
 0 
 0 
 0 
 0 
 0 
 0 
 0 
 0 
 0 
 0 
 0 
 0 
 0 
 0 
 0 
 0 
 0 
 0 
 0 
 0 
 0 
 0 
 0 
 0 
 0 
 0 
 0 
 0 
 0 
 0 
 0 
 0 
 0 
 0 
 0 
 0 
 0 
 0 
 0 
 0 
 0 
 0 
 0 
 0 
 0 
 0 
 0 
 0 
 0 
 0 
 0 
 0 
 0 
 0 
 0 
 0 
 0 
 0 
 0 
 0 
 0 
 0 
 0 
 0 
 0 
 0 
 0 
 0 
 0 
 0 
 0 
 0 
 0 
 0 
 0 
 0 
 0 
 0 
 0 
 0 
 0 
 0 
 0 
 0 
 0 
 0 
 0 
 0 
 0 
 0 
 0 
 0 
 0 
 0 
 0 
 0 
 0 
 0 
 0 
 0 
 0 
 0 
 0 
 0 
 0 
 0 
 0 
 0 
 0 
 0 
 0 
 0 
 0 
 0 
 0 
 0 
 0 
 0 
 0 
 8,46740050804403E-04 
 8,46740050804403E-04 
 8,46740050804403E-04 
 1,69348010160881E-03 
 1,69348010160881E-03 
 2,54022015241321E-03 
 2,54022015241321E-03 
 3,38696020321761E-03 
 4,23370025402202E-03 
 4,23370025402202E-03 
 5,08044030482642E-03 
 0,012701100762066 
 1,43945808636749E-02 
 1,35478408128704E-02 
 1,43945808636749E-02 
 1,35478408128704E-02 
 1,10076206604572E-02 
 1,18543607112616E-02 
 1,18543607112616E-02 
 1,52413209144793E-02 
 1,60880609652837E-02 
 1,43945808636749E-02 
 1,60880609652837E-02 
 1,77815410668925E-02 
 1,77815410668925E-02 
 1,86282811176969E-02 
 2,62489415749365E-02 
 2,87891617273497E-02 
 3,04826418289585E-02 
 3,97967823878069E-02 
 4,31837425910246E-02 
 5,41913632514818E-02 
 6,77392040643522E-02 
 6,77392040643522E-02 
 7,02794242167655E-02 
 7,36663844199831E-02 
 7,79000846740051E-02 
 8,12870448772227E-02 
 8,38272650296359E-02 
 8,72142252328535E-02 
 0,104995766299746 
 0,108382726502964 
 0,111769686706181 
 0,116003386960203 
 0,119390347163421 
 7,87468247248095E-02 
 7,87468247248095E-02 
 0,107535986452159 
 0,110076206604572 
 8,89077053344623E-02 
 9,22946655376799E-02 
 9,22946655376799E-02 
 8,89077053344623E-02 
 9,06011854360711E-02 
 9,14479254868755E-02 
 0,103302286198137 
 0,104149026248942 
 9,99153259949196E-02 
 0,10584250635055 
 0,14225232853514 
 0,147332768839966 
 0,149872988992379 
 0,153259949195597 
 0,158340389500423 
 0,181202370872142 
 0,12701100762066 
 0,125317527519052 
 0,138018628281118 
 0,144792548687553 
 0,152413209144793 
 0,148179508890771 
 0,153259949195597 
 0,139712108382726 
 0,139712108382726 
 0,14225232853514 
 0,130397967823878 
 0,139712108382726 
 0,137171888230313 
 0,137171888230313 
 0,118543607112616 
 0,120237087214225 
 0,127857747671465 
 0,12701100762066 
 0,126164267569856 
 0,127857747671465 
 0,118543607112616 
 0,122777307366638 
 0,118543607112616 
 0,117696867061812 
 0,116003386960203 
 0,12108382726503 
 0,119390347163421 
 0,151566469093988 
 0,141405588484335 
 0,15580016934801 
 0,196443691786621 
 0,195596951735817 
 0,217612193056732 
 0,220152413209145 
 0,266723116003387 
 0,270110076206605 
 0,342082980524979 
 0,335309060118544 
 0,328535139712108 
 0,342929720575783 
 0,274343776460627 
 0,262489415749365 
 0,272650296359018 
 0,215918712955123 
 0,221845893310754 
 0,236240474174428 
 0,237933954276037 
 0,186282811176969 
 0,18458933107536 
 0,189669771380186 
 0,187976291278577 
 0,185436071126164 
 0,187129551227773 
 0,152413209144793 
 0,157493649449619 
 0,159187129551228 
 0,165114309906859 
 0,144792548687553 
 0,124470787468247 
 0,121930567315834 
 0,122777307366638 
 0,119390347163421 
 0,110922946655377 
 9,39881456392887E-02 
 9,48348856900931E-02 
 8,63674851820491E-02 
 7,36663844199831E-02 
 7,45131244707875E-02 
 7,02794242167655E-02 
 7,02794242167655E-02 
 7,11261642675699E-02 
 7,62066045723963E-02 
 7,70533446232007E-02 
 7,79000846740051E-02 
 7,36663844199831E-02 
 7,36663844199831E-02 
 7,45131244707875E-02 
 8,04403048264183E-02 
 8,55207451312447E-02 
 7,62066045723963E-02 
 8,21337849280271E-02 
 7,70533446232007E-02 
 7,79000846740051E-02 
 8,38272650296359E-02 
 7,87468247248095E-02 
 8,97544453852667E-02 
 9,56816257408975E-02 
 9,65283657917019E-02 
 9,14479254868755E-02 
 9,22946655376799E-02 
 9,31414055884843E-02 
 0,104149026248942 
 9,90685859441152E-02 
 9,48348856900931E-02 
 8,97544453852667E-02 
 8,97544453852667E-02 
 8,46740050804403E-02 
 0,102455546147333 
 0,103302286198137 
 0,103302286198137 
 9,22946655376799E-02 
 9,31414055884843E-02 
 9,39881456392887E-02 
 9,39881456392887E-02 
 0,124470787468247 
 0,131244707874682 
 0,107535986452159 
 0,114309906858594 
 0,109229466553768 
 0,103302286198137 
 0,110076206604572 
 0,104149026248942 
 0,104995766299746 
 9,90685859441152E-02 
 9,39881456392887E-02 
 8,80609652836579E-02 
 8,80609652836579E-02 
 9,48348856900931E-02 
 9,56816257408975E-02 
 9,56816257408975E-02 
 9,65283657917019E-02 
 9,65283657917019E-02 
 0,103302286198137 
 9,14479254868755E-02 
 9,82218458933107E-02 
 8,55207451312447E-02 
 9,22946655376799E-02 
 8,63674851820491E-02 
 9,99153259949196E-02 
 8,72142252328535E-02 
 8,72142252328535E-02 
 7,45131244707875E-02 
 8,80609652836579E-02 
 8,80609652836579E-02 
 9,56816257408975E-02 
 9,56816257408975E-02 
 9,65283657917019E-02 
 9,65283657917019E-02 
 9,73751058425063E-02 
 9,06011854360711E-02 
 9,06011854360711E-02 
 8,38272650296359E-02 
 7,79000846740051E-02 
 9,22946655376799E-02 
 8,55207451312447E-02 
 7,87468247248095E-02 
 7,87468247248095E-02 
 7,87468247248095E-02 
 7,19729043183743E-02 
 7,95935647756139E-02 
 7,95935647756139E-02 
 8,04403048264183E-02 
 8,72142252328535E-02 
 0,110076206604572 
 0,103302286198137 
 0,110922946655377 
 0,110922946655377 
 0,104149026248942 
 0,111769686706181 
 0,12701100762066 
 0,12701100762066 
 0,120237087214225 
 0,12108382726503 
 0,11346316680779 
 0,11346316680779 
 0,121930567315834 
 0,121930567315834 
 0,122777307366638 
 0,122777307366638 
 0,122777307366638 
 0,123624047417443 
 0,123624047417443 
 0,132091447925487 
 0,109229466553768 
 0,132938187976291 
 0,125317527519052 
 0,133784928027096 
 0,133784928027096 
 0,157493649449619 
 0,173581710414903 
 0,182049110922947 
 0,182895850973751 
 0,191363251481795 
 0,191363251481795 
 0,199830651989839 
 0,200677392040644 
 0,193056731583404 
 0,193056731583404 
 0,185436071126164 
 0,210838272650296 
 0,186282811176969 
 0,187129551227773 
 0,187129551227773 
 0,187976291278577 
 0,196443691786621 
 0,221845893310754 
 0,328535139712108 
 0,320914479254869 
 0,387806943268417 
 0,388653683319221 
 0,397967823878069 
 0,373412362404742 
 0,48264182895851 
 0,499576629974598 
 0,642675698560542 
 0,635901778154107 
 0,670618120237087 
 0,671464860287892 
 0,672311600338696 
 0,674005080440305 
 0,683319220999153 
 0,684165961049958 
 0,69432684165961 
 0,695173581710415 
 0,696020321761219 
 0,790855207451312 
 0,740897544453853 
 0,494496189669771 
 0,700254022015241 
 0,74428450465707 
 0,736663844199831 
 0,755292125317528 
 0,729889923793395 
 0,722269263336156 
 0,72311600338696 
 0,724809483488569 
 0,725656223539373 
 0,726502963590178 
 0,701100762066046 
 0,54614733276884 
 0,546994072819644 
 0,686706181202371 
 0,696020321761219 
 0,321761219305673 
 0,331075359864522 
 0,366638441998307 
 0,34038950042337 
 0,341236240474174 
 0,341236240474174 
 0,341236240474174 
 0,33276883996613 
 0,324301439458086 
 0,289585097375106 
 0,307366638441998 
 0,308213378492803 
 0,458086367485182 
 0,449618966977138 
 0,485182049110923 
 0,397121083827265 
 0,380186282811177 
 0,397967823878069 
 0,406435224386113 
 0,389500423370025 
 0,371718882303133 
 0,345469940728196 
 0,337002540220152 
 0,337002540220152 
 0,346316680779001 
 0,372565622353937 
 0,364098221845893 
 0,364098221845893 
 0,364944961896698 
 0,355630821337849 
 0,347163420829805 
 0,471634208298052 
 0,285351397121084 
 0,258255715495343 
 0,249788314987299 
 0,525825571549534 
 0,552921253175275 
 0,633361558001693 
 0,677392040643522 
 0,668924640135478 
 0,562235393734124 
 0,544453852667231 
 0,552921253175275 
 0,668924640135478 
 0,660457239627434 
 0,660457239627434 
 0,660457239627434 
 0,660457239627434 
 0,357324301439458 
 0,401354784081287 
 0,401354784081287 
 0,41913632514818 
 0,41913632514818 
 0,428450465707028 
 0,633361558001693 
 0,65961049957663 
 0,65961049957663 
 0,624047417442845 
 0,552074513124471 
 0,569856054191363 
 0,507197290431837 
 0,542760372565622 
 0,542760372565622 
 0,489415749364945 
 0,426756985605419 
 0,426756985605419 
 0,861981371718882 
 0,648602878916173 
 0,657070279424217 
 0,656223539373412 
 0,56731583403895 
 0,575783234546994 
 0,584250635055038 
 0,602032176121931 
 0,451312447078747 
 0,406435224386113 
 0,353090601185436 
 0,397121083827265 
 0,431837425910246 
 0,431837425910246 
 0,422523285351397 
 0,430990685859441 
 0,47502116850127 
 0,4038950042337 
 0,377646062658764 
 0,368331922099915 
 0,516511430990686 
 0,464013547840813 
 0,515664690939881 
 0,760372565622354 
 0,75952582557155 
 0,819644369178662 
 0,809483488569009 
 0,843353090601185 
 0,642675698560542 
 0,641828958509738 
 0,597798475867909 
 0,493649449618967 
 0,466553767993226 
 0,587637595258256 
 0,586790855207451 
 0,585944115156647 
 0,52497883149873 
 0,859441151566469 
 0,85774767146486 
 0,856900931414056 
 0,855207451312447 
 0,854360711261643 
 0,853513971210838 
 0,851820491109229 
 0,850127011007621 
 0,849280270956816 
 0,847586790855207 
 0,846740050804403 
 0,845046570702794 
 0,843353090601185 
 0,842506350550381 
 0,840812870448772 
 0,839119390347163 
 0,838272650296359 
 0,83657917019475 
 0,834885690093141 
 0,833192209991533 
 0,632514817950889 
 0,63082133784928 
 0,629974597798476 
 0,636748518204911 
 0,693480101608806 
 0,675698560541914 
 0,666384419983065 
 0,615580016934801 
 0,286198137171888 
 0,3268416596105 
 0,325994919559695 
 0,325148179508891 
 0,33276883996613 
 0,315834038950042 
 0,291278577476715 
 0,249788314987299 
 0,257408975444539 
 0,248941574936494 
 0,24809483488569 
 0,25571549534293 
 0,254868755292125 
 0,254022015241321 
 0,190516511430991 
 0,189669771380186 
 0,21337849280271 
 0,306519898391194 
 0,321761219305673 
 0,328535139712108 
 0,343776460626588 
 0,31922099915326 
 0,318374259102456 
 0,317527519051651 
 0,316680779000847 
 0,454699407281964 
 0,414902624894157 
 0,76545300592718 
 0,763759525825571 
 0,692633361558002 
 0,675698560541914 
 0,68839966130398 
 0,723962743437765 
 0,586790855207451 
 0,397121083827265 
 0,568162574089754 
 0,574089754445385 
 0,541913632514818 
 0,555461473327688 
 0,575783234546994 
 0,323454699407282 
 0,314987298899238 
 0,292125317527519 
 0,298899237933954 
 0,29043183742591 
 0,310753598645216 
 0,295512277730737 
 0,387806943268417 
 0,386113463166808 
 0,669771380186283 
 0,582557154953429 
 0,580016934801016 
 0,697713801862828 
 0,70194750211685 
 0,699407281964437 
 0,696867061812024 
 0,69432684165961 
 0,691786621507197 
 0,68839966130398 
 0,685859441151566 
 0,683319220999153 
 0,68077900084674 
 0,677392040643522 
 0,674851820491109 
 0,672311600338696 
 0,668924640135478 
 0,666384419983065 
 0,662997459779848 
 0,660457239627434 
 0,657070279424217 
 0,654530059271804 
 0,65198983911939 
 0,648602878916173 
 0,64606265876376 
 0,642675698560542 
 0,639288738357324 
 0,636748518204911 
 0,633361558001693 
 0,63082133784928 
 0,627434377646063 
 0,58086367485182 
 0,614733276883997 
 0,618120237087214 
 0,614733276883997 
 0,612193056731583 
 0,608806096528366 
 0,605419136325148 
 0,602032176121931 
 0,599491955969517 
 0,5961049957663 
 0,592718035563082 
 0,589331075359865 
 0,585944115156647 
 0,583403895004234 
 0,580016934801016 
 0,576629974597799 
 0,573243014394581 
 0,569856054191363 
 0,566469093988146 
 0,563082133784928 
 0,55969517358171 
 0,556308213378493 
 0,552921253175275 
 0,549534292972058 
 0,54614733276884 
 0,434377646062659 
 0,431837425910246 
 0,428450465707028 
 0,414902624894157 
 0,381033022861981 
 0,352243861134632 
 0,339542760372566 
 0,3268416596105 
 0,303979678238781 
 0,337849280270957 
 0,294665537679932 
 0,292125317527519 
 0,275190516511431 
 0,353090601185436 
 0,167654530059272 
 0,171888230313294 
 0,170194750211685 
 0,164267569856054 
 0,167654530059272 
 0,161727349703641 
 0,160033869602032 
 0,187129551227773 
 0,185436071126164 
 0,19813717188823 
 0,20575783234547 
 0,199830651989839 
 0,19813717188823 
 0,196443691786621 
 0,198983911939035 
 0,188823031329382 
 0,277730736663844 
 0,292972057578323 
 0,281964436917866 
 0,283657917019475 
 0,188823031329382 
 0,178662150719729 
 0,193903471634208 
 0,191363251481795 
 0,189669771380186 
 0,196443691786621 
 0,190516511430991 
 0,196443691786621 
 0,147332768839966 
 0,154106689246401 
 0,152413209144793 
 0,147332768839966 
 0,145639288738357 
 0,143945808636749 
 0,14225232853514 
 0,141405588484335 
 0,135478408128704 
 0,144792548687553 
 0,146486028789162 
 0,210838272650296 
 0,27688399661304 
 0,270110076206605 
 0,267569856054191 
 0,267569856054191 
 0,264182895850974 
 0,264182895850974 
 0,260795935647756 
 0,257408975444539 
 0,24809483488569 
 0,244707874682472 
 0,244707874682472 
 0,241320914479255 
 0,237933954276037 
 0,217612193056732 
 0,211685012701101 
 0,20575783234547 
 0,183742591024555 
 0,199830651989839 
 0,197290431837426 
 0,193903471634208 
 0,212531752751905 
 0,209144792548688 
 0,210838272650296 
 0,165114309906859 
 0,162574089754445 
 0,154953429297206 
 0,187976291278577 
 0,198983911939035 
 0,126164267569856 
 0,126164267569856 
 9,31414055884843E-02 
 8,72142252328535E-02 
 7,28196443691787E-02 
 6,68924640135478E-02 
 7,02794242167655E-02 
 8,29805249788315E-02 
 8,29805249788315E-02 
 8,29805249788315E-02 
 0,172734970364098 
 0,169348010160881 
 0,16342082980525 
 0,16342082980525 
 0,165114309906859 
 0,16342082980525 
 9,14479254868755E-02 
 9,73751058425063E-02 
 0,101608806096528 
 8,04403048264183E-02 
 7,79000846740051E-02 
 7,02794242167655E-02 
 6,68924640135478E-02 
 6,77392040643522E-02 
 0,065198983911939 
 6,43522438611346E-02 
 5,08044030482642E-02 
 0,048264182895851 
 4,06435224386113E-02 
 4,06435224386113E-02 
 3,38696020321761E-02 
 3,04826418289585E-02 
 2,87891617273497E-02 
 2,87891617273497E-02 
 2,87891617273497E-02 
 4,48772226926334E-02 
 5,41913632514818E-02 
 3,81033022861981E-02 
 3,64098221845893E-02 
 3,55630821337849E-02 
 3,55630821337849E-02 
 4,31837425910246E-02 
 4,14902624894158E-02 
 2,54022015241321E-02 
 2,62489415749365E-02 
 2,62489415749365E-02 
 3,47163420829805E-02 
 3,21761219305673E-02 
 3,72565622353937E-02 
 3,38696020321761E-02 
 3,47163420829805E-02 
 4,06435224386113E-02 
 3,89500423370025E-02 
 3,47163420829805E-02 
 2,20152413209145E-02 
 1,94750211685013E-02 
 2,54022015241321E-02 
 2,28619813717189E-02 
 1,52413209144793E-02 
 1,35478408128704E-02 
 1,18543607112616E-02 
 5,08044030482642E-03 
 5,08044030482642E-03 
 3,38696020321761E-03 
 3,38696020321761E-03 
 2,54022015241321E-03 
 2,54022015241321E-03 
 2,54022015241321E-03 
 1,69348010160881E-03 
 1,69348010160881E-03 
 1,69348010160881E-03 
 8,46740050804403E-04 
 8,46740050804403E-04 
 8,46740050804403E-04 
 0 
 0 
 0 
 0 
 0 
 0 
 0 
 0 
 0 
 0 
 0 
 0 
 0 
 0 
 0 
 0 
 0 
 0 
 0 
 0 
 0 
 0 
 0 
 0 
 0 
 0 
 0 
 0 
 0 
 0 
 0 
 0 
 0 
 0 
 0 
 0 
 0 
 0 
 0 
 0 
 0 
 0 
 0 
 0 
 0 
 0 
 0 
 0 
 0 
 0 
 0 
 0 
 0 
 0 
 0 
 0 
 0 
 0 
 0 
 0 
 0 
 0 
 0 
 0 
 0 
 0 
 0 
 0 
 0 
 0 
 0 
 0 
 0 
 0 
 0 
 0 
 0 
 0 
 0 
 0 
 0 
 0 
 0 
 0 
 0 
 0 
 0 
 0 
 0 
 0 
 0 
 0 
 0 
 0 
 0 
 0 
 0 
 0 
 0 
 0 
 0 
 0 
 0 
 0 
 0 
 0 
 0 
 0 
 0 
 0 
 0 
 0 
 0 
 0 
 0 
 0 
 0 
 0 
 0 
 0 
 0 
 0 
 0 
 0 
 0 
 0 
 0 
 0 
 0 
 0 
 0 
 0 
 0 
 0 
 0 
 0 
 0 
 0 
 0 
 0 
 0 
 0 
 0 
 0 
 0 
 0 
 0 
 0 
 0 
 0 
 0 
 0 
 0 
 0 
 0 
 0 
 0 
 0 
 0 
 0 
 0 
 0 
 0 
 0 
 0 
 0 
 0 
 0 
 0 
 0 
 0 
 0 
 0 
 0 
 0 
 0 
 0 
 0 
 0 
 0 
 0 
 0 
 0 
 0 
 0 
 0 
 0 
 0 
 0 
 0 
 0 
 0 
 0 
 0 
 0 
 0 
 0 
 0 
 0 
 0 
 0 
 0 
 0 
 0 
 0 
 0 
 0 
 0 
 0 
 0 
 0 
 0 
 0 
 0 
 0 
 0 
 0 
 0 
 0 
 0 
 0 
 0 
 0 
 0 
 0 
 0 
 0 
 0 
 0 
 0 
 0 
 0 
 0 
 0 
 0 
 0 
 0 
 0 
 0 
 0 
 0 
 0 
 0 
 0 
 0 
 0 
 0 
 0 
 0 
 0 
 0 
 0 
 0 
 0 
 0 
 0 
 0 
 0 
 0 
 0 
 0 
 0 
 0 
 0 
 0 
 0 
 0 
 0 
 0 
 0 
 0 
 0 
 0 
 0 
 0 
 0 
 0 
 0 
 0 
 0 
 0 
 0 
 0 
 0 
 0 
 0 
 0 
 0 
 0 
 0 
 0 
 0 
 0 
 0 
 0 
 0 
 0 
 0 
 0 
 0 
 0 
 0 
 0 
 0 
 0 
 0 
 0 
 0 
 0 
 0 
 0 
 0 
 0 
