 0 
 0 
 0 
 0 
 0 
 0 
 0 
 0 
 0 
 0 
 0 
 0 
 0 
 0 
 0 
 0 
 0 
 0 
 0 
 0 
 0 
 0 
 0 
 0 
 0 
 0 
 0 
 0 
 0 
 0 
 0 
 0 
 0 
 0 
 0 
 0 
 0 
 0 
 0 
 0 
 0 
 0 
 0 
 0 
 0 
 0 
 0 
 0 
 0 
 0 
 0 
 0 
 0 
 0 
 0 
 0 
 0 
 0 
 0 
 0 
 0 
 0 
 0 
 0 
 0 
 0 
 0 
 0 
 0 
 0 
 0 
 0 
 0 
 0 
 0 
 0 
 0 
 0 
 0 
 0 
 0 
 0 
 0 
 0 
 0 
 0 
 0 
 0 
 0 
 0 
 0 
 0 
 0 
 0 
 0 
 0 
 0 
 0 
 0 
 0 
 0 
 0 
 0 
 0 
 0 
 0 
 0 
 0 
 0 
 0 
 0 
 0 
 0 
 0 
 0 
 0 
 0 
 0 
 0 
 0 
 0 
 0 
 0 
 0 
 0 
 0 
 0 
 0 
 0 
 0 
 0 
 0 
 0 
 0 
 0 
 0 
 0 
 0 
 0 
 0 
 0 
 0 
 0 
 0 
 0 
 0 
 0 
 0 
 0 
 0 
 0 
 0 
 0 
 0 
 0 
 0 
 0 
 0 
 0 
 0 
 0 
 0 
 0 
 0 
 0 
 0 
 0 
 0 
 0 
 0 
 0 
 0 
 0 
 0 
 0 
 0 
 0 
 0 
 0 
 0 
 0 
 0 
 0 
 0 
 0 
 0 
 0 
 0 
 0 
 0 
 0 
 0 
 0 
 0 
 0 
 0 
 0 
 0 
 0 
 0 
 0 
 0 
 0 
 0 
 0 
 0 
 0 
 0 
 0 
 0 
 0 
 0 
 0 
 0 
 0 
 0 
 0 
 0 
 0 
 0 
 0 
 0 
 0 
 0 
 0 
 0 
 0 
 0 
 0 
 0 
 0 
 0 
 0 
 0 
 0 
 0 
 0 
 0 
 0 
 0 
 0 
 0 
 0 
 0 
 0 
 0 
 0 
 0 
 0 
 0 
 0 
 0 
 0 
 0 
 0 
 0 
 0 
 0 
 0 
 0 
 0 
 0 
 0 
 0 
 0 
 0 
 0 
 0 
 0 
 0 
 0 
 0 
 0 
 0 
 0 
 0 
 0 
 0 
 0 
 0 
 0 
 0 
 0 
 0 
 0 
 0 
 0 
 0 
 0 
 0 
 0 
 0 
 0 
 0 
 0 
 0 
 0 
 0 
 0 
 0 
 0 
 0 
 0 
 0 
 0 
 0 
 0 
 0 
 0 
 0 
 0 
 0 
 0 
 0 
 0 
 0 
 0 
 0 
 0 
 0 
 0 
 0 
 0 
 0 
 0 
 0 
 0 
 0 
 0 
 0 
 0 
 0 
 0 
 0 
 0 
 0 
 0 
 0 
 0 
 0 
 0 
 0 
 0 
 0 
 0 
 0 
 0 
 0 
 0 
 0 
 0 
 0 
 0 
 0 
 0 
 0 
 0 
 0 
 0 
 0 
 0 
 0 
 0 
 0 
 0 
 0 
 0 
 0 
 0 
 0 
 0 
 0 
 0 
 0 
 0 
 0 
 0 
 0 
 0 
 0 
 0 
 0 
 0 
 0 
 0 
 0 
 0 
 0 
 0 
 0 
 0 
 0 
 0 
 0 
 0 
 0 
 0 
 0 
 0 
 0 
 0 
 0 
 0 
 0 
 0 
 0 
 0 
 0 
 0 
 0 
 0 
 0 
 0 
 0 
 0 
 0 
 0 
 0 
 0 
 0 
 0 
 0 
 0 
 0 
 0 
 0 
 0 
 0 
 0 
 0 
 0 
 0 
 0 
 0 
 8,46740050804403E-04 
 8,46740050804403E-04 
 1,69348010160881E-03 
 1,69348010160881E-03 
 2,54022015241321E-03 
 3,38696020321761E-03 
 4,23370025402202E-03 
 5,92718035563082E-03 
 6,77392040643522E-03 
 8,46740050804403E-03 
 9,31414055884843E-03 
 1,10076206604572E-02 
 0,012701100762066 
 1,43945808636749E-02 
 1,69348010160881E-02 
 1,86282811176969E-02 
 2,11685012701101E-02 
 1,43945808636749E-02 
 1,52413209144793E-02 
 1,77815410668925E-02 
 2,11685012701101E-02 
 1,86282811176969E-02 
 1,94750211685013E-02 
 2,03217612193057E-02 
 2,20152413209145E-02 
 2,45554614733277E-02 
 3,38696020321761E-02 
 3,81033022861981E-02 
 3,89500423370025E-02 
 4,06435224386113E-02 
 4,31837425910246E-02 
 2,45554614733277E-02 
 2,62489415749365E-02 
 2,79424216765453E-02 
 2,87891617273497E-02 
 2,96359017781541E-02 
 2,62489415749365E-02 
 5,92718035563082E-02 
 8,63674851820491E-02 
 9,06011854360711E-02 
 9,39881456392887E-02 
 9,73751058425063E-02 
 0,100762066045724 
 0,104995766299746 
 0,108382726502964 
 0,111769686706181 
 0,116003386960203 
 7,28196443691787E-02 
 7,62066045723963E-02 
 7,62066045723963E-02 
 8,21337849280271E-02 
 8,04403048264183E-02 
 8,46740050804403E-02 
 7,95935647756139E-02 
 8,63674851820491E-02 
 8,55207451312447E-02 
 8,80609652836579E-02 
 9,82218458933107E-02 
 8,12870448772227E-02 
 0,165961049957663 
 0,169348010160881 
 0,173581710414903 
 0,176121930567316 
 0,179508890770533 
 0,183742591024555 
 0,185436071126164 
 0,187976291278577 
 0,197290431837426 
 0,201524132091448 
 0,20575783234547 
 0,209144792548688 
 0,21337849280271 
 0,217612193056732 
 0,220999153259949 
 0,225232853513971 
 0,229466553767993 
 0,233700254022015 
 0,237087214225233 
 0,241320914479255 
 0,245554614733277 
 0,249788314987299 
 0,253175275190517 
 0,257408975444539 
 0,261642675698561 
 0,265876375952583 
 0,2692633361558 
 0,273497036409822 
 0,277730736663844 
 0,261642675698561 
 0,262489415749365 
 0,260795935647756 
 0,264182895850974 
 0,282811176968671 
 0,202370872142252 
 0,183742591024555 
 0,182895850973751 
 0,182049110922947 
 0,143099068585944 
 0,182895850973751 
 0,165961049957663 
 0,167654530059272 
 0,223539373412362 
 0,310753598645216 
 0,310753598645216 
 0,2692633361558 
 0,272650296359018 
 0,279424216765453 
 0,285351397121084 
 0,342929720575783 
 0,339542760372566 
 0,35393734123624 
 0,358171041490262 
 0,226079593564776 
 0,259102455546147 
 0,261642675698561 
 0,264182895850974 
 0,341236240474174 
 0,352243861134632 
 0,364098221845893 
 0,395427603725656 
 0,403048264182896 
 0,407281964436918 
 0,394580863674852 
 0,410668924640135 
 0,422523285351397 
 0,426756985605419 
 0,430143945808637 
 0,434377646062659 
 0,437764606265876 
 0,436917866215072 
 0,445385266723116 
 0,448772226926334 
 0,453005927180356 
 0,456392887383573 
 0,460626587637595 
 0,464013547840813 
 0,46740050804403 
 0,471634208298052 
 0,47502116850127 
 0,478408128704488 
 0,48264182895851 
 0,486028789161727 
 0,489415749364945 
 0,492802709568163 
 0,497036409822185 
 0,500423370025402 
 0,50381033022862 
 0,507197290431837 
 0,510584250635055 
 0,514817950889077 
 0,518204911092295 
 0,521591871295512 
 0,519898391193903 
 0,491109229466554 
 0,500423370025402 
 0,513971210838273 
 0,51735817104149 
 0,536833192209991 
 0,535139712108383 
 0,549534292972058 
 0,552921253175275 
 0,556308213378493 
 0,55969517358171 
 0,563082133784928 
 0,566469093988146 
 0,569009314140559 
 0,572396274343776 
 0,575783234546994 
 0,579170194750212 
 0,582557154953429 
 0,585944115156647 
 0,589331075359865 
 0,592718035563082 
 0,595258255715495 
 0,598645215918713 
 0,602032176121931 
 0,605419136325148 
 0,608806096528366 
 0,611346316680779 
 0,614733276883997 
 0,618120237087214 
 0,620660457239627 
 0,624047417442845 
 0,627434377646063 
 0,629974597798476 
 0,633361558001693 
 0,635901778154107 
 0,543607112616427 
 0,552074513124471 
 0,541913632514818 
 0,304826418289585 
 0,338696020321761 
 0,300592718035563 
 0,309060118543607 
 0,330228619813717 
 0,331075359864522 
 0,33276883996613 
 0,334462320067739 
 0,38272650296359 
 0,309906858594412 
 0,325148179508891 
 0,333615580016935 
 0,341236240474174 
 0,336155800169348 
 0,385266723116003 
 0,352243861134632 
 0,29805249788315 
 0,327688399661304 
 0,335309060118544 
 0,350550381033023 
 0,458086367485182 
 0,367485182049111 
 0,404741744284505 
 0,413209144792549 
 0,414902624894157 
 0,394580863674852 
 0,561388653683319 
 0,563928873835732 
 0,565622353937341 
 0,509737510584251 
 0,50381033022862 
 0,351397121083827 
 0,353090601185436 
 0,375952582557155 
 0,414055884843353 
 0,297205757832345 
 0,29805249788315 
 0,298899237933954 
 0,292125317527519 
 0,300592718035563 
 0,293818797629128 
 0,302286198137172 
 0,287891617273497 
 0,31922099915326 
 0,328535139712108 
 0,314140558848434 
 0,322607959356478 
 0,323454699407282 
 0,309060118543607 
 0,302286198137172 
 0,279424216765453 
 0,272650296359018 
 0,257408975444539 
 0,265876375952583 
 0,266723116003387 
 0,267569856054191 
 0,252328535139712 
 0,2692633361558 
 0,2692633361558 
 0,262489415749365 
 0,262489415749365 
 0,271803556308213 
 0,287891617273497 
 0,281117696867062 
 0,305673158340389 
 0,346316680779001 
 0,339542760372566 
 0,331922099915326 
 0,33276883996613 
 0,325148179508891 
 0,334462320067739 
 0,367485182049111 
 0,303132938187976 
 0,31160033869602 
 0,295512277730737 
 0,313293818797629 
 0,338696020321761 
 0,331075359864522 
 0,331075359864522 
 0,34038950042337 
 0,265876375952583 
 0,283657917019475 
 0,266723116003387 
 0,267569856054191 
 0,284504657070279 
 0,285351397121084 
 0,63082133784928 
 0,58086367485182 
 0,540220152413209 
 0,541066892464014 
 0,626587637595258 
 0,661303979678239 
 0,798475867908552 
 0,799322607959357 
 0,809483488569009 
 0,835732430143946 
 0,837425910245555 
 0,821337849280271 
 0,513971210838273 
 0,737510584250635 
 0,756138865368332 
 0,756985605419136 
 0,809483488569009 
 0,853513971210838 
 0,828958509737511 
 0,829805249788315 
 0,805249788314987 
 0,814563928873836 
 0,763759525825571 
 0,764606265876376 
 0,76545300592718 
 0,766299745977985 
 0,775613886536833 
 0,79424216765453 
 0,777307366638442 
 0,778154106689246 
 0,779000846740051 
 0,74428450465707 
 0,736663844199831 
 0,745977984758679 
 0,781541066892464 
 0,782387806943268 
 0,783234546994073 
 0,784081287044877 
 0,881456392887384 
 0,882303132938188 
 0,882303132938188 
 0,883149872988992 
 0,883996613039797 
 0,883996613039797 
 0,884843353090601 
 0,885690093141406 
 0,885690093141406 
 0,88653683319221 
 0,887383573243014 
 0,887383573243014 
 0,888230313293819 
 0,888230313293819 
 0,889077053344623 
 0,889077053344623 
 0,889923793395428 
 0,889923793395428 
 0,889923793395428 
 0,890770533446232 
 0,890770533446232 
 0,890770533446232 
 0,677392040643522 
 0,65961049957663 
 0,633361558001693 
 0,615580016934801 
 0,597798475867909 
 0,562235393734124 
 0,562235393734124 
 0,892464013547841 
 0,883149872988992 
 0,669771380186283 
 0,642675698560542 
 0,642675698560542 
 0,687552921253175 
 0,687552921253175 
 0,642675698560542 
 0,668924640135478 
 0,678238780694327 
 0,722269263336156 
 0,722269263336156 
 0,696020321761219 
 0,740050804403048 
 0,740050804403048 
 0,7307366638442 
 0,561388653683319 
 0,596951735817104 
 0,605419136325148 
 0,507197290431837 
 0,516511430990686 
 0,507197290431837 
 0,497883149872989 
 0,470787468247248 
 0,488569009314141 
 0,585944115156647 
 0,612193056731583 
 0,629974597798476 
 0,63844199830652 
 0,611346316680779 
 0,593564775613887 
 0,57493649449619 
 0,441998306519898 
 0,3268416596105 
 0,335309060118544 
 0,335309060118544 
 0,370025402201524 
 0,431837425910246 
 0,431837425910246 
 0,430990685859441 
 0,316680779000847 
 0,315834038950042 
 0,359864521591871 
 0,342082980524979 
 0,368331922099915 
 0,375952582557155 
 0,402201524132091 
 0,41913632514818 
 0,174428450465707 
 0,165961049957663 
 0,156646909398815 
 0,156646909398815 
 0,165114309906859 
 0,147332768839966 
 0,130397967823878 
 0,129551227773074 
 0,138018628281118 
 0,138018628281118 
 0,138018628281118 
 0,138018628281118 
 0,138018628281118 
 0,128704487722269 
 0,111769686706181 
 0,111769686706181 
 0,128704487722269 
 0,136325148179509 
 0,136325148179509 
 0,136325148179509 
 0,127857747671465 
 0,135478408128704 
 0,135478408128704 
 0,135478408128704 
 0,12701100762066 
 0,1346316680779 
 0,151566469093988 
 0,151566469093988 
 0,150719729043184 
 0,150719729043184 
 0,150719729043184 
 0,158340389500423 
 0,158340389500423 
 0,174428450465707 
 0,174428450465707 
 0,182049110922947 
 0,190516511430991 
 0,173581710414903 
 0,165114309906859 
 0,188823031329382 
 0,221845893310754 
 0,204911092294666 
 0,220999153259949 
 0,228619813717189 
 0,203217612193057 
 0,22692633361558 
 0,218458933107536 
 0,226079593564776 
 0,233700254022015 
 0,225232853513971 
 0,224386113463167 
 0,215918712955123 
 0,223539373412362 
 0,223539373412362 
 0,206604572396274 
 0,221845893310754 
 0,221845893310754 
 0,197290431837426 
 0,188823031329382 
 0,196443691786621 
 0,187976291278577 
 0,210838272650296 
 0,226079593564776 
 0,232853513971211 
 0,216765453005927 
 0,208298052497883 
 0,223539373412362 
 0,215071972904318 
 0,229466553767993 
 0,229466553767993 
 0,228619813717189 
 0,235393734123624 
 0,22692633361558 
 0,226079593564776 
 0,218458933107536 
 0,239627434377646 
 0,246401354784081 
 0,253175275190517 
 0,267569856054191 
 0,34801016088061 
 0,35393734123624 
 0,353090601185436 
 0,366638441998307 
 0,358171041490262 
 0,364098221845893 
 0,602032176121931 
 0,600338696020322 
 0,597798475867909 
 0,581710414902625 
 0,586790855207451 
 0,584250635055038 
 0,710414902624894 
 0,707874682472481 
 0,704487722269263 
 0,70194750211685 
 0,699407281964437 
 0,696867061812024 
 0,69432684165961 
 0,691786621507197 
 0,68839966130398 
 0,685859441151566 
 0,683319220999153 
 0,652836579170195 
 0,460626587637595 
 0,566469093988146 
 0,558001693480102 
 0,548687552921253 
 0,585944115156647 
 0,662997459779848 
 0,660457239627434 
 0,657070279424217 
 0,654530059271804 
 0,65198983911939 
 0,648602878916173 
 0,64606265876376 
 0,642675698560542 
 0,639288738357324 
 0,636748518204911 
 0,633361558001693 
 0,63082133784928 
 0,627434377646063 
 0,624047417442845 
 0,621507197290432 
 0,618120237087214 
 0,614733276883997 
 0,587637595258256 
 0,572396274343776 
 0,569009314140559 
 0,602032176121931 
 0,599491955969517 
 0,5961049957663 
 0,527519051651143 
 0,530906011854361 
 0,50381033022862 
 0,507197290431837 
 0,498729889923793 
 0,345469940728196 
 0,366638441998307 
 0,29043183742591 
 0,294665537679932 
 0,303979678238781 
 0,162574089754445 
 0,166807790008467 
 0,165961049957663 
 0,159187129551228 
 0,153259949195597 
 0,157493649449619 
 0,161727349703641 
 0,15580016934801 
 0,160033869602032 
 0,158340389500423 
 0,157493649449619 
 0,161727349703641 
 0,192209991532599 
 0,195596951735817 
 0,194750211685013 
 0,177815410668925 
 0,181202370872142 
 0,180355630821338 
 0,228619813717189 
 0,216765453005927 
 0,381879762912786 
 0,379339542760373 
 0,298899237933954 
 0,330228619813717 
 0,342082980524979 
 0,335309060118544 
 0,383573243014395 
 0,385266723116003 
 0,38272650296359 
 0,370025402201524 
 0,367485182049111 
 0,364098221845893 
 0,365791701947502 
 0,424216765453006 
 0,420829805249788 
 0,413209144792549 
 0,408975444538527 
 0,375952582557155 
 0,372565622353937 
 0,36917866215072 
 0,374259102455546 
 0,370872142252329 
 0,371718882303133 
 0,226079593564776 
 0,220152413209145 
 0,221845893310754 
 0,208298052497883 
 0,19813717188823 
 0,192209991532599 
 0,190516511430991 
 0,18458933107536 
 0,190516511430991 
 0,187976291278577 
 0,186282811176969 
 0,173581710414903 
 0,182049110922947 
 0,183742591024555 
 0,132938187976291 
 0,145639288738357 
 0,143945808636749 
 0,138865368331922 
 0,333615580016935 
 0,330228619813717 
 0,313293818797629 
 0,309060118543607 
 0,286198137171888 
 0,286198137171888 
 0,263336155800169 
 0,254022015241321 
 0,250635055038103 
 0,274343776460627 
 0,270956816257409 
 0,29043183742591 
 0,286198137171888 
 0,279424216765453 
 0,264182895850974 
 0,257408975444539 
 0,261642675698561 
 0,215918712955123 
 0,212531752751905 
 0,170194750211685 
 0,170194750211685 
 0,139712108382726 
 0,135478408128704 
 0,132938187976291 
 0,128704487722269 
 0,119390347163421 
 0,115156646909399 
 8,12870448772227E-02 
 7,95935647756139E-02 
 8,04403048264183E-02 
 9,82218458933107E-02 
 9,48348856900931E-02 
 0,109229466553768 
 6,85859441151566E-02 
 0,124470787468247 
 0,121930567315834 
 0,117696867061812 
 0,11346316680779 
 0,131244707874682 
 0,126164267569856 
 0,121930567315834 
 0,12108382726503 
 0,126164267569856 
 0,110076206604572 
 0,14225232853514 
 0,14225232853514 
 0,137171888230313 
 0,133784928027096 
 0,143099068585944 
 0,138865368331922 
 0,135478408128704 
 0,131244707874682 
 0,127857747671465 
 0,123624047417443 
 0,120237087214225 
 0,116003386960203 
 0,112616426756986 
 0,109229466553768 
 0,104995766299746 
 0,101608806096528 
 9,82218458933107E-02 
 9,39881456392887E-02 
 9,06011854360711E-02 
 8,72142252328535E-02 
 8,38272650296359E-02 
 8,04403048264183E-02 
 7,70533446232007E-02 
 7,36663844199831E-02 
 7,02794242167655E-02 
 6,68924640135478E-02 
 6,35055038103302E-02 
 6,01185436071126E-02 
 0,056731583403895 
 5,41913632514818E-02 
 5,08044030482642E-02 
 4,74174428450466E-02 
 4,48772226926334E-02 
 4,14902624894158E-02 
 3,89500423370025E-02 
 3,64098221845893E-02 
 3,38696020321761E-02 
 3,04826418289585E-02 
 2,79424216765453E-02 
 2,62489415749365E-02 
 2,37087214225233E-02 
 2,11685012701101E-02 
 1,94750211685013E-02 
 1,69348010160881E-02 
 1,52413209144793E-02 
 1,18543607112616E-02 
 1,01608806096528E-02 
 9,31414055884843E-03 
 7,62066045723963E-03 
 6,77392040643522E-03 
 5,08044030482642E-03 
 4,23370025402202E-03 
 3,38696020321761E-03 
 2,54022015241321E-03 
 1,69348010160881E-03 
 1,69348010160881E-03 
 8,46740050804403E-04 
 8,46740050804403E-04 
 0 
 0 
 0 
 0 
 0 
 0 
 0 
 0 
 0 
 0 
 0 
 0 
 0 
 0 
 0 
 0 
 0 
 0 
 0 
 0 
 0 
 0 
 0 
 0 
 0 
 0 
 0 
 0 
 0 
 0 
 0 
 0 
 0 
 0 
 0 
 0 
 0 
 0 
 0 
 0 
 0 
 0 
 0 
 0 
 0 
 0 
 0 
 0 
 0 
 0 
 0 
 0 
 0 
 0 
 0 
 0 
 0 
 0 
 0 
 0 
 0 
 0 
 0 
 0 
 0 
 0 
 0 
 0 
 0 
 0 
 0 
 0 
 0 
 0 
 0 
 0 
 0 
 0 
 0 
 0 
 0 
 0 
 0 
 0 
 0 
 0 
 0 
 0 
 0 
 0 
 0 
 0 
 0 
 0 
 0 
 0 
 0 
 0 
 0 
 0 
 0 
 0 
 0 
 0 
 0 
 0 
 0 
 0 
 0 
 0 
 0 
 0 
 0 
 0 
 0 
 0 
 0 
 0 
 0 
 0 
 0 
 0 
 0 
 0 
 0 
 0 
 0 
 0 
 0 
 0 
 0 
 0 
 0 
 0 
 0 
 0 
 0 
 0 
 0 
 0 
 0 
 0 
 0 
 0 
 0 
 0 
 0 
 0 
 0 
 0 
 0 
 0 
 0 
 0 
 0 
 0 
 0 
 0 
 0 
 0 
 0 
 0 
 0 
 0 
 0 
 0 
 0 
 0 
 0 
 0 
 0 
 0 
 0 
 0 
 0 
 0 
 0 
 0 
 0 
 0 
 0 
 0 
 0 
 0 
 0 
 0 
 0 
 0 
 0 
 0 
 0 
 0 
 0 
 0 
 0 
 0 
 0 
 0 
 0 
 0 
 0 
 0 
 0 
 0 
 0 
 0 
 0 
 0 
 0 
 0 
 0 
 0 
 0 
 0 
 0 
 0 
 0 
 0 
 0 
 0 
 0 
 0 
 0 
 0 
 0 
 0 
 0 
 0 
 0 
 0 
 0 
 0 
 0 
 0 
 0 
 0 
 0 
 0 
 0 
 0 
 0 
 0 
 0 
 0 
 0 
 0 
 0 
 0 
 0 
 0 
 0 
 0 
 0 
 0 
 0 
 0 
 0 
 0 
 0 
 0 
 0 
 0 
 0 
 0 
 0 
 0 
 0 
 0 
 0 
 0 
 0 
 0 
 0 
 0 
 0 
 0 
 0 
 0 
 0 
 0 
 0 
 0 
 0 
 0 
 0 
 0 
 0 
 0 
 0 
 0 
 0 
 0 
 0 
 0 
 0 
 0 
 0 
 0 
 0 
 0 
 0 
 0 
 0 
 0 
 0 
 0 
 0 
 0 
 0 
 0 
 0 
