 0 
 0 
 0 
 0 
 0 
 0 
 0 
 0 
 0 
 0 
 0 
 0 
 0 
 0 
 0 
 0 
 0 
 0 
 0 
 0 
 0 
 0 
 0 
 0 
 0 
 0 
 0 
 0 
 0 
 0 
 0 
 0 
 0 
 0 
 0 
 0 
 0 
 0 
 0 
 0 
 0 
 0 
 0 
 0 
 0 
 0 
 0 
 0 
 0 
 0 
 0 
 0 
 0 
 0 
 0 
 0 
 0 
 0 
 0 
 0 
 0 
 0 
 0 
 0 
 0 
 0 
 0 
 0 
 0 
 0 
 0 
 0 
 0 
 0 
 0 
 0 
 0 
 0 
 0 
 0 
 0 
 0 
 0 
 0 
 0 
 0 
 0 
 0 
 0 
 0 
 0 
 0 
 0 
 0 
 0 
 0 
 0 
 0 
 0 
 0 
 0 
 0 
 0 
 0 
 0 
 0 
 0 
 0 
 0 
 0 
 0 
 0 
 0 
 0 
 0 
 0 
 0 
 0 
 0 
 0 
 0 
 0 
 0 
 0 
 0 
 0 
 0 
 0 
 0 
 0 
 0 
 0 
 0 
 0 
 0 
 0 
 0 
 0 
 0 
 0 
 0 
 0 
 0 
 0 
 0 
 0 
 0 
 0 
 0 
 0 
 0 
 0 
 0 
 0 
 0 
 0 
 0 
 0 
 0 
 0 
 0 
 0 
 0 
 0 
 0 
 0 
 0 
 0 
 0 
 0 
 0 
 0 
 0 
 0 
 0 
 0 
 0 
 0 
 0 
 0 
 0 
 0 
 0 
 0 
 0 
 0 
 0 
 0 
 0 
 0 
 0 
 0 
 0 
 0 
 0 
 0 
 0 
 0 
 0 
 0 
 0 
 0 
 0 
 0 
 0 
 0 
 0 
 0 
 0 
 0 
 0 
 0 
 0 
 0 
 0 
 0 
 0 
 0 
 0 
 0 
 0 
 0 
 0 
 0 
 0 
 0 
 0 
 0 
 0 
 0 
 0 
 0 
 0 
 0 
 0 
 0 
 0 
 0 
 0 
 0 
 0 
 0 
 0 
 0 
 0 
 0 
 0 
 0 
 0 
 0 
 0 
 0 
 0 
 0 
 0 
 0 
 0 
 0 
 0 
 0 
 0 
 0 
 0 
 0 
 0 
 0 
 0 
 0 
 0 
 0 
 0 
 0 
 0 
 0 
 0 
 0 
 0 
 0 
 0 
 0 
 0 
 0 
 0 
 0 
 0 
 0 
 0 
 0 
 0 
 0 
 0 
 0 
 0 
 0 
 0 
 0 
 0 
 0 
 0 
 0 
 0 
 0 
 0 
 0 
 0 
 0 
 0 
 0 
 0 
 0 
 0 
 0 
 0 
 0 
 0 
 0 
 0 
 0 
 0 
 0 
 0 
 0 
 0 
 0 
 0 
 0 
 0 
 0 
 0 
 0 
 0 
 0 
 0 
 0 
 0 
 0 
 0 
 0 
 0 
 0 
 0 
 0 
 0 
 0 
 0 
 0 
 0 
 0 
 0 
 0 
 0 
 0 
 0 
 0 
 0 
 0 
 0 
 0 
 0 
 0 
 0 
 0 
 0 
 0 
 0 
 0 
 0 
 0 
 0 
 0 
 0 
 0 
 0 
 0 
 0 
 0 
 0 
 0 
 0 
 0 
 0 
 0 
 0 
 0 
 0 
 0 
 0 
 0 
 0 
 0 
 0 
 0 
 0 
 0 
 0 
 0 
 0 
 0 
 0 
 0 
 0 
 0 
 0 
 0 
 0 
 0 
 0 
 0 
 0 
 0 
 0 
 0 
 0 
 0 
 0 
 0 
 0 
 0 
 0 
 0 
 0 
 0 
 0 
 0 
 0 
 0 
 0 
 0 
 0 
 0 
 0 
 0 
 0 
 0 
 0 
 0 
 8,46740050804403E-04 
 8,46740050804403E-04 
 8,46740050804403E-04 
 1,69348010160881E-03 
 1,69348010160881E-03 
 2,54022015241321E-03 
 2,54022015241321E-03 
 4,23370025402202E-03 
 4,23370025402202E-03 
 5,08044030482642E-03 
 5,92718035563082E-03 
 8,46740050804403E-03 
 1,10076206604572E-02 
 1,35478408128704E-02 
 7,62066045723963E-03 
 8,46740050804403E-03 
 9,31414055884843E-03 
 9,31414055884843E-03 
 1,01608806096528E-02 
 1,18543607112616E-02 
 1,60880609652837E-02 
 1,77815410668925E-02 
 1,86282811176969E-02 
 3,81033022861981E-02 
 4,06435224386113E-02 
 4,99576629974598E-02 
 0,052497883149873 
 5,58848433530906E-02 
 5,92718035563082E-02 
 6,26587637595258E-02 
 6,60457239627434E-02 
 0,069432684165961 
 7,28196443691787E-02 
 7,28196443691787E-02 
 6,60457239627434E-02 
 7,02794242167655E-02 
 7,45131244707875E-02 
 7,62066045723963E-02 
 7,87468247248095E-02 
 9,06011854360711E-02 
 9,31414055884843E-02 
 9,39881456392887E-02 
 0,069432684165961 
 8,21337849280271E-02 
 6,68924640135478E-02 
 8,72142252328535E-02 
 8,97544453852667E-02 
 9,82218458933107E-02 
 0,127857747671465 
 0,132091447925487 
 0,117696867061812 
 0,12108382726503 
 0,124470787468247 
 0,127857747671465 
 0,112616426756986 
 0,11346316680779 
 0,116850127011008 
 0,119390347163421 
 0,133784928027096 
 0,152413209144793 
 0,156646909398815 
 0,160033869602032 
 0,137171888230313 
 0,140558848433531 
 0,127857747671465 
 0,100762066045724 
 9,22946655376799E-02 
 9,48348856900931E-02 
 0,100762066045724 
 9,99153259949196E-02 
 8,72142252328535E-02 
 0,154953429297206 
 0,18458933107536 
 0,190516511430991 
 0,196443691786621 
 0,199830651989839 
 0,200677392040644 
 0,204064352243861 
 0,209991532599492 
 0,210838272650296 
 0,232006773920406 
 0,232853513971211 
 0,172734970364098 
 0,186282811176969 
 0,137171888230313 
 0,136325148179509 
 0,135478408128704 
 0,151566469093988 
 0,147332768839966 
 0,149872988992379 
 8,29805249788315E-02 
 8,46740050804403E-02 
 9,48348856900931E-02 
 9,90685859441152E-02 
 0,100762066045724 
 0,108382726502964 
 0,10584250635055 
 0,107535986452159 
 0,102455546147333 
 0,106689246401355 
 0,101608806096528 
 8,89077053344623E-02 
 8,29805249788315E-02 
 8,04403048264183E-02 
 9,90685859441152E-02 
 7,53598645215919E-02 
 7,95935647756139E-02 
 8,38272650296359E-02 
 7,36663844199831E-02 
 7,79000846740051E-02 
 8,29805249788315E-02 
 9,48348856900931E-02 
 9,65283657917019E-02 
 9,73751058425063E-02 
 0,101608806096528 
 7,53598645215919E-02 
 7,62066045723963E-02 
 8,04403048264183E-02 
 8,97544453852667E-02 
 9,48348856900931E-02 
 9,14479254868755E-02 
 8,80609652836579E-02 
 8,89077053344623E-02 
 9,82218458933107E-02 
 0,103302286198137 
 0,116850127011008 
 0,135478408128704 
 0,149872988992379 
 0,147332768839966 
 0,161727349703641 
 0,16342082980525 
 0,173581710414903 
 0,179508890770533 
 0,181202370872142 
 0,182049110922947 
 9,39881456392887E-02 
 9,99153259949196E-02 
 0,100762066045724 
 0,101608806096528 
 0,102455546147333 
 9,31414055884843E-02 
 9,39881456392887E-02 
 8,97544453852667E-02 
 8,04403048264183E-02 
 7,02794242167655E-02 
 7,11261642675699E-02 
 7,11261642675699E-02 
 6,68924640135478E-02 
 6,77392040643522E-02 
 7,79000846740051E-02 
 7,87468247248095E-02 
 7,36663844199831E-02 
 7,45131244707875E-02 
 7,53598645215919E-02 
 7,02794242167655E-02 
 5,92718035563082E-02 
 6,01185436071126E-02 
 5,50381033022862E-02 
 5,50381033022862E-02 
 4,99576629974598E-02 
 4,48772226926334E-02 
 4,48772226926334E-02 
 5,08044030482642E-02 
 5,16511430990686E-02 
 4,57239627434378E-02 
 4,57239627434378E-02 
 0,052497883149873 
 0,052497883149873 
 0,052497883149873 
 5,33446232006774E-02 
 4,74174428450466E-02 
 4,14902624894158E-02 
 0,048264182895851 
 5,41913632514818E-02 
 0,048264182895851 
 0,060965283657917 
 0,060965283657917 
 6,18120237087214E-02 
 6,77392040643522E-02 
 5,58848433530906E-02 
 6,26587637595258E-02 
 6,85859441151566E-02 
 0,069432684165961 
 0,069432684165961 
 8,29805249788315E-02 
 0,19813717188823 
 0,211685012701101 
 0,21930567315834 
 0,207451312447079 
 0,208298052497883 
 0,261642675698561 
 0,276037256562235 
 0,210838272650296 
 0,218458933107536 
 0,21337849280271 
 0,207451312447079 
 0,194750211685013 
 0,195596951735817 
 0,196443691786621 
 0,190516511430991 
 0,225232853513971 
 0,582557154953429 
 0,550381033022862 
 0,552921253175275 
 0,554614733276884 
 0,563928873835732 
 0,566469093988146 
 0,589331075359865 
 0,577476714648603 
 0,565622353937341 
 0,70956816257409 
 0,712108382726503 
 0,450465707027942 
 0,437764606265876 
 0,42506350550381 
 0,41913632514818 
 0,370025402201524 
 0,436917866215072 
 0,386960203217612 
 0,410668924640135 
 0,337849280270957 
 0,302286198137172 
 0,296359017781541 
 0,244707874682472 
 0,231160033869602 
 0,187129551227773 
 0,179508890770533 
 0,157493649449619 
 0,150719729043184 
 0,166807790008467 
 0,174428450465707 
 0,167654530059272 
 0,175275190516511 
 0,168501270110076 
 0,153259949195597 
 0,18458933107536 
 0,146486028789162 
 0,147332768839966 
 0,147332768839966 
 0,132091447925487 
 0,124470787468247 
 0,125317527519052 
 0,125317527519052 
 0,141405588484335 
 0,14225232853514 
 0,14225232853514 
 0,1346316680779 
 0,135478408128704 
 0,103302286198137 
 0,111769686706181 
 0,111769686706181 
 0,120237087214225 
 0,104149026248942 
 0,112616426756986 
 0,11346316680779 
 0,11346316680779 
 0,121930567315834 
 0,121930567315834 
 0,121930567315834 
 0,10584250635055 
 9,82218458933107E-02 
 9,82218458933107E-02 
 9,06011854360711E-02 
 0,106689246401355 
 0,115156646909399 
 0,123624047417443 
 0,124470787468247 
 0,132938187976291 
 0,132938187976291 
 0,132938187976291 
 0,133784928027096 
 0,150719729043184 
 0,150719729043184 
 0,143099068585944 
 0,151566469093988 
 0,151566469093988 
 0,143099068585944 
 0,152413209144793 
 0,160880609652837 
 0,160880609652837 
 0,170194750211685 
 0,170194750211685 
 0,170194750211685 
 0,170194750211685 
 0,179508890770533 
 0,187976291278577 
 0,179508890770533 
 0,188823031329382 
 0,20575783234547 
 0,206604572396274 
 0,266723116003387 
 0,379339542760373 
 0,388653683319221 
 0,389500423370025 
 0,372565622353937 
 0,381033022861981 
 0,364098221845893 
 0,347163420829805 
 0,330228619813717 
 0,339542760372566 
 0,339542760372566 
 0,348856900931414 
 0,349703640982218 
 0,358171041490262 
 0,367485182049111 
 0,376799322607959 
 0,368331922099915 
 0,754445385266723 
 0,763759525825571 
 0,782387806943268 
 0,457239627434378 
 0,466553767993226 
 0,475867908552075 
 0,281964436917866 
 0,273497036409822 
 0,265029635901778 
 0,274343776460627 
 0,282811176968671 
 0,282811176968671 
 0,292125317527519 
 0,301439458086367 
 0,31922099915326 
 0,31922099915326 
 0,328535139712108 
 0,302286198137172 
 0,302286198137172 
 0,444538526672312 
 0,436071126164268 
 0,436071126164268 
 0,712108382726503 
 0,69432684165961 
 0,703640982218459 
 0,712955122777307 
 0,712955122777307 
 0,712955122777307 
 0,712955122777307 
 0,712955122777307 
 0,722269263336156 
 0,713801862828112 
 0,44623200677392 
 0,481795088907705 
 0,499576629974598 
 0,839119390347163 
 0,892464013547841 
 0,892464013547841 
 0,892464013547841 
 0,892464013547841 
 0,892464013547841 
 0,892464013547841 
 0,892464013547841 
 0,892464013547841 
 0,892464013547841 
 0,891617273497036 
 0,891617273497036 
 0,802709568162574 
 0,811176968670618 
 0,80186282811177 
 0,80186282811177 
 0,792548687552921 
 0,80186282811177 
 0,783234546994073 
 0,791701947502117 
 0,791701947502117 
 0,791701947502117 
 0,790855207451312 
 0,808636748518205 
 0,8077900084674 
 0,816257408975445 
 0,806943268416596 
 0,806943268416596 
 0,753598645215919 
 0,752751905165114 
 0,779000846740051 
 0,778154106689246 
 0,778154106689246 
 0,468247248094835 
 0,706181202370872 
 0,72311600338696 
 0,767146486028789 
 0,756985605419136 
 0,756985605419136 
 0,764606265876376 
 0,764606265876376 
 0,754445385266723 
 0,429297205757832 
 0,455546147332769 
 0,44623200677392 
 0,393734123624047 
 0,375952582557155 
 0,366638441998307 
 0,348856900931414 
 0,365791701947502 
 0,34801016088061 
 0,391193903471634 
 0,555461473327688 
 0,867061812023709 
 0,866215071972904 
 0,864521591871296 
 0,863674851820491 
 0,862828111769687 
 0,861134631668078 
 0,860287891617273 
 0,859441151566469 
 0,85774767146486 
 0,856900931414056 
 0,855207451312447 
 0,854360711261643 
 0,853513971210838 
 0,851820491109229 
 0,824724809483489 
 0,832345469940728 
 0,830651989839119 
 0,821337849280271 
 0,828111769686706 
 0,75952582557155 
 0,757832345469941 
 0,790855207451312 
 0,789161727349704 
 0,795935647756139 
 0,795088907705334 
 0,60965283657917 
 0,558848433530906 
 0,548687552921253 
 0,697713801862828 
 0,605419136325148 
 0,364098221845893 
 0,371718882303133 
 0,395427603725656 
 0,41913632514818 
 0,402201524132091 
 0,352243861134632 
 0,375952582557155 
 0,366638441998307 
 0,349703640982218 
 0,357324301439458 
 0,356477561388654 
 0,275190516511431 
 0,306519898391194 
 0,314140558848434 
 0,288738357324301 
 0,287891617273497 
 0,287891617273497 
 0,238780694326842 
 0,238780694326842 
 0,230313293818798 
 0,48264182895851 
 0,599491955969517 
 0,597798475867909 
 0,494496189669771 
 0,501270110076207 
 0,507197290431837 
 0,560541913632515 
 0,582557154953429 
 0,774767146486029 
 0,772226926333616 
 0,770533446232007 
 0,767993226079594 
 0,76545300592718 
 0,763759525825571 
 0,761219305673158 
 0,758679085520745 
 0,756985605419136 
 0,754445385266723 
 0,729889923793395 
 0,749364944961897 
 0,747671464860288 
 0,745131244707875 
 0,742591024555461 
 0,740050804403048 
 0,737510584250635 
 0,735817104149026 
 0,733276883996613 
 0,7307366638442 
 0,728196443691787 
 0,725656223539373 
 0,72311600338696 
 0,720575783234547 
 0,718035563082134 
 0,715495342929721 
 0,712955122777307 
 0,710414902624894 
 0,707874682472481 
 0,704487722269263 
 0,70194750211685 
 0,699407281964437 
 0,696867061812024 
 0,69432684165961 
 0,691786621507197 
 0,68839966130398 
 0,685859441151566 
 0,683319220999153 
 0,68077900084674 
 0,663844199830652 
 0,586790855207451 
 0,577476714648603 
 0,608806096528366 
 0,666384419983065 
 0,643522438611346 
 0,646909398814564 
 0,644369178662151 
 0,641828958509738 
 0,618966977138019 
 0,648602878916173 
 0,64606265876376 
 0,597798475867909 
 0,58848433530906 
 0,591871295512278 
 0,589331075359865 
 0,592718035563082 
 0,5961049957663 
 0,593564775613887 
 0,565622353937341 
 0,445385266723116 
 0,448772226926334 
 0,44030482641829 
 0,602878916172735 
 0,605419136325148 
 0,602032176121931 
 0,599491955969517 
 0,5961049957663 
 0,592718035563082 
 0,589331075359865 
 0,585944115156647 
 0,583403895004234 
 0,545300592718036 
 0,576629974597799 
 0,573243014394581 
 0,569856054191363 
 0,566469093988146 
 0,563082133784928 
 0,55969517358171 
 0,556308213378493 
 0,491955969517358 
 0,280270956816257 
 0,294665537679932 
 0,292972057578323 
 0,291278577476715 
 0,315834038950042 
 0,479254868755292 
 0,470787468247248 
 0,46740050804403 
 0,458933107535986 
 0,451312447078747 
 0,453005927180356 
 0,434377646062659 
 0,431837425910246 
 0,383573243014395 
 0,380186282811177 
 0,38272650296359 
 0,380186282811177 
 0,377646062658764 
 0,379339542760373 
 0,386113463166808 
 0,36917866215072 
 0,33276883996613 
 0,315834038950042 
 0,342082980524979 
 0,34801016088061 
 0,336155800169348 
 0,333615580016935 
 0,331075359864522 
 0,314987298899238 
 0,325148179508891 
 0,3268416596105 
 0,328535139712108 
 0,364944961896698 
 0,36155800169348 
 0,354784081287045 
 0,347163420829805 
 0,343776460626588 
 0,341236240474174 
 0,329381879762913 
 0,338696020321761 
 0,331075359864522 
 0,400508044030483 
 0,396274343776461 
 0,392887383573243 
 0,381033022861981 
 0,385266723116003 
 0,381033022861981 
 0,376799322607959 
 0,373412362404742 
 0,36917866215072 
 0,365791701947502 
 0,36155800169348 
 0,357324301439458 
 0,35393734123624 
 0,349703640982218 
 0,345469940728196 
 0,342082980524979 
 0,337849280270957 
 0,333615580016935 
 0,330228619813717 
 0,325994919559695 
 0,321761219305673 
 0,318374259102456 
 0,314140558848434 
 0,309906858594412 
 0,306519898391194 
 0,302286198137172 
 0,29805249788315 
 0,293818797629128 
 0,29043183742591 
 0,286198137171888 
 0,281964436917866 
 0,277730736663844 
 0,274343776460627 
 0,270110076206605 
 0,265876375952583 
 0,262489415749365 
 0,258255715495343 
 0,254022015241321 
 0,249788314987299 
 0,246401354784081 
 0,21337849280271 
 0,209144792548688 
 0,201524132091448 
 0,19813717188823 
 0,189669771380186 
 0,154953429297206 
 0,139712108382726 
 0,128704487722269 
 0,126164267569856 
 0,125317527519052 
 0,11346316680779 
 7,95935647756139E-02 
 9,90685859441152E-02 
 7,62066045723963E-02 
 7,45131244707875E-02 
 0,182049110922947 
 0,177815410668925 
 0,174428450465707 
 0,170194750211685 
 0,165961049957663 
 0,162574089754445 
 0,158340389500423 
 0,116003386960203 
 0,125317527519052 
 0,120237087214225 
 0,118543607112616 
 0,126164267569856 
 0,112616426756986 
 0,109229466553768 
 0,10584250635055 
 9,14479254868755E-02 
 7,95935647756139E-02 
 7,53598645215919E-02 
 3,72565622353937E-02 
 3,47163420829805E-02 
 3,38696020321761E-02 
 3,13293818797629E-02 
 2,96359017781541E-02 
 2,62489415749365E-02 
 2,37087214225233E-02 
 2,37087214225233E-02 
 2,28619813717189E-02 
 2,20152413209145E-02 
 2,03217612193057E-02 
 2,03217612193057E-02 
 1,60880609652837E-02 
 1,43945808636749E-02 
 1,35478408128704E-02 
 1,35478408128704E-02 
 1,18543607112616E-02 
 0,012701100762066 
 1,18543607112616E-02 
 1,01608806096528E-02 
 1,01608806096528E-02 
 8,46740050804403E-03 
 7,62066045723963E-03 
 7,62066045723963E-03 
 6,77392040643522E-03 
 5,92718035563082E-03 
 5,92718035563082E-03 
 4,23370025402202E-03 
 4,23370025402202E-03 
 3,38696020321761E-03 
 3,38696020321761E-03 
 3,38696020321761E-03 
 2,54022015241321E-03 
 2,54022015241321E-03 
 2,54022015241321E-03 
 1,69348010160881E-03 
 1,69348010160881E-03 
 1,69348010160881E-03 
 3,38696020321761E-03 
 1,69348010160881E-03 
 1,69348010160881E-03 
 8,46740050804403E-04 
 8,46740050804403E-04 
 8,46740050804403E-04 
 0 
 0 
 0 
 0 
 0 
 0 
 0 
 0 
 0 
 0 
 0 
 0 
 0 
 0 
 0 
 0 
 0 
 0 
 0 
 0 
 0 
 0 
 0 
 0 
 0 
 0 
 0 
 0 
 0 
 0 
 0 
 0 
 0 
 0 
 0 
 0 
 0 
 0 
 0 
 0 
 0 
 0 
 0 
 0 
 0 
 0 
 0 
 0 
 0 
 0 
 0 
 0 
 0 
 0 
 0 
 0 
 0 
 0 
 0 
 0 
 0 
 0 
 0 
 0 
 0 
 0 
 0 
 0 
 0 
 0 
 0 
 0 
 0 
 0 
 0 
 0 
 0 
 0 
 0 
 0 
 0 
 0 
 0 
 0 
 0 
 0 
 0 
 0 
 0 
 0 
 0 
 0 
 0 
 0 
 0 
 0 
 0 
 0 
 0 
 0 
 0 
 0 
 0 
 0 
 0 
 0 
 0 
 0 
 0 
 0 
 0 
 0 
 0 
 0 
 0 
 0 
 0 
 0 
 0 
 0 
 0 
 0 
 0 
 0 
 0 
 0 
 0 
 0 
 0 
 0 
 0 
 0 
 0 
 0 
 0 
 0 
 0 
 0 
 0 
 0 
 0 
 0 
 0 
 0 
 0 
 0 
 0 
 0 
 0 
 0 
 0 
 0 
 0 
 0 
 0 
 0 
 0 
 0 
 0 
 0 
 0 
 0 
 0 
 0 
 0 
 0 
 0 
 0 
 0 
 0 
 0 
 0 
 0 
 0 
 0 
 0 
 0 
 0 
 0 
 0 
 0 
 0 
 0 
 0 
 0 
 0 
 0 
 0 
 0 
 0 
 0 
 0 
 0 
 0 
 0 
 0 
 0 
 0 
 0 
 0 
 0 
 0 
 0 
 0 
 0 
 0 
 0 
 0 
 0 
 0 
 0 
 0 
 0 
 0 
 0 
 0 
 0 
 0 
 0 
 0 
 0 
 0 
 0 
 0 
 0 
 0 
 0 
 0 
 0 
 0 
 0 
 0 
 0 
 0 
 0 
 0 
 0 
 0 
 0 
 0 
 0 
 0 
 0 
 0 
 0 
 0 
 0 
 0 
 0 
 0 
 0 
 0 
 0 
 0 
 0 
 0 
 0 
 0 
 0 
 0 
 0 
 0 
 0 
 0 
 0 
 0 
 0 
 0 
 0 
 0 
 0 
 0 
 0 
 0 
 0 
 0 
 0 
 0 
 0 
 0 
 0 
 0 
 0 
 0 
 0 
 0 
 0 
 0 
 0 
 0 
 0 
 0 
 0 
 0 
 0 
 0 
 0 
 0 
 0 
 0 
 0 
 0 
 0 
 0 
 0 
 0 
 0 
 0 
 0 
 0 
 0 
 0 
 0 
