 0 
 0 
 0 
 0 
 0 
 0 
 0 
 0 
 0 
 0 
 0 
 0 
 0 
 0 
 0 
 0 
 0 
 0 
 0 
 0 
 0 
 0 
 0 
 0 
 0 
 0 
 0 
 0 
 0 
 0 
 0 
 0 
 0 
 0 
 0 
 0 
 0 
 0 
 0 
 0 
 0 
 0 
 0 
 0 
 0 
 0 
 0 
 0 
 0 
 0 
 0 
 0 
 0 
 0 
 0 
 0 
 0 
 0 
 0 
 0 
 0 
 0 
 0 
 0 
 0 
 0 
 0 
 0 
 0 
 0 
 0 
 0 
 0 
 0 
 0 
 0 
 0 
 0 
 0 
 0 
 0 
 0 
 0 
 0 
 0 
 0 
 0 
 0 
 0 
 0 
 0 
 0 
 0 
 0 
 0 
 0 
 0 
 0 
 0 
 0 
 0 
 0 
 0 
 0 
 0 
 0 
 0 
 0 
 0 
 0 
 0 
 0 
 0 
 0 
 0 
 0 
 0 
 0 
 0 
 0 
 0 
 0 
 0 
 0 
 0 
 0 
 0 
 0 
 0 
 0 
 0 
 0 
 0 
 0 
 0 
 0 
 0 
 0 
 0 
 0 
 0 
 0 
 0 
 0 
 0 
 0 
 0 
 0 
 0 
 0 
 0 
 0 
 0 
 0 
 0 
 0 
 0 
 0 
 0 
 0 
 0 
 0 
 0 
 0 
 0 
 0 
 0 
 0 
 0 
 0 
 0 
 0 
 0 
 0 
 0 
 0 
 0 
 0 
 0 
 0 
 0 
 0 
 0 
 0 
 0 
 0 
 0 
 0 
 0 
 0 
 0 
 0 
 0 
 0 
 0 
 0 
 0 
 0 
 0 
 0 
 0 
 0 
 0 
 0 
 0 
 0 
 0 
 0 
 0 
 0 
 0 
 0 
 0 
 0 
 0 
 0 
 0 
 0 
 0 
 0 
 0 
 0 
 0 
 0 
 0 
 0 
 0 
 0 
 0 
 0 
 0 
 0 
 0 
 0 
 0 
 0 
 0 
 0 
 0 
 0 
 0 
 0 
 0 
 0 
 0 
 0 
 0 
 0 
 0 
 0 
 0 
 0 
 0 
 0 
 0 
 0 
 0 
 0 
 0 
 0 
 0 
 0 
 0 
 0 
 0 
 0 
 0 
 0 
 0 
 0 
 0 
 0 
 0 
 0 
 0 
 0 
 0 
 0 
 0 
 0 
 0 
 0 
 0 
 0 
 0 
 0 
 0 
 0 
 0 
 0 
 0 
 0 
 0 
 0 
 0 
 0 
 0 
 0 
 0 
 0 
 0 
 0 
 0 
 0 
 0 
 0 
 0 
 0 
 0 
 0 
 0 
 0 
 0 
 0 
 0 
 0 
 0 
 0 
 0 
 0 
 0 
 0 
 0 
 0 
 0 
 0 
 0 
 0 
 0 
 0 
 0 
 0 
 0 
 0 
 0 
 0 
 0 
 0 
 0 
 0 
 0 
 0 
 0 
 0 
 0 
 0 
 0 
 0 
 0 
 0 
 0 
 0 
 0 
 0 
 0 
 0 
 0 
 0 
 0 
 0 
 0 
 0 
 0 
 0 
 0 
 0 
 0 
 0 
 0 
 0 
 0 
 0 
 0 
 0 
 0 
 0 
 0 
 0 
 0 
 0 
 0 
 0 
 0 
 0 
 0 
 0 
 0 
 0 
 0 
 0 
 0 
 0 
 0 
 0 
 0 
 0 
 0 
 0 
 0 
 0 
 0 
 0 
 0 
 0 
 0 
 0 
 0 
 0 
 0 
 0 
 0 
 0 
 0 
 0 
 0 
 0 
 0 
 0 
 0 
 0 
 0 
 0 
 0 
 0 
 0 
 0 
 0 
 0 
 0 
 0 
 0 
 0 
 0 
 0 
 0 
 0 
 0 
 0 
 0 
 8,46740050804403E-04 
 8,46740050804403E-04 
 8,46740050804403E-04 
 8,46740050804403E-04 
 1,69348010160881E-03 
 1,69348010160881E-03 
 1,69348010160881E-03 
 1,69348010160881E-03 
 1,69348010160881E-03 
 2,54022015241321E-03 
 2,54022015241321E-03 
 3,38696020321761E-03 
 3,38696020321761E-03 
 3,38696020321761E-03 
 3,38696020321761E-03 
 4,23370025402202E-03 
 4,23370025402202E-03 
 4,23370025402202E-03 
 4,23370025402202E-03 
 4,23370025402202E-03 
 5,08044030482642E-03 
 5,92718035563082E-03 
 5,92718035563082E-03 
 5,92718035563082E-03 
 6,77392040643522E-03 
 6,77392040643522E-03 
 8,46740050804403E-03 
 8,46740050804403E-03 
 1,01608806096528E-02 
 1,77815410668925E-02 
 1,86282811176969E-02 
 1,94750211685013E-02 
 2,03217612193057E-02 
 1,60880609652837E-02 
 1,52413209144793E-02 
 1,60880609652837E-02 
 1,69348010160881E-02 
 1,52413209144793E-02 
 1,69348010160881E-02 
 1,86282811176969E-02 
 1,86282811176969E-02 
 2,11685012701101E-02 
 2,11685012701101E-02 
 2,11685012701101E-02 
 2,03217612193057E-02 
 1,60880609652837E-02 
 1,43945808636749E-02 
 1,69348010160881E-02 
 2,03217612193057E-02 
 2,96359017781541E-02 
 2,54022015241321E-02 
 2,79424216765453E-02 
 2,87891617273497E-02 
 3,04826418289585E-02 
 3,13293818797629E-02 
 3,55630821337849E-02 
 4,31837425910246E-02 
 4,65707027942422E-02 
 4,74174428450466E-02 
 0,048264182895851 
 5,08044030482642E-02 
 4,99576629974598E-02 
 5,75783234546994E-02 
 6,60457239627434E-02 
 6,60457239627434E-02 
 0,065198983911939 
 0,166807790008467 
 0,169348010160881 
 0,198983911939035 
 0,207451312447079 
 0,229466553767993 
 0,233700254022015 
 0,237087214225233 
 0,241320914479255 
 0,245554614733277 
 0,249788314987299 
 0,253175275190517 
 0,257408975444539 
 0,261642675698561 
 0,265876375952583 
 0,2692633361558 
 0,273497036409822 
 0,277730736663844 
 0,281964436917866 
 0,282811176968671 
 0,281117696867062 
 0,270110076206605 
 0,273497036409822 
 0,301439458086367 
 0,305673158340389 
 0,309906858594412 
 0,313293818797629 
 0,317527519051651 
 0,309060118543607 
 0,305673158340389 
 0,299745977984759 
 0,299745977984759 
 0,300592718035563 
 0,324301439458086 
 0,331922099915326 
 0,164267569856054 
 0,148179508890771 
 0,164267569856054 
 0,162574089754445 
 0,182895850973751 
 0,187976291278577 
 0,186282811176969 
 0,192209991532599 
 0,19813717188823 
 0,288738357324301 
 0,291278577476715 
 0,305673158340389 
 0,320914479254869 
 0,327688399661304 
 0,221845893310754 
 0,346316680779001 
 0,398814563928874 
 0,407281964436918 
 0,41913632514818 
 0,422523285351397 
 0,426756985605419 
 0,215071972904318 
 0,230313293818798 
 0,179508890770533 
 0,181202370872142 
 0,177815410668925 
 0,215918712955123 
 0,212531752751905 
 0,20575783234547 
 0,243861134631668 
 0,241320914479255 
 0,24809483488569 
 0,249788314987299 
 0,251481795088908 
 0,254022015241321 
 0,260795935647756 
 0,262489415749365 
 0,274343776460627 
 0,281117696867062 
 0,277730736663844 
 0,280270956816257 
 0,353090601185436 
 0,330228619813717 
 0,321761219305673 
 0,334462320067739 
 0,222692633361558 
 0,214225232853514 
 0,209991532599492 
 0,195596951735817 
 0,196443691786621 
 0,193056731583404 
 0,204911092294666 
 0,428450465707028 
 0,419983065198984 
 0,433530906011854 
 0,430990685859441 
 0,36155800169348 
 0,36917866215072 
 0,38272650296359 
 0,368331922099915 
 0,296359017781541 
 0,314987298899238 
 0,443691786621507 
 0,44623200677392 
 0,582557154953429 
 0,585944115156647 
 0,589331075359865 
 0,592718035563082 
 0,595258255715495 
 0,592718035563082 
 0,571549534292972 
 0,569009314140559 
 0,584250635055038 
 0,593564775613887 
 0,5961049957663 
 0,494496189669771 
 0,366638441998307 
 0,41151566469094 
 0,388653683319221 
 0,39034716342083 
 0,380186282811177 
 0,387806943268417 
 0,39034716342083 
 0,359864521591871 
 0,36155800169348 
 0,349703640982218 
 0,345469940728196 
 0,575783234546994 
 0,578323454699407 
 0,58086367485182 
 0,583403895004234 
 0,606265876375953 
 0,528365791701948 
 0,510584250635055 
 0,418289585097375 
 0,629974597798476 
 0,632514817950889 
 0,635055038103302 
 0,610499576629975 
 0,612193056731583 
 0,629127857747671 
 0,666384419983065 
 0,675698560541914 
 0,615580016934801 
 0,610499576629975 
 0,316680779000847 
 0,325148179508891 
 0,68839966130398 
 0,676545300592718 
 0,629127857747671 
 0,631668077900085 
 0,633361558001693 
 0,621507197290432 
 0,624047417442845 
 0,625740897544454 
 0,620660457239627 
 0,593564775613887 
 0,595258255715495 
 0,486875529212532 
 0,488569009314141 
 0,504657070279424 
 0,625740897544454 
 0,635055038103302 
 0,486875529212532 
 0,50381033022862 
 0,48264182895851 
 0,469093988145639 
 0,43268416596105 
 0,448772226926334 
 0,442845046570703 
 0,428450465707028 
 0,391193903471634 
 0,377646062658764 
 0,370872142252329 
 0,371718882303133 
 0,489415749364945 
 0,708721422523285 
 0,710414902624894 
 0,704487722269263 
 0,753598645215919 
 0,762912785774767 
 0,756985605419136 
 0,790855207451312 
 0,792548687552921 
 0,795088907705334 
 0,796782387806943 
 0,798475867908552 
 0,800169348010161 
 0,802709568162574 
 0,804403048264183 
 0,806096528365792 
 0,8077900084674 
 0,809483488569009 
 0,811176968670618 
 0,813717188823031 
 0,81541066892464 
 0,702794242167655 
 0,696020321761219 
 0,689246401354784 
 0,690093141405589 
 0,691786621507197 
 0,825571549534293 
 0,827265029635902 
 0,828958509737511 
 0,829805249788315 
 0,831498729889924 
 0,833192209991533 
 0,834885690093141 
 0,83657917019475 
 0,837425910245555 
 0,839119390347163 
 0,840812870448772 
 0,842506350550381 
 0,843353090601185 
 0,845046570702794 
 0,846740050804403 
 0,847586790855207 
 0,849280270956816 
 0,850127011007621 
 0,851820491109229 
 0,852667231160034 
 0,854360711261643 
 0,633361558001693 
 0,728196443691787 
 0,755292125317528 
 0,721422523285351 
 0,740050804403048 
 0,749364944961897 
 0,750211685012701 
 0,742591024555461 
 0,743437764606266 
 0,752751905165114 
 0,745131244707875 
 0,616426756985605 
 0,581710414902625 
 0,295512277730737 
 0,304826418289585 
 0,314140558848434 
 0,314140558848434 
 0,305673158340389 
 0,297205757832345 
 0,306519898391194 
 0,29805249788315 
 0,29805249788315 
 0,281117696867062 
 0,289585097375106 
 0,281117696867062 
 0,272650296359018 
 0,528365791701948 
 0,502116850127011 
 0,431837425910246 
 0,405588484335309 
 0,388653683319221 
 0,397967823878069 
 0,389500423370025 
 0,389500423370025 
 0,398814563928874 
 0,398814563928874 
 0,460626587637595 
 0,398814563928874 
 0,381879762912786 
 0,381879762912786 
 0,373412362404742 
 0,826418289585097 
 0,817950889077053 
 0,800169348010161 
 0,720575783234547 
 0,613886536833192 
 0,614733276883997 
 0,890770533446232 
 0,890770533446232 
 0,891617273497036 
 0,891617273497036 
 0,891617273497036 
 0,891617273497036 
 0,891617273497036 
 0,892464013547841 
 0,883149872988992 
 0,883149872988992 
 0,847586790855207 
 0,597798475867909 
 0,713801862828112 
 0,731583403895004 
 0,72311600338696 
 0,785774767146486 
 0,776460626587638 
 0,79424216765453 
 0,79424216765453 
 0,508890770533446 
 0,544453852667231 
 0,508044030482642 
 0,525825571549534 
 0,543607112616427 
 0,856054191363251 
 0,846740050804403 
 0,845893310753599 
 0,76545300592718 
 0,747671464860288 
 0,320067739204064 
 0,320067739204064 
 0,320067739204064 
 0,320067739204064 
 0,320067739204064 
 0,364098221845893 
 0,346316680779001 
 0,337002540220152 
 0,337002540220152 
 0,301439458086367 
 0,301439458086367 
 0,380186282811177 
 0,397967823878069 
 0,388653683319221 
 0,43268416596105 
 0,441151566469094 
 0,449618966977138 
 0,458086367485182 
 0,404741744284505 
 0,360711261642676 
 0,342929720575783 
 0,351397121083827 
 0,29805249788315 
 0,306519898391194 
 0,534292972057578 
 0,516511430990686 
 0,297205757832345 
 0,497883149872989 
 0,488569009314141 
 0,453005927180356 
 0,4614733276884 
 0,469940728196444 
 0,564775613886537 
 0,312447078746825 
 0,294665537679932 
 0,294665537679932 
 0,285351397121084 
 0,267569856054191 
 0,276037256562235 
 0,276037256562235 
 0,275190516511431 
 0,283657917019475 
 0,420829805249788 
 0,41151566469094 
 0,410668924640135 
 0,530059271803556 
 0,469093988145639 
 0,834885690093141 
 0,824724809483489 
 0,739204064352244 
 0,568162574089754 
 0,601185436071126 
 0,651143099068586 
 0,784928027095682 
 0,774767146486029 
 0,782387806943268 
 0,705334462320068 
 0,838272650296359 
 0,83657917019475 
 0,834885690093141 
 0,833192209991533 
 0,790008467400508 
 0,78069432684166 
 0,828958509737511 
 0,827265029635902 
 0,825571549534293 
 0,823878069432684 
 0,822184589331075 
 0,820491109229467 
 0,818797629127858 
 0,817104149026249 
 0,81541066892464 
 0,813717188823031 
 0,812023708721422 
 0,810330228619814 
 0,8077900084674 
 0,806096528365792 
 0,804403048264183 
 0,802709568162574 
 0,801016088060965 
 0,798475867908552 
 0,796782387806943 
 0,707874682472481 
 0,706181202370872 
 0,696020321761219 
 0,789161727349704 
 0,78662150719729 
 0,784928027095682 
 0,783234546994073 
 0,78069432684166 
 0,779000846740051 
 0,722269263336156 
 0,720575783234547 
 0,718035563082134 
 0,716342082980525 
 0,622353937341236 
 0,628281117696867 
 0,625740897544454 
 0,624047417442845 
 0,758679085520745 
 0,756985605419136 
 0,754445385266723 
 0,75190516511431 
 0,749364944961897 
 0,747671464860288 
 0,745131244707875 
 0,742591024555461 
 0,740050804403048 
 0,737510584250635 
 0,735817104149026 
 0,733276883996613 
 0,7307366638442 
 0,728196443691787 
 0,725656223539373 
 0,72311600338696 
 0,720575783234547 
 0,718035563082134 
 0,715495342929721 
 0,712955122777307 
 0,710414902624894 
 0,707874682472481 
 0,458086367485182 
 0,449618966977138 
 0,44030482641829 
 0,375952582557155 
 0,35393734123624 
 0,352243861134632 
 0,358171041490262 
 0,431837425910246 
 0,327688399661304 
 0,333615580016935 
 0,237087214225233 
 0,229466553767993 
 0,228619813717189 
 0,227773073666384 
 0,220152413209145 
 0,610499576629975 
 0,587637595258256 
 0,578323454699407 
 0,575783234546994 
 0,56731583403895 
 0,563928873835732 
 0,57493649449619 
 0,558848433530906 
 0,524132091447925 
 0,528365791701948 
 0,519898391193903 
 0,491955969517358 
 0,539373412362405 
 0,549534292972058 
 0,459779847586791 
 0,457239627434378 
 0,448772226926334 
 0,4038950042337 
 0,377646062658764 
 0,520745131244708 
 0,518204911092295 
 0,509737510584251 
 0,476714648602879 
 0,468247248094835 
 0,441998306519898 
 0,439458086367485 
 0,436917866215072 
 0,324301439458086 
 0,328535139712108 
 0,314987298899238 
 0,307366638441998 
 0,345469940728196 
 0,394580863674852 
 0,358171041490262 
 0,41151566469094 
 0,436917866215072 
 0,439458086367485 
 0,436917866215072 
 0,510584250635055 
 0,49618966977138 
 0,487722269263336 
 0,165114309906859 
 0,137171888230313 
 0,131244707874682 
 0,120237087214225 
 0,119390347163421 
 0,118543607112616 
 0,112616426756986 
 0,111769686706181 
 0,136325148179509 
 0,135478408128704 
 0,138865368331922 
 0,138018628281118 
 0,137171888230313 
 0,136325148179509 
 0,135478408128704 
 0,133784928027096 
 0,138018628281118 
 0,137171888230313 
 0,131244707874682 
 0,130397967823878 
 0,119390347163421 
 0,114309906858594 
 0,104149026248942 
 0,107535986452159 
 0,102455546147333 
 9,73751058425063E-02 
 9,65283657917019E-02 
 9,14479254868755E-02 
 8,21337849280271E-02 
 8,12870448772227E-02 
 7,62066045723963E-02 
 7,95935647756139E-02 
 9,14479254868755E-02 
 0,106689246401355 
 0,101608806096528 
 9,73751058425063E-02 
 9,56816257408975E-02 
 9,14479254868755E-02 
 9,39881456392887E-02 
 8,97544453852667E-02 
 8,46740050804403E-02 
 8,04403048264183E-02 
 9,06011854360711E-02 
 8,55207451312447E-02 
 8,89077053344623E-02 
 9,48348856900931E-02 
 8,63674851820491E-02 
 8,21337849280271E-02 
 8,46740050804403E-02 
 8,72142252328535E-02 
 9,31414055884843E-02 
 9,90685859441152E-02 
 9,82218458933107E-02 
 9,99153259949196E-02 
 0,102455546147333 
 0,104149026248942 
 0,103302286198137 
 0,215918712955123 
 0,21337849280271 
 0,210838272650296 
 0,223539373412362 
 0,208298052497883 
 0,241320914479255 
 0,235393734123624 
 0,232006773920406 
 0,228619813717189 
 0,24809483488569 
 0,277730736663844 
 0,274343776460627 
 0,270110076206605 
 0,265876375952583 
 0,262489415749365 
 0,258255715495343 
 0,254022015241321 
 0,249788314987299 
 0,246401354784081 
 0,242167654530059 
 0,237933954276037 
 0,233700254022015 
 0,230313293818798 
 0,226079593564776 
 0,221845893310754 
 0,217612193056732 
 0,214225232853514 
 0,209991532599492 
 0,20575783234547 
 0,201524132091448 
 0,19813717188823 
 0,193903471634208 
 0,189669771380186 
 0,186282811176969 
 0,182049110922947 
 0,177815410668925 
 0,174428450465707 
 0,170194750211685 
 0,165961049957663 
 0,162574089754445 
 0,158340389500423 
 0,154106689246401 
 0,150719729043184 
 0,146486028789162 
 0,143099068585944 
 0,138865368331922 
 0,135478408128704 
 0,131244707874682 
 0,127857747671465 
 0,123624047417443 
 0,120237087214225 
 0,104995766299746 
 0,112616426756986 
 0,109229466553768 
 0,104995766299746 
 0,101608806096528 
 9,82218458933107E-02 
 9,39881456392887E-02 
 9,06011854360711E-02 
 8,72142252328535E-02 
 8,38272650296359E-02 
 8,04403048264183E-02 
 6,85859441151566E-02 
 6,18120237087214E-02 
 5,84250635055038E-02 
 5,58848433530906E-02 
 0,052497883149873 
 5,08044030482642E-02 
 4,74174428450466E-02 
 4,57239627434378E-02 
 4,23370025402202E-02 
 4,74174428450466E-02 
 4,48772226926334E-02 
 4,14902624894158E-02 
 3,89500423370025E-02 
 3,64098221845893E-02 
 3,38696020321761E-02 
 3,04826418289585E-02 
 2,79424216765453E-02 
 2,62489415749365E-02 
 2,37087214225233E-02 
 2,11685012701101E-02 
 1,94750211685013E-02 
 1,69348010160881E-02 
 1,52413209144793E-02 
 0,012701100762066 
 1,10076206604572E-02 
 9,31414055884843E-03 
 7,62066045723963E-03 
 5,92718035563082E-03 
 5,08044030482642E-03 
 3,38696020321761E-03 
 2,54022015241321E-03 
 2,54022015241321E-03 
 1,69348010160881E-03 
 8,46740050804403E-04 
 8,46740050804403E-04 
 8,46740050804403E-04 
 0 
 0 
 0 
 0 
 0 
 0 
 0 
 0 
 0 
 0 
 0 
 0 
 0 
 0 
 0 
 0 
 0 
 0 
 0 
 0 
 0 
 0 
 0 
 0 
 0 
 0 
 0 
 0 
 0 
 0 
 0 
 0 
 0 
 0 
 0 
 0 
 0 
 0 
 0 
 0 
 0 
 0 
 0 
 0 
 0 
 0 
 0 
 0 
 0 
 0 
 0 
 0 
 0 
 0 
 0 
 0 
 0 
 0 
 0 
 0 
 0 
 0 
 0 
 0 
 0 
 0 
 0 
 0 
 0 
 0 
 0 
 0 
 0 
 0 
 0 
 0 
 0 
 0 
 0 
 0 
 0 
 0 
 0 
 0 
 0 
 0 
 0 
 0 
 0 
 0 
 0 
 0 
 0 
 0 
 0 
 0 
 0 
 0 
 0 
 0 
 0 
 0 
 0 
 0 
 0 
 0 
 0 
 0 
 0 
 0 
 0 
 0 
 0 
 0 
 0 
 0 
 0 
 0 
 0 
 0 
 0 
 0 
 0 
 0 
 0 
 0 
 0 
 0 
 0 
 0 
 0 
 0 
 0 
 0 
 0 
 0 
 0 
 0 
 0 
 0 
 0 
 0 
 0 
 0 
 0 
 0 
 0 
 0 
 0 
 0 
 0 
 0 
 0 
 0 
 0 
 0 
 0 
 0 
 0 
 0 
 0 
 0 
 0 
 0 
 0 
 0 
 0 
 0 
 0 
 0 
 0 
 0 
 0 
 0 
 0 
 0 
 0 
 0 
 0 
 0 
 0 
 0 
 0 
 0 
 0 
 0 
 0 
 0 
 0 
 0 
 0 
 0 
 0 
 0 
 0 
 0 
 0 
 0 
 0 
 0 
 0 
 0 
 0 
 0 
 0 
 0 
 0 
 0 
 0 
 0 
 0 
 0 
 0 
 0 
 0 
 0 
 0 
 0 
 0 
 0 
 0 
 0 
 0 
 0 
 0 
 0 
 0 
 0 
 0 
 0 
 0 
 0 
 0 
 0 
 0 
 0 
 0 
 0 
 0 
 0 
 0 
 0 
 0 
 0 
 0 
 0 
 0 
 0 
 0 
 0 
 0 
 0 
 0 
 0 
 0 
 0 
 0 
 0 
 0 
 0 
 0 
 0 
 0 
 0 
 0 
 0 
 0 
 0 
 0 
 0 
 0 
 0 
 0 
 0 
 0 
 0 
 0 
 0 
 0 
 0 
 0 
 0 
 0 
 0 
 0 
 0 
 0 
 0 
 0 
 0 
 0 
 0 
 0 
 0 
 0 
 0 
 0 
 0 
 0 
 0 
 0 
 0 
 0 
 0 
 0 
 0 
 0 
 0 
 0 
 0 
 0 
