 0 
 0 
 0 
 0 
 0 
 0 
 0 
 0 
 0 
 0 
 0 
 0 
 0 
 0 
 0 
 0 
 0 
 0 
 0 
 0 
 0 
 0 
 0 
 0 
 0 
 0 
 0 
 0 
 0 
 0 
 0 
 0 
 0 
 0 
 0 
 0 
 0 
 0 
 0 
 0 
 0 
 0 
 0 
 0 
 0 
 0 
 0 
 0 
 0 
 0 
 0 
 0 
 0 
 0 
 0 
 0 
 0 
 0 
 0 
 0 
 0 
 0 
 0 
 0 
 0 
 0 
 0 
 0 
 0 
 0 
 0 
 0 
 0 
 0 
 0 
 0 
 0 
 0 
 0 
 0 
 0 
 0 
 0 
 0 
 0 
 0 
 0 
 0 
 0 
 0 
 0 
 0 
 0 
 0 
 0 
 0 
 0 
 0 
 0 
 0 
 0 
 0 
 0 
 0 
 0 
 0 
 0 
 0 
 0 
 0 
 0 
 0 
 0 
 0 
 0 
 0 
 0 
 0 
 0 
 0 
 0 
 0 
 0 
 0 
 0 
 0 
 0 
 0 
 0 
 0 
 0 
 0 
 0 
 0 
 0 
 0 
 0 
 0 
 0 
 0 
 0 
 0 
 0 
 0 
 0 
 0 
 0 
 0 
 0 
 0 
 0 
 0 
 0 
 0 
 0 
 0 
 0 
 0 
 0 
 0 
 0 
 0 
 0 
 0 
 0 
 0 
 0 
 0 
 0 
 0 
 0 
 0 
 0 
 0 
 0 
 0 
 0 
 0 
 0 
 0 
 0 
 0 
 0 
 0 
 0 
 0 
 0 
 0 
 0 
 0 
 0 
 0 
 0 
 0 
 0 
 0 
 0 
 0 
 0 
 0 
 0 
 0 
 0 
 0 
 0 
 0 
 0 
 0 
 0 
 0 
 0 
 0 
 0 
 0 
 0 
 0 
 0 
 0 
 0 
 0 
 0 
 0 
 0 
 0 
 0 
 0 
 0 
 0 
 0 
 0 
 0 
 0 
 0 
 0 
 0 
 0 
 0 
 0 
 0 
 0 
 0 
 0 
 0 
 0 
 0 
 0 
 0 
 0 
 0 
 0 
 0 
 0 
 0 
 0 
 0 
 0 
 0 
 0 
 0 
 0 
 0 
 0 
 0 
 0 
 0 
 0 
 0 
 0 
 0 
 0 
 0 
 0 
 0 
 0 
 0 
 0 
 0 
 0 
 0 
 0 
 0 
 0 
 0 
 0 
 0 
 0 
 0 
 0 
 0 
 0 
 0 
 0 
 0 
 0 
 0 
 0 
 0 
 0 
 0 
 0 
 0 
 0 
 0 
 0 
 0 
 0 
 0 
 0 
 0 
 0 
 0 
 0 
 0 
 0 
 0 
 0 
 0 
 0 
 0 
 0 
 0 
 0 
 0 
 0 
 0 
 0 
 0 
 0 
 0 
 0 
 0 
 0 
 0 
 0 
 0 
 0 
 0 
 0 
 0 
 0 
 0 
 0 
 0 
 0 
 0 
 0 
 0 
 0 
 0 
 0 
 0 
 0 
 0 
 0 
 0 
 0 
 0 
 0 
 0 
 0 
 0 
 0 
 0 
 0 
 0 
 0 
 0 
 0 
 0 
 0 
 0 
 0 
 0 
 0 
 0 
 0 
 0 
 0 
 0 
 0 
 0 
 0 
 0 
 0 
 0 
 0 
 0 
 0 
 0 
 0 
 0 
 0 
 0 
 0 
 0 
 0 
 0 
 0 
 0 
 0 
 0 
 0 
 0 
 0 
 0 
 0 
 0 
 0 
 0 
 0 
 0 
 0 
 0 
 0 
 0 
 0 
 0 
 0 
 0 
 0 
 0 
 0 
 0 
 0 
 0 
 0 
 0 
 0 
 0 
 0 
 0 
 0 
 0 
 0 
 8,46740050804403E-04 
 8,46740050804403E-04 
 8,46740050804403E-04 
 1,69348010160881E-03 
 2,54022015241321E-03 
 3,38696020321761E-03 
 4,23370025402202E-03 
 5,92718035563082E-03 
 6,77392040643522E-03 
 8,46740050804403E-03 
 9,31414055884843E-03 
 6,77392040643522E-03 
 7,62066045723963E-03 
 8,46740050804403E-03 
 8,46740050804403E-03 
 1,01608806096528E-02 
 1,10076206604572E-02 
 1,10076206604572E-02 
 0,012701100762066 
 0,012701100762066 
 1,43945808636749E-02 
 1,60880609652837E-02 
 1,86282811176969E-02 
 1,94750211685013E-02 
 2,03217612193057E-02 
 2,62489415749365E-02 
 2,96359017781541E-02 
 3,64098221845893E-02 
 4,65707027942422E-02 
 5,08044030482642E-02 
 5,33446232006774E-02 
 5,92718035563082E-02 
 6,26587637595258E-02 
 0,069432684165961 
 7,28196443691787E-02 
 7,62066045723963E-02 
 7,95935647756139E-02 
 7,95935647756139E-02 
 8,29805249788315E-02 
 8,80609652836579E-02 
 8,97544453852667E-02 
 9,31414055884843E-02 
 9,73751058425063E-02 
 0,104995766299746 
 7,11261642675699E-02 
 7,36663844199831E-02 
 8,46740050804403E-02 
 8,80609652836579E-02 
 8,97544453852667E-02 
 8,89077053344623E-02 
 0,102455546147333 
 0,109229466553768 
 0,110922946655377 
 0,104149026248942 
 9,65283657917019E-02 
 0,103302286198137 
 9,56816257408975E-02 
 5,84250635055038E-02 
 7,45131244707875E-02 
 6,60457239627434E-02 
 6,77392040643522E-02 
 6,60457239627434E-02 
 6,01185436071126E-02 
 5,84250635055038E-02 
 5,75783234546994E-02 
 0,056731583403895 
 7,19729043183743E-02 
 7,53598645215919E-02 
 8,29805249788315E-02 
 0,135478408128704 
 0,136325148179509 
 0,144792548687553 
 0,148179508890771 
 0,148179508890771 
 0,153259949195597 
 0,146486028789162 
 0,147332768839966 
 0,104149026248942 
 0,11346316680779 
 0,21337849280271 
 0,21930567315834 
 0,253175275190517 
 0,257408975444539 
 0,261642675698561 
 0,265876375952583 
 0,2692633361558 
 0,273497036409822 
 0,277730736663844 
 0,281964436917866 
 0,285351397121084 
 0,289585097375106 
 0,293818797629128 
 0,29805249788315 
 0,301439458086367 
 0,305673158340389 
 0,259949195596952 
 0,250635055038103 
 0,222692633361558 
 0,221845893310754 
 0,220999153259949 
 0,254022015241321 
 0,256562235393734 
 0,249788314987299 
 0,270110076206605 
 0,2692633361558 
 0,279424216765453 
 0,282811176968671 
 0,278577476714649 
 0,277730736663844 
 0,277730736663844 
 0,291278577476715 
 0,294665537679932 
 0,293818797629128 
 0,289585097375106 
 0,107535986452159 
 0,104995766299746 
 0,101608806096528 
 0,106689246401355 
 0,111769686706181 
 0,104995766299746 
 0,101608806096528 
 9,90685859441152E-02 
 9,99153259949196E-02 
 9,65283657917019E-02 
 9,73751058425063E-02 
 9,82218458933107E-02 
 9,48348856900931E-02 
 9,14479254868755E-02 
 8,72142252328535E-02 
 8,80609652836579E-02 
 8,89077053344623E-02 
 8,55207451312447E-02 
 9,48348856900931E-02 
 9,56816257408975E-02 
 0,10584250635055 
 0,116003386960203 
 0,116850127011008 
 0,117696867061812 
 0,123624047417443 
 0,133784928027096 
 0,130397967823878 
 0,136325148179509 
 0,14225232853514 
 0,143099068585944 
 0,133784928027096 
 0,160033869602032 
 0,15580016934801 
 0,157493649449619 
 0,158340389500423 
 0,180355630821338 
 0,181202370872142 
 0,182895850973751 
 0,183742591024555 
 0,174428450465707 
 0,170194750211685 
 0,171041490262489 
 0,220999153259949 
 0,352243861134632 
 0,365791701947502 
 0,368331922099915 
 0,375952582557155 
 0,350550381033023 
 0,363251481795089 
 0,331922099915326 
 0,333615580016935 
 0,370025402201524 
 0,23454699407282 
 0,230313293818798 
 0,237933954276037 
 0,238780694326842 
 0,23454699407282 
 0,229466553767993 
 0,248941574936494 
 0,25571549534293 
 0,245554614733277 
 0,259102455546147 
 0,254022015241321 
 0,206604572396274 
 0,214225232853514 
 0,209144792548688 
 0,209991532599492 
 0,229466553767993 
 0,212531752751905 
 0,21337849280271 
 0,22692633361558 
 0,23454699407282 
 0,222692633361558 
 0,223539373412362 
 0,231160033869602 
 0,251481795088908 
 0,253175275190517 
 0,254022015241321 
 0,248941574936494 
 0,243014394580864 
 0,231160033869602 
 0,232006773920406 
 0,226079593564776 
 0,214225232853514 
 0,215071972904318 
 0,195596951735817 
 0,196443691786621 
 0,204064352243861 
 0,204911092294666 
 0,246401354784081 
 0,24809483488569 
 0,248941574936494 
 0,236240474174428 
 0,215918712955123 
 0,223539373412362 
 0,224386113463167 
 0,225232853513971 
 0,212531752751905 
 0,220152413209145 
 0,256562235393734 
 0,257408975444539 
 0,243861134631668 
 0,244707874682472 
 0,303132938187976 
 0,304826418289585 
 0,334462320067739 
 0,328535139712108 
 0,322607959356478 
 0,345469940728196 
 0,35393734123624 
 0,34038950042337 
 0,348856900931414 
 0,327688399661304 
 0,328535139712108 
 0,337002540220152 
 0,368331922099915 
 0,362404741744284 
 0,370872142252329 
 0,447925486875529 
 0,707874682472481 
 0,740050804403048 
 0,750211685012701 
 0,760372565622354 
 0,769686706181202 
 0,772226926333616 
 0,611346316680779 
 0,613039796782388 
 0,653683319220999 
 0,265029635901778 
 0,250635055038103 
 0,314140558848434 
 0,322607959356478 
 0,323454699407282 
 0,331922099915326 
 0,325148179508891 
 0,333615580016935 
 0,334462320067739 
 0,335309060118544 
 0,336155800169348 
 0,392887383573243 
 0,337849280270957 
 0,354784081287045 
 0,363251481795089 
 0,331922099915326 
 0,276037256562235 
 0,252328535139712 
 0,228619813717189 
 0,220152413209145 
 0,245554614733277 
 0,254022015241321 
 0,238780694326842 
 0,230313293818798 
 0,231160033869602 
 0,256562235393734 
 0,248941574936494 
 0,257408975444539 
 0,258255715495343 
 0,249788314987299 
 0,259102455546147 
 0,259102455546147 
 0,259949195596952 
 0,259949195596952 
 0,260795935647756 
 0,252328535139712 
 0,261642675698561 
 0,261642675698561 
 0,262489415749365 
 0,287891617273497 
 0,280270956816257 
 0,280270956816257 
 0,281117696867062 
 0,315834038950042 
 0,307366638441998 
 0,308213378492803 
 0,308213378492803 
 0,317527519051651 
 0,266723116003387 
 0,266723116003387 
 0,258255715495343 
 0,31922099915326 
 0,302286198137172 
 0,328535139712108 
 0,303132938187976 
 0,294665537679932 
 0,303979678238781 
 0,303979678238781 
 0,295512277730737 
 0,357324301439458 
 0,357324301439458 
 0,357324301439458 
 0,349703640982218 
 0,323454699407282 
 0,314987298899238 
 0,288738357324301 
 0,280270956816257 
 0,271803556308213 
 0,21930567315834 
 0,210838272650296 
 0,220152413209145 
 0,220152413209145 
 0,220152413209145 
 0,193903471634208 
 0,203217612193057 
 0,211685012701101 
 0,194750211685013 
 0,194750211685013 
 0,194750211685013 
 0,17696867061812 
 0,17696867061812 
 0,14225232853514 
 0,150719729043184 
 0,14225232853514 
 0,177815410668925 
 0,195596951735817 
 0,221845893310754 
 0,21337849280271 
 0,222692633361558 
 0,248941574936494 
 0,258255715495343 
 0,266723116003387 
 0,285351397121084 
 0,276037256562235 
 0,276037256562235 
 0,285351397121084 
 0,294665537679932 
 0,294665537679932 
 0,285351397121084 
 0,259102455546147 
 0,249788314987299 
 0,249788314987299 
 0,249788314987299 
 0,241320914479255 
 0,294665537679932 
 0,294665537679932 
 0,285351397121084 
 0,339542760372566 
 0,339542760372566 
 0,338696020321761 
 0,330228619813717 
 0,330228619813717 
 0,330228619813717 
 0,338696020321761 
 0,374259102455546 
 0,374259102455546 
 0,31160033869602 
 0,31160033869602 
 0,320914479254869 
 0,356477561388654 
 0,889923793395428 
 0,880609652836579 
 0,889923793395428 
 0,889077053344623 
 0,889077053344623 
 0,888230313293819 
 0,888230313293819 
 0,887383573243014 
 0,887383573243014 
 0,88653683319221 
 0,885690093141406 
 0,885690093141406 
 0,840812870448772 
 0,822184589331075 
 0,822184589331075 
 0,741744284504657 
 0,732430143945809 
 0,732430143945809 
 0,705334462320068 
 0,712955122777307 
 0,739204064352244 
 0,430990685859441 
 0,430143945808637 
 0,430143945808637 
 0,438611346316681 
 0,447078746824725 
 0,437764606265876 
 0,393734123624047 
 0,358171041490262 
 0,56731583403895 
 0,513971210838273 
 0,435224386113463 
 0,443691786621507 
 0,425910245554615 
 0,408128704487722 
 0,398814563928874 
 0,397967823878069 
 0,380186282811177 
 0,207451312447079 
 0,724809483488569 
 0,697713801862828 
 0,696867061812024 
 0,592718035563082 
 0,618120237087214 
 0,599491955969517 
 0,855207451312447 
 0,854360711261643 
 0,853513971210838 
 0,851820491109229 
 0,72311600338696 
 0,696020321761219 
 0,695173581710415 
 0,69432684165961 
 0,701100762066046 
 0,666384419983065 
 0,640135478408129 
 0,840812870448772 
 0,814563928873836 
 0,812870448772227 
 0,811176968670618 
 0,509737510584251 
 0,491955969517358 
 0,507197290431837 
 0,589331075359865 
 0,754445385266723 
 0,752751905165114 
 0,751058425063506 
 0,717188823031329 
 0,707027942421677 
 0,713801862828112 
 0,712108382726503 
 0,711261642675699 
 0,734123624047417 
 0,723962743437765 
 0,738357324301439 
 0,729043183742591 
 0,743437764606266 
 0,725656223539373 
 0,523285351397121 
 0,42506350550381 
 0,43268416596105 
 0,439458086367485 
 0,469940728196444 
 0,349703640982218 
 0,356477561388654 
 0,355630821337849 
 0,354784081287045 
 0,35393734123624 
 0,400508044030483 
 0,368331922099915 
 0,343776460626588 
 0,3268416596105 
 0,325994919559695 
 0,309906858594412 
 0,262489415749365 
 0,215918712955123 
 0,207451312447079 
 0,198983911939035 
 0,175275190516511 
 0,167654530059272 
 0,182049110922947 
 0,181202370872142 
 0,188823031329382 
 0,195596951735817 
 0,187129551227773 
 0,187129551227773 
 0,178662150719729 
 0,178662150719729 
 0,170194750211685 
 0,17696867061812 
 0,176121930567316 
 0,204911092294666 
 0,263336155800169 
 0,262489415749365 
 0,260795935647756 
 0,253175275190517 
 0,252328535139712 
 0,258255715495343 
 0,250635055038103 
 0,242167654530059 
 0,241320914479255 
 0,191363251481795 
 0,197290431837426 
 0,196443691786621 
 0,195596951735817 
 0,181202370872142 
 0,180355630821338 
 0,179508890770533 
 0,193056731583404 
 0,185436071126164 
 0,18458933107536 
 0,204064352243861 
 0,209991532599492 
 0,195596951735817 
 0,194750211685013 
 0,193903471634208 
 0,193056731583404 
 0,179508890770533 
 0,18458933107536 
 0,177815410668925 
 0,17696867061812 
 0,169348010160881 
 0,168501270110076 
 0,167654530059272 
 0,160880609652837 
 0,115156646909399 
 0,12108382726503 
 0,139712108382726 
 0,144792548687553 
 0,138018628281118 
 0,143945808636749 
 0,143099068585944 
 0,14225232853514 
 0,154106689246401 
 0,153259949195597 
 0,164267569856054 
 0,16342082980525 
 0,168501270110076 
 0,179508890770533 
 0,172734970364098 
 0,21337849280271 
 0,241320914479255 
 0,24047417442845 
 0,238780694326842 
 0,359864521591871 
 0,345469940728196 
 0,573243014394581 
 0,569856054191363 
 0,566469093988146 
 0,563082133784928 
 0,55969517358171 
 0,556308213378493 
 0,552921253175275 
 0,549534292972058 
 0,54614733276884 
 0,542760372565622 
 0,539373412362405 
 0,535986452159187 
 0,53259949195597 
 0,529212531752752 
 0,525825571549534 
 0,521591871295512 
 0,518204911092295 
 0,514817950889077 
 0,511430990685859 
 0,508044030482642 
 0,504657070279424 
 0,500423370025402 
 0,497036409822185 
 0,493649449618967 
 0,490262489415749 
 0,486028789161727 
 0,48264182895851 
 0,479254868755292 
 0,47502116850127 
 0,471634208298052 
 0,468247248094835 
 0,464013547840813 
 0,456392887383573 
 0,452159187129551 
 0,439458086367485 
 0,220152413209145 
 0,204911092294666 
 0,190516511430991 
 0,193056731583404 
 0,191363251481795 
 0,193903471634208 
 0,209144792548688 
 0,220152413209145 
 0,201524132091448 
 0,204064352243861 
 0,20575783234547 
 0,199830651989839 
 0,193903471634208 
 0,196443691786621 
 0,193903471634208 
 0,192209991532599 
 0,264182895850974 
 0,2692633361558 
 0,243861134631668 
 0,233700254022015 
 0,317527519051651 
 0,317527519051651 
 0,230313293818798 
 0,325148179508891 
 0,325148179508891 
 0,321761219305673 
 0,318374259102456 
 0,280270956816257 
 0,29043183742591 
 0,297205757832345 
 0,300592718035563 
 0,280270956816257 
 0,27688399661304 
 0,270956816257409 
 0,31160033869602 
 0,314140558848434 
 0,309906858594412 
 0,306519898391194 
 0,302286198137172 
 0,29805249788315 
 0,293818797629128 
 0,29043183742591 
 0,286198137171888 
 0,281964436917866 
 0,277730736663844 
 0,274343776460627 
 0,270110076206605 
 0,265876375952583 
 0,262489415749365 
 0,258255715495343 
 0,236240474174428 
 0,232853513971211 
 0,231160033869602 
 0,225232853513971 
 0,232853513971211 
 0,22692633361558 
 0,199830651989839 
 0,203217612193057 
 0,199830651989839 
 0,19813717188823 
 0,194750211685013 
 0,188823031329382 
 0,179508890770533 
 0,167654530059272 
 0,162574089754445 
 0,159187129551228 
 0,154106689246401 
 0,110076206604572 
 0,10584250635055 
 0,101608806096528 
 0,069432684165961 
 6,43522438611346E-02 
 6,18120237087214E-02 
 6,01185436071126E-02 
 5,84250635055038E-02 
 5,84250635055038E-02 
 5,41913632514818E-02 
 0,052497883149873 
 6,43522438611346E-02 
 6,01185436071126E-02 
 0,060965283657917 
 6,26587637595258E-02 
 0,060965283657917 
 5,41913632514818E-02 
 0,111769686706181 
 6,26587637595258E-02 
 6,18120237087214E-02 
 6,01185436071126E-02 
 0,065198983911939 
 6,68924640135478E-02 
 6,18120237087214E-02 
 0,060965283657917 
 5,92718035563082E-02 
 5,84250635055038E-02 
 0,056731583403895 
 5,41913632514818E-02 
 2,62489415749365E-02 
 2,70956816257409E-02 
 2,54022015241321E-02 
 2,79424216765453E-02 
 2,62489415749365E-02 
 2,37087214225233E-02 
 2,11685012701101E-02 
 1,94750211685013E-02 
 1,94750211685013E-02 
 3,64098221845893E-02 
 3,47163420829805E-02 
 3,21761219305673E-02 
 2,96359017781541E-02 
 2,70956816257409E-02 
 2,54022015241321E-02 
 2,37087214225233E-02 
 2,20152413209145E-02 
 2,03217612193057E-02 
 1,69348010160881E-02 
 1,60880609652837E-02 
 1,43945808636749E-02 
 1,43945808636749E-02 
 1,18543607112616E-02 
 1,10076206604572E-02 
 1,01608806096528E-02 
 8,46740050804403E-03 
 5,92718035563082E-03 
 5,08044030482642E-03 
 3,38696020321761E-03 
 3,38696020321761E-03 
 2,54022015241321E-03 
 2,54022015241321E-03 
 1,69348010160881E-03 
 8,46740050804403E-04 
 8,46740050804403E-04 
 0 
 0 
 0 
 0 
 0 
 0 
 0 
 0 
 0 
 0 
 0 
 0 
 0 
 0 
 0 
 0 
 0 
 0 
 0 
 0 
 0 
 0 
 0 
 0 
 0 
 0 
 0 
 0 
 0 
 0 
 0 
 0 
 0 
 0 
 0 
 0 
 0 
 0 
 0 
 0 
 0 
 0 
 0 
 0 
 0 
 0 
 0 
 0 
 0 
 0 
 0 
 0 
 0 
 0 
 0 
 0 
 0 
 0 
 0 
 0 
 0 
 0 
 0 
 0 
 0 
 0 
 0 
 0 
 0 
 0 
 0 
 0 
 0 
 0 
 0 
 0 
 0 
 0 
 0 
 0 
 0 
 0 
 0 
 0 
 0 
 0 
 0 
 0 
 0 
 0 
 0 
 0 
 0 
 0 
 0 
 0 
 0 
 0 
 0 
 0 
 0 
 0 
 0 
 0 
 0 
 0 
 0 
 0 
 0 
 0 
 0 
 0 
 0 
 0 
 0 
 0 
 0 
 0 
 0 
 0 
 0 
 0 
 0 
 0 
 0 
 0 
 0 
 0 
 0 
 0 
 0 
 0 
 0 
 0 
 0 
 0 
 0 
 0 
 0 
 0 
 0 
 0 
 0 
 0 
 0 
 0 
 0 
 0 
 0 
 0 
 0 
 0 
 0 
 0 
 0 
 0 
 0 
 0 
 0 
 0 
 0 
 0 
 0 
 0 
 0 
 0 
 0 
 0 
 0 
 0 
 0 
 0 
 0 
 0 
 0 
 0 
 0 
 0 
 0 
 0 
 0 
 0 
 0 
 0 
 0 
 0 
 0 
 0 
 0 
 0 
 0 
 0 
 0 
 0 
 0 
 0 
 0 
 0 
 0 
 0 
 0 
 0 
 0 
 0 
 0 
 0 
 0 
 0 
 0 
 0 
 0 
 0 
 0 
 0 
 0 
 0 
 0 
 0 
 0 
 0 
 0 
 0 
 0 
 0 
 0 
 0 
 0 
 0 
 0 
 0 
 0 
 0 
 0 
 0 
 0 
 0 
 0 
 0 
 0 
 0 
 0 
 0 
 0 
 0 
 0 
 0 
 0 
 0 
 0 
 0 
 0 
 0 
 0 
 0 
 0 
 0 
 0 
 0 
 0 
 0 
 0 
 0 
 0 
 0 
 0 
 0 
 0 
 0 
 0 
 0 
 0 
 0 
 0 
 0 
 0 
 0 
 0 
 0 
 0 
 0 
 0 
 0 
 0 
 0 
 0 
 0 
 0 
 0 
 0 
 0 
 0 
 0 
 0 
 0 
 0 
 0 
 0 
 0 
 0 
 0 
 0 
 0 
 0 
 0 
 0 
 0 
 0 
 0 
 0 
 0 
 0 
 0 
