 0 
 0 
 0 
 0 
 0 
 0 
 0 
 0 
 0 
 0 
 0 
 0 
 0 
 0 
 0 
 0 
 0 
 0 
 0 
 0 
 0 
 0 
 0 
 0 
 0 
 0 
 0 
 0 
 0 
 0 
 0 
 0 
 0 
 0 
 0 
 0 
 0 
 0 
 0 
 0 
 0 
 0 
 0 
 0 
 0 
 0 
 0 
 0 
 0 
 0 
 0 
 0 
 0 
 0 
 0 
 0 
 0 
 0 
 0 
 0 
 0 
 0 
 0 
 0 
 0 
 0 
 0 
 0 
 0 
 0 
 0 
 0 
 0 
 0 
 0 
 0 
 0 
 0 
 0 
 0 
 0 
 0 
 0 
 0 
 0 
 0 
 0 
 0 
 0 
 0 
 0 
 0 
 0 
 0 
 0 
 0 
 0 
 0 
 0 
 0 
 0 
 0 
 0 
 0 
 0 
 0 
 0 
 0 
 0 
 0 
 0 
 0 
 0 
 0 
 0 
 0 
 0 
 0 
 0 
 0 
 0 
 0 
 0 
 0 
 0 
 0 
 0 
 0 
 0 
 0 
 0 
 0 
 0 
 0 
 0 
 0 
 0 
 0 
 0 
 0 
 0 
 0 
 0 
 0 
 0 
 0 
 0 
 0 
 0 
 0 
 0 
 0 
 0 
 0 
 0 
 0 
 0 
 0 
 0 
 0 
 0 
 0 
 0 
 0 
 0 
 0 
 0 
 0 
 0 
 0 
 0 
 0 
 0 
 0 
 0 
 0 
 0 
 0 
 0 
 0 
 0 
 0 
 0 
 0 
 0 
 0 
 0 
 0 
 0 
 0 
 0 
 0 
 0 
 0 
 0 
 0 
 0 
 0 
 0 
 0 
 0 
 0 
 0 
 0 
 0 
 0 
 0 
 0 
 0 
 0 
 0 
 0 
 0 
 0 
 0 
 0 
 0 
 0 
 0 
 0 
 0 
 0 
 0 
 0 
 0 
 0 
 0 
 0 
 0 
 0 
 0 
 0 
 0 
 0 
 0 
 0 
 0 
 0 
 0 
 0 
 0 
 0 
 0 
 0 
 0 
 0 
 0 
 0 
 0 
 0 
 0 
 0 
 0 
 0 
 0 
 0 
 0 
 0 
 0 
 0 
 0 
 0 
 0 
 0 
 0 
 0 
 0 
 0 
 0 
 0 
 0 
 0 
 0 
 0 
 0 
 0 
 0 
 0 
 0 
 0 
 0 
 0 
 0 
 0 
 0 
 0 
 0 
 0 
 0 
 0 
 0 
 0 
 0 
 0 
 0 
 0 
 0 
 0 
 0 
 0 
 0 
 0 
 0 
 0 
 0 
 0 
 0 
 0 
 0 
 0 
 0 
 0 
 0 
 0 
 0 
 0 
 0 
 0 
 0 
 0 
 0 
 0 
 0 
 0 
 0 
 0 
 0 
 0 
 0 
 0 
 0 
 0 
 0 
 0 
 0 
 0 
 0 
 0 
 0 
 0 
 0 
 0 
 0 
 0 
 0 
 0 
 0 
 0 
 0 
 0 
 0 
 0 
 0 
 0 
 0 
 0 
 0 
 0 
 0 
 0 
 0 
 0 
 0 
 0 
 0 
 0 
 0 
 0 
 0 
 0 
 0 
 0 
 0 
 0 
 0 
 0 
 0 
 0 
 0 
 0 
 0 
 0 
 0 
 0 
 0 
 0 
 0 
 0 
 0 
 0 
 0 
 0 
 0 
 0 
 0 
 0 
 0 
 0 
 0 
 0 
 0 
 0 
 0 
 0 
 0 
 0 
 0 
 0 
 0 
 0 
 0 
 0 
 0 
 0 
 0 
 0 
 0 
 0 
 0 
 0 
 0 
 0 
 0 
 0 
 0 
 0 
 0 
 0 
 0 
 0 
 0 
 0 
 0 
 0 
 0 
 0 
 8,46740050804403E-04 
 8,46740050804403E-04 
 8,46740050804403E-04 
 8,46740050804403E-04 
 1,69348010160881E-03 
 1,69348010160881E-03 
 2,54022015241321E-03 
 2,54022015241321E-03 
 3,38696020321761E-03 
 3,38696020321761E-03 
 4,23370025402202E-03 
 6,77392040643522E-03 
 1,10076206604572E-02 
 1,18543607112616E-02 
 1,35478408128704E-02 
 1,35478408128704E-02 
 1,35478408128704E-02 
 8,46740050804403E-03 
 9,31414055884843E-03 
 3,04826418289585E-02 
 2,37087214225233E-02 
 3,04826418289585E-02 
 3,30228619813717E-02 
 3,55630821337849E-02 
 3,72565622353937E-02 
 3,97967823878069E-02 
 4,99576629974598E-02 
 5,50381033022862E-02 
 5,84250635055038E-02 
 6,01185436071126E-02 
 6,18120237087214E-02 
 0,065198983911939 
 6,60457239627434E-02 
 6,85859441151566E-02 
 7,19729043183743E-02 
 7,28196443691787E-02 
 7,53598645215919E-02 
 6,77392040643522E-02 
 6,77392040643522E-02 
 0,069432684165961 
 7,53598645215919E-02 
 7,02794242167655E-02 
 0,101608806096528 
 0,110922946655377 
 0,114309906858594 
 0,115156646909399 
 0,12108382726503 
 0,121930567315834 
 0,127857747671465 
 0,12701100762066 
 0,128704487722269 
 0,135478408128704 
 0,1346316680779 
 0,139712108382726 
 0,141405588484335 
 0,145639288738357 
 0,147332768839966 
 0,149026248941575 
 0,154106689246401 
 0,149026248941575 
 0,160033869602032 
 0,161727349703641 
 0,165114309906859 
 0,153259949195597 
 0,158340389500423 
 0,160033869602032 
 0,171041490262489 
 0,174428450465707 
 0,177815410668925 
 0,183742591024555 
 0,187129551227773 
 0,187976291278577 
 0,220999153259949 
 0,229466553767993 
 0,233700254022015 
 0,237087214225233 
 0,241320914479255 
 0,245554614733277 
 0,249788314987299 
 0,253175275190517 
 0,257408975444539 
 0,261642675698561 
 0,265876375952583 
 0,253175275190517 
 0,259949195596952 
 0,277730736663844 
 0,281964436917866 
 0,285351397121084 
 0,289585097375106 
 0,293818797629128 
 0,29805249788315 
 0,301439458086367 
 0,305673158340389 
 0,309906858594412 
 0,313293818797629 
 0,317527519051651 
 0,321761219305673 
 0,325148179508891 
 0,329381879762913 
 0,333615580016935 
 0,337849280270957 
 0,341236240474174 
 0,345469940728196 
 0,348856900931414 
 0,353090601185436 
 0,357324301439458 
 0,303132938187976 
 0,306519898391194 
 0,309906858594412 
 0,309060118543607 
 0,312447078746825 
 0,152413209144793 
 0,149872988992379 
 0,267569856054191 
 0,262489415749365 
 0,2692633361558 
 0,271803556308213 
 0,282811176968671 
 0,281117696867062 
 0,283657917019475 
 0,170194750211685 
 0,18458933107536 
 0,186282811176969 
 0,298899237933954 
 0,314140558848434 
 0,381879762912786 
 0,328535139712108 
 0,3268416596105 
 0,400508044030483 
 0,323454699407282 
 0,289585097375106 
 0,310753598645216 
 0,266723116003387 
 0,2692633361558 
 0,238780694326842 
 0,249788314987299 
 0,247248094834886 
 0,243861134631668 
 0,236240474174428 
 0,204064352243861 
 0,190516511430991 
 0,187129551227773 
 0,183742591024555 
 0,190516511430991 
 0,237087214225233 
 0,218458933107536 
 0,485182049110923 
 0,488569009314141 
 0,486875529212532 
 0,480101608806097 
 0,498729889923793 
 0,497036409822185 
 0,494496189669771 
 0,535139712108383 
 0,5385266723116 
 0,542760372565622 
 0,54614733276884 
 0,395427603725656 
 0,458933107535986 
 0,506350550381033 
 0,508890770533446 
 0,512277730736664 
 0,509737510584251 
 0,569009314140559 
 0,572396274343776 
 0,575783234546994 
 0,579170194750212 
 0,582557154953429 
 0,585944115156647 
 0,589331075359865 
 0,592718035563082 
 0,595258255715495 
 0,598645215918713 
 0,602032176121931 
 0,605419136325148 
 0,608806096528366 
 0,281117696867062 
 0,258255715495343 
 0,253175275190517 
 0,266723116003387 
 0,262489415749365 
 0,388653683319221 
 0,365791701947502 
 0,620660457239627 
 0,629974597798476 
 0,639288738357324 
 0,642675698560542 
 0,645215918712955 
 0,648602878916173 
 0,651143099068586 
 0,654530059271804 
 0,657070279424217 
 0,65961049957663 
 0,662997459779848 
 0,665537679932261 
 0,668924640135478 
 0,671464860287892 
 0,674005080440305 
 0,677392040643522 
 0,679932260795936 
 0,682472480948349 
 0,685859441151566 
 0,68839966130398 
 0,690939881456393 
 0,693480101608806 
 0,696867061812024 
 0,691786621507197 
 0,687552921253175 
 0,704487722269263 
 0,707027942421677 
 0,70956816257409 
 0,712108382726503 
 0,714648602878916 
 0,710414902624894 
 0,712955122777307 
 0,722269263336156 
 0,724809483488569 
 0,727349703640982 
 0,729889923793395 
 0,732430143945809 
 0,734970364098222 
 0,737510584250635 
 0,740050804403048 
 0,742591024555461 
 0,745131244707875 
 0,746824724809483 
 0,749364944961897 
 0,75190516511431 
 0,754445385266723 
 0,756138865368332 
 0,758679085520745 
 0,761219305673158 
 0,762912785774767 
 0,76545300592718 
 0,767993226079594 
 0,769686706181202 
 0,772226926333616 
 0,773920406435224 
 0,776460626587638 
 0,778154106689246 
 0,78069432684166 
 0,782387806943268 
 0,784928027095682 
 0,78662150719729 
 0,789161727349704 
 0,790855207451312 
 0,745131244707875 
 0,739204064352244 
 0,764606265876376 
 0,798475867908552 
 0,800169348010161 
 0,802709568162574 
 0,804403048264183 
 0,806096528365792 
 0,8077900084674 
 0,510584250635055 
 0,527519051651143 
 0,561388653683319 
 0,554614733276884 
 0,522438611346317 
 0,687552921253175 
 0,672311600338696 
 0,698560541913632 
 0,708721422523285 
 0,585944115156647 
 0,570702794242168 
 0,704487722269263 
 0,705334462320068 
 0,698560541913632 
 0,550381033022862 
 0,75952582557155 
 0,552074513124471 
 0,309906858594412 
 0,302286198137172 
 0,294665537679932 
 0,294665537679932 
 0,295512277730737 
 0,303979678238781 
 0,338696020321761 
 0,321761219305673 
 0,314140558848434 
 0,314987298899238 
 0,272650296359018 
 0,281117696867062 
 0,29043183742591 
 0,393734123624047 
 0,41151566469094 
 0,419983065198984 
 0,412362404741744 
 0,215071972904318 
 0,215071972904318 
 0,215918712955123 
 0,232853513971211 
 0,242167654530059 
 0,233700254022015 
 0,225232853513971 
 0,182049110922947 
 0,191363251481795 
 0,182895850973751 
 0,191363251481795 
 0,235393734123624 
 0,235393734123624 
 0,236240474174428 
 0,244707874682472 
 0,393734123624047 
 0,403048264182896 
 0,403048264182896 
 0,412362404741744 
 0,421676545300593 
 0,439458086367485 
 0,413209144792549 
 0,466553767993226 
 0,475867908552075 
 0,397121083827265 
 0,405588484335309 
 0,397121083827265 
 0,406435224386113 
 0,424216765453006 
 0,433530906011854 
 0,64606265876376 
 0,664690939881456 
 0,593564775613887 
 0,718882303132938 
 0,861134631668078 
 0,852667231160034 
 0,852667231160034 
 0,853513971210838 
 0,889077053344623 
 0,889923793395428 
 0,889923793395428 
 0,889923793395428 
 0,890770533446232 
 0,890770533446232 
 0,890770533446232 
 0,891617273497036 
 0,891617273497036 
 0,891617273497036 
 0,891617273497036 
 0,891617273497036 
 0,892464013547841 
 0,892464013547841 
 0,892464013547841 
 0,892464013547841 
 0,892464013547841 
 0,892464013547841 
 0,892464013547841 
 0,892464013547841 
 0,696020321761219 
 0,892464013547841 
 0,892464013547841 
 0,892464013547841 
 0,892464013547841 
 0,891617273497036 
 0,891617273497036 
 0,891617273497036 
 0,891617273497036 
 0,891617273497036 
 0,890770533446232 
 0,890770533446232 
 0,890770533446232 
 0,889923793395428 
 0,889923793395428 
 0,889923793395428 
 0,889077053344623 
 0,889077053344623 
 0,888230313293819 
 0,888230313293819 
 0,887383573243014 
 0,887383573243014 
 0,88653683319221 
 0,885690093141406 
 0,885690093141406 
 0,884843353090601 
 0,884843353090601 
 0,883996613039797 
 0,883149872988992 
 0,882303132938188 
 0,882303132938188 
 0,881456392887384 
 0,880609652836579 
 0,879762912785775 
 0,87891617273497 
 0,878069432684166 
 0,878069432684166 
 0,877222692633362 
 0,876375952582557 
 0,875529212531753 
 0,874682472480948 
 0,864521591871296 
 0,87298899237934 
 0,83657917019475 
 0,835732430143946 
 0,834885690093141 
 0,782387806943268 
 0,790008467400508 
 0,779847586790855 
 0,779000846740051 
 0,795935647756139 
 0,803556308213379 
 0,793395427603726 
 0,792548687552921 
 0,791701947502117 
 0,781541066892464 
 0,789161727349704 
 0,719729043183743 
 0,710414902624894 
 0,708721422523285 
 0,460626587637595 
 0,442845046570703 
 0,433530906011854 
 0,46740050804403 
 0,458086367485182 
 0,465707027942422 
 0,405588484335309 
 0,438611346316681 
 0,429297205757832 
 0,445385266723116 
 0,469940728196444 
 0,460626587637595 
 0,459779847586791 
 0,668077900084674 
 0,666384419983065 
 0,665537679932261 
 0,664690939881456 
 0,712955122777307 
 0,645215918712955 
 0,643522438611346 
 0,642675698560542 
 0,640982218458933 
 0,631668077900085 
 0,343776460626588 
 0,342929720575783 
 0,359017781541067 
 0,365791701947502 
 0,348856900931414 
 0,34801016088061 
 0,218458933107536 
 0,209991532599492 
 0,209144792548688 
 0,200677392040644 
 0,215918712955123 
 0,247248094834886 
 0,231160033869602 
 0,198983911939035 
 0,20575783234547 
 0,20575783234547 
 0,220999153259949 
 0,212531752751905 
 0,204064352243861 
 0,195596951735817 
 0,203217612193057 
 0,202370872142252 
 0,178662150719729 
 0,193903471634208 
 0,200677392040644 
 0,223539373412362 
 0,383573243014395 
 0,375105842506351 
 0,381879762912786 
 0,365791701947502 
 0,288738357324301 
 0,280270956816257 
 0,264182895850974 
 0,263336155800169 
 0,254868755292125 
 0,261642675698561 
 0,260795935647756 
 0,275190516511431 
 0,244707874682472 
 0,250635055038103 
 0,249788314987299 
 0,322607959356478 
 0,314140558848434 
 0,305673158340389 
 0,304826418289585 
 0,325148179508891 
 0,338696020321761 
 0,272650296359018 
 0,292972057578323 
 0,306519898391194 
 0,31922099915326 
 0,325148179508891 
 0,542760372565622 
 0,541066892464014 
 0,531752751905165 
 0,696867061812024 
 0,69432684165961 
 0,691786621507197 
 0,681625740897544 
 0,685859441151566 
 0,683319220999153 
 0,68077900084674 
 0,677392040643522 
 0,674851820491109 
 0,672311600338696 
 0,668924640135478 
 0,666384419983065 
 0,662997459779848 
 0,217612193056732 
 0,230313293818798 
 0,222692633361558 
 0,215071972904318 
 0,233700254022015 
 0,238780694326842 
 0,289585097375106 
 0,262489415749365 
 0,260795935647756 
 0,265876375952583 
 0,283657917019475 
 0,426756985605419 
 0,524132091447925 
 0,515664690939881 
 0,513124470787468 
 0,510584250635055 
 0,508044030482642 
 0,541913632514818 
 0,539373412362405 
 0,512277730736664 
 0,509737510584251 
 0,488569009314141 
 0,486028789161727 
 0,241320914479255 
 0,292972057578323 
 0,291278577476715 
 0,295512277730737 
 0,299745977984759 
 0,29805249788315 
 0,296359017781541 
 0,260795935647756 
 0,276037256562235 
 0,268416596104996 
 0,272650296359018 
 0,270956816257409 
 0,406435224386113 
 0,458933107535986 
 0,466553767993226 
 0,453005927180356 
 0,444538526672312 
 0,265876375952583 
 0,270110076206605 
 0,278577476714649 
 0,27688399661304 
 0,259102455546147 
 0,247248094834886 
 0,250635055038103 
 0,2692633361558 
 0,272650296359018 
 0,25571549534293 
 0,303132938187976 
 0,325994919559695 
 0,342929720575783 
 0,320914479254869 
 0,207451312447079 
 0,315834038950042 
 0,314140558848434 
 0,226079593564776 
 0,224386113463167 
 0,227773073666384 
 0,211685012701101 
 0,21930567315834 
 0,21337849280271 
 0,202370872142252 
 0,187129551227773 
 0,17696867061812 
 0,175275190516511 
 0,165114309906859 
 0,167654530059272 
 0,158340389500423 
 0,156646909398815 
 0,154953429297206 
 0,154106689246401 
 0,160880609652837 
 0,159187129551228 
 0,141405588484335 
 0,15580016934801 
 0,150719729043184 
 0,243861134631668 
 0,221845893310754 
 0,207451312447079 
 0,202370872142252 
 0,132091447925487 
 0,283657917019475 
 0,2692633361558 
 0,274343776460627 
 0,278577476714649 
 0,275190516511431 
 0,208298052497883 
 0,198983911939035 
 0,197290431837426 
 0,18458933107536 
 0,172734970364098 
 0,183742591024555 
 0,177815410668925 
 0,188823031329382 
 0,167654530059272 
 0,168501270110076 
 0,166807790008467 
 0,154953429297206 
 0,149872988992379 
 0,12108382726503 
 0,119390347163421 
 0,117696867061812 
 0,119390347163421 
 0,111769686706181 
 0,116003386960203 
 0,125317527519052 
 0,115156646909399 
 7,87468247248095E-02 
 7,95935647756139E-02 
 7,87468247248095E-02 
 7,70533446232007E-02 
 7,36663844199831E-02 
 8,46740050804403E-02 
 7,87468247248095E-02 
 7,28196443691787E-02 
 8,12870448772227E-02 
 6,77392040643522E-02 
 6,01185436071126E-02 
 5,41913632514818E-02 
 5,08044030482642E-02 
 4,99576629974598E-02 
 5,16511430990686E-02 
 0,056731583403895 
 5,33446232006774E-02 
 0,052497883149873 
 4,91109229466554E-02 
 5,41913632514818E-02 
 0,056731583403895 
 4,99576629974598E-02 
 4,74174428450466E-02 
 3,38696020321761E-02 
 2,96359017781541E-02 
 2,70956816257409E-02 
 2,45554614733277E-02 
 2,28619813717189E-02 
 2,37087214225233E-02 
 2,28619813717189E-02 
 2,11685012701101E-02 
 1,94750211685013E-02 
 2,03217612193057E-02 
 1,94750211685013E-02 
 1,86282811176969E-02 
 1,94750211685013E-02 
 1,69348010160881E-02 
 1,60880609652837E-02 
 1,52413209144793E-02 
 1,52413209144793E-02 
 1,43945808636749E-02 
 1,43945808636749E-02 
 1,43945808636749E-02 
 1,35478408128704E-02 
 1,43945808636749E-02 
 1,52413209144793E-02 
 1,43945808636749E-02 
 1,35478408128704E-02 
 1,35478408128704E-02 
 1,18543607112616E-02 
 1,10076206604572E-02 
 9,31414055884843E-03 
 1,01608806096528E-02 
 1,01608806096528E-02 
 1,01608806096528E-02 
 1,01608806096528E-02 
 1,01608806096528E-02 
 8,46740050804403E-03 
 8,46740050804403E-03 
 8,46740050804403E-03 
 7,62066045723963E-03 
 6,77392040643522E-03 
 5,92718035563082E-03 
 5,92718035563082E-03 
 5,08044030482642E-03 
 4,23370025402202E-03 
 4,23370025402202E-03 
 4,23370025402202E-03 
 3,38696020321761E-03 
 3,38696020321761E-03 
 3,38696020321761E-03 
 3,38696020321761E-03 
 2,54022015241321E-03 
 2,54022015241321E-03 
 1,69348010160881E-03 
 1,69348010160881E-03 
 1,69348010160881E-03 
 8,46740050804403E-04 
 8,46740050804403E-04 
 8,46740050804403E-04 
 8,46740050804403E-04 
 8,46740050804403E-04 
 0 
 0 
 0 
 0 
 0 
 0 
 0 
 0 
 0 
 0 
 0 
 0 
 0 
 0 
 0 
 0 
 0 
 0 
 0 
 0 
 0 
 0 
 0 
 0 
 0 
 0 
 0 
 0 
 0 
 0 
 0 
 0 
 0 
 0 
 0 
 0 
 0 
 0 
 0 
 0 
 0 
 0 
 0 
 0 
 0 
 0 
 0 
 0 
 0 
 0 
 0 
 0 
 0 
 0 
 0 
 0 
 0 
 0 
 0 
 0 
 0 
 0 
 0 
 0 
 0 
 0 
 0 
 0 
 0 
 0 
 0 
 0 
 0 
 0 
 0 
 0 
 0 
 0 
 0 
 0 
 0 
 0 
 0 
 0 
 0 
 0 
 0 
 0 
 0 
 0 
 0 
 0 
 0 
 0 
 0 
 0 
 0 
 0 
 0 
 0 
 0 
 0 
 0 
 0 
 0 
 0 
 0 
 0 
 0 
 0 
 0 
 0 
 0 
 0 
 0 
 0 
 0 
 0 
 0 
 0 
 0 
 0 
 0 
 0 
 0 
 0 
 0 
 0 
 0 
 0 
 0 
 0 
 0 
 0 
 0 
 0 
 0 
 0 
 0 
 0 
 0 
 0 
 0 
 0 
 0 
 0 
 0 
 0 
 0 
 0 
 0 
 0 
 0 
 0 
 0 
 0 
 0 
 0 
 0 
 0 
 0 
 0 
 0 
 0 
 0 
 0 
 0 
 0 
 0 
 0 
 0 
 0 
 0 
 0 
 0 
 0 
 0 
 0 
 0 
 0 
 0 
 0 
 0 
 0 
 0 
 0 
 0 
 0 
 0 
 0 
 0 
 0 
 0 
 0 
 0 
 0 
 0 
 0 
 0 
 0 
 0 
 0 
 0 
 0 
 0 
 0 
 0 
 0 
 0 
 0 
 0 
 0 
 0 
 0 
 0 
 0 
 0 
 0 
 0 
 0 
 0 
 0 
 0 
 0 
 0 
 0 
 0 
 0 
 0 
 0 
 0 
 0 
 0 
 0 
 0 
 0 
 0 
 0 
 0 
 0 
 0 
 0 
 0 
 0 
 0 
 0 
 0 
 0 
 0 
 0 
 0 
 0 
 0 
 0 
 0 
 0 
 0 
 0 
 0 
 0 
 0 
 0 
 0 
 0 
 0 
 0 
 0 
 0 
 0 
 0 
 0 
 0 
 0 
 0 
 0 
 0 
 0 
 0 
 0 
 0 
 0 
 0 
 0 
 0 
 0 
 0 
 0 
 0 
 0 
 0 
 0 
 0 
 0 
 0 
 0 
 0 
 0 
 0 
 0 
 0 
 0 
 0 
 0 
 0 
 0 
 0 
 0 
 0 
 0 
 0 
 0 
 0 
 0 
 0 
 0 
