 0 
 0 
 0 
 0 
 0 
 0 
 0 
 0 
 0 
 0 
 0 
 0 
 0 
 0 
 0 
 0 
 0 
 0 
 0 
 0 
 0 
 0 
 0 
 0 
 0 
 0 
 0 
 0 
 0 
 0 
 0 
 0 
 0 
 0 
 0 
 0 
 0 
 0 
 0 
 0 
 0 
 0 
 0 
 0 
 0 
 0 
 0 
 0 
 0 
 0 
 0 
 0 
 0 
 0 
 0 
 0 
 0 
 0 
 0 
 0 
 0 
 0 
 0 
 0 
 0 
 0 
 0 
 0 
 0 
 0 
 0 
 0 
 0 
 0 
 0 
 0 
 0 
 0 
 0 
 0 
 0 
 0 
 0 
 0 
 0 
 0 
 0 
 0 
 0 
 0 
 0 
 0 
 0 
 0 
 0 
 0 
 0 
 0 
 0 
 0 
 0 
 0 
 0 
 0 
 0 
 0 
 0 
 0 
 0 
 0 
 0 
 0 
 0 
 0 
 0 
 0 
 0 
 0 
 0 
 0 
 0 
 0 
 0 
 0 
 0 
 0 
 0 
 0 
 0 
 0 
 0 
 0 
 0 
 0 
 0 
 0 
 0 
 0 
 0 
 0 
 0 
 0 
 0 
 0 
 0 
 0 
 0 
 0 
 0 
 0 
 0 
 0 
 0 
 0 
 0 
 0 
 0 
 0 
 0 
 0 
 0 
 0 
 0 
 0 
 0 
 0 
 0 
 0 
 0 
 0 
 0 
 0 
 0 
 0 
 0 
 0 
 0 
 0 
 0 
 0 
 0 
 0 
 0 
 0 
 0 
 0 
 0 
 0 
 0 
 0 
 0 
 0 
 0 
 0 
 0 
 0 
 0 
 0 
 0 
 0 
 0 
 0 
 0 
 0 
 0 
 0 
 0 
 0 
 0 
 0 
 0 
 0 
 0 
 0 
 0 
 0 
 0 
 0 
 0 
 0 
 0 
 0 
 0 
 0 
 0 
 0 
 0 
 0 
 0 
 0 
 0 
 0 
 0 
 0 
 0 
 0 
 0 
 0 
 0 
 0 
 0 
 0 
 0 
 0 
 0 
 0 
 0 
 0 
 0 
 0 
 0 
 0 
 0 
 0 
 0 
 0 
 0 
 0 
 0 
 0 
 0 
 0 
 0 
 0 
 0 
 0 
 0 
 0 
 0 
 0 
 0 
 0 
 0 
 0 
 0 
 0 
 0 
 0 
 0 
 0 
 0 
 0 
 0 
 0 
 0 
 0 
 0 
 0 
 0 
 0 
 0 
 0 
 0 
 0 
 0 
 0 
 0 
 0 
 0 
 0 
 0 
 0 
 0 
 0 
 0 
 0 
 0 
 0 
 0 
 0 
 0 
 0 
 0 
 0 
 0 
 0 
 0 
 0 
 0 
 0 
 0 
 0 
 0 
 0 
 0 
 0 
 0 
 0 
 0 
 0 
 0 
 0 
 0 
 0 
 0 
 0 
 0 
 0 
 0 
 0 
 0 
 0 
 0 
 0 
 0 
 0 
 0 
 0 
 0 
 0 
 0 
 0 
 0 
 0 
 0 
 0 
 0 
 0 
 0 
 0 
 0 
 0 
 0 
 0 
 0 
 0 
 0 
 0 
 0 
 0 
 0 
 0 
 0 
 0 
 0 
 0 
 0 
 0 
 0 
 0 
 0 
 0 
 0 
 0 
 0 
 0 
 0 
 0 
 0 
 0 
 0 
 0 
 0 
 0 
 0 
 0 
 0 
 0 
 0 
 0 
 0 
 0 
 0 
 0 
 0 
 0 
 0 
 0 
 0 
 0 
 0 
 0 
 0 
 0 
 0 
 0 
 0 
 0 
 0 
 0 
 0 
 0 
 0 
 0 
 0 
 0 
 0 
 0 
 0 
 0 
 0 
 0 
 0 
 0 
 0 
 8,46740050804403E-04 
 1,69348010160881E-03 
 1,69348010160881E-03 
 2,54022015241321E-03 
 3,38696020321761E-03 
 4,23370025402202E-03 
 5,92718035563082E-03 
 6,77392040643522E-03 
 8,46740050804403E-03 
 9,31414055884843E-03 
 1,10076206604572E-02 
 0,012701100762066 
 1,43945808636749E-02 
 1,69348010160881E-02 
 1,86282811176969E-02 
 2,11685012701101E-02 
 2,28619813717189E-02 
 2,54022015241321E-02 
 2,79424216765453E-02 
 3,04826418289585E-02 
 3,30228619813717E-02 
 3,55630821337849E-02 
 3,89500423370025E-02 
 4,14902624894158E-02 
 4,31837425910246E-02 
 4,65707027942422E-02 
 4,99576629974598E-02 
 0,052497883149873 
 0,056731583403895 
 5,92718035563082E-02 
 6,26587637595258E-02 
 6,60457239627434E-02 
 0,069432684165961 
 7,28196443691787E-02 
 7,62066045723963E-02 
 7,95935647756139E-02 
 7,70533446232007E-02 
 8,04403048264183E-02 
 6,26587637595258E-02 
 5,84250635055038E-02 
 6,68924640135478E-02 
 6,26587637595258E-02 
 0,069432684165961 
 7,62066045723963E-02 
 7,95935647756139E-02 
 8,21337849280271E-02 
 7,79000846740051E-02 
 8,04403048264183E-02 
 9,14479254868755E-02 
 8,46740050804403E-02 
 0,123624047417443 
 0,128704487722269 
 0,132091447925487 
 0,137171888230313 
 0,14225232853514 
 0,146486028789162 
 0,149872988992379 
 0,150719729043184 
 0,154106689246401 
 0,157493649449619 
 0,158340389500423 
 0,16342082980525 
 9,65283657917019E-02 
 0,101608806096528 
 0,1346316680779 
 0,179508890770533 
 0,183742591024555 
 0,187129551227773 
 0,194750211685013 
 0,198983911939035 
 9,56816257408975E-02 
 9,82218458933107E-02 
 0,101608806096528 
 0,10584250635055 
 0,103302286198137 
 9,31414055884843E-02 
 9,48348856900931E-02 
 0,101608806096528 
 0,125317527519052 
 0,14225232853514 
 0,152413209144793 
 0,151566469093988 
 0,196443691786621 
 0,188823031329382 
 0,209991532599492 
 0,21337849280271 
 0,216765453005927 
 0,21930567315834 
 0,214225232853514 
 0,20575783234547 
 0,270110076206605 
 0,214225232853514 
 0,223539373412362 
 0,198983911939035 
 0,194750211685013 
 0,226079593564776 
 0,199830651989839 
 0,20575783234547 
 0,201524132091448 
 0,204064352243861 
 0,189669771380186 
 0,144792548687553 
 0,153259949195597 
 0,159187129551228 
 0,192209991532599 
 0,180355630821338 
 0,285351397121084 
 0,288738357324301 
 0,226079593564776 
 0,239627434377646 
 0,29805249788315 
 0,301439458086367 
 0,304826418289585 
 0,342082980524979 
 0,267569856054191 
 0,254868755292125 
 0,368331922099915 
 0,364098221845893 
 0,367485182049111 
 0,379339542760373 
 0,38272650296359 
 0,174428450465707 
 0,251481795088908 
 0,388653683319221 
 0,387806943268417 
 0,386960203217612 
 0,39034716342083 
 0,367485182049111 
 0,366638441998307 
 0,414055884843353 
 0,413209144792549 
 0,425910245554615 
 0,429297205757832 
 0,41913632514818 
 0,426756985605419 
 0,420829805249788 
 0,41913632514818 
 0,418289585097375 
 0,425910245554615 
 0,424216765453006 
 0,422523285351397 
 0,425910245554615 
 0,433530906011854 
 0,367485182049111 
 0,309906858594412 
 0,312447078746825 
 0,320067739204064 
 0,337002540220152 
 0,282811176968671 
 0,274343776460627 
 0,203217612193057 
 0,204911092294666 
 0,20575783234547 
 0,202370872142252 
 0,209144792548688 
 0,193903471634208 
 0,195596951735817 
 0,196443691786621 
 0,197290431837426 
 0,171041490262489 
 0,149872988992379 
 0,150719729043184 
 0,151566469093988 
 0,153259949195597 
 0,165114309906859 
 0,160033869602032 
 0,160880609652837 
 0,162574089754445 
 0,169348010160881 
 0,339542760372566 
 0,370872142252329 
 0,320067739204064 
 0,339542760372566 
 0,305673158340389 
 0,337002540220152 
 0,417442845046571 
 0,395427603725656 
 0,409822184589331 
 0,393734123624047 
 0,395427603725656 
 0,397121083827265 
 0,418289585097375 
 0,426756985605419 
 0,415749364944962 
 0,449618966977138 
 0,502963590177815 
 0,581710414902625 
 0,584250635055038 
 0,529212531752752 
 0,531752751905165 
 0,534292972057578 
 0,542760372565622 
 0,5385266723116 
 0,534292972057578 
 0,477561388653683 
 0,486028789161727 
 0,494496189669771 
 0,38272650296359 
 0,41151566469094 
 0,345469940728196 
 0,387806943268417 
 0,396274343776461 
 0,685859441151566 
 0,68839966130398 
 0,690939881456393 
 0,693480101608806 
 0,696867061812024 
 0,699407281964437 
 0,70194750211685 
 0,704487722269263 
 0,707027942421677 
 0,70956816257409 
 0,712108382726503 
 0,714648602878916 
 0,717188823031329 
 0,719729043183743 
 0,722269263336156 
 0,724809483488569 
 0,625740897544454 
 0,657070279424217 
 0,732430143945809 
 0,734970364098222 
 0,737510584250635 
 0,740050804403048 
 0,742591024555461 
 0,745131244707875 
 0,492802709568163 
 0,546994072819644 
 0,473327688399661 
 0,399661303979678 
 0,476714648602879 
 0,44030482641829 
 0,441151566469094 
 0,511430990685859 
 0,505503810330229 
 0,506350550381033 
 0,685012701100762 
 0,563928873835732 
 0,526672311600339 
 0,574089754445385 
 0,545300592718036 
 0,55376799322608 
 0,649449618966977 
 0,651143099068586 
 0,652836579170195 
 0,646909398814564 
 0,640135478408129 
 0,641828958509738 
 0,643522438611346 
 0,430143945808637 
 0,502963590177815 
 0,488569009314141 
 0,392887383573243 
 0,402201524132091 
 0,620660457239627 
 0,670618120237087 
 0,34801016088061 
 0,276037256562235 
 0,268416596104996 
 0,252328535139712 
 0,261642675698561 
 0,261642675698561 
 0,262489415749365 
 0,254868755292125 
 0,25571549534293 
 0,25571549534293 
 0,239627434377646 
 0,256562235393734 
 0,248941574936494 
 0,258255715495343 
 0,258255715495343 
 0,266723116003387 
 0,276037256562235 
 0,284504657070279 
 0,302286198137172 
 0,31922099915326 
 0,320067739204064 
 0,345469940728196 
 0,337849280270957 
 0,338696020321761 
 0,347163420829805 
 0,288738357324301 
 0,288738357324301 
 0,29805249788315 
 0,315834038950042 
 0,33276883996613 
 0,333615580016935 
 0,497036409822185 
 0,454699407281964 
 0,455546147332769 
 0,3268416596105 
 0,327688399661304 
 0,327688399661304 
 0,310753598645216 
 0,337002540220152 
 0,346316680779001 
 0,346316680779001 
 0,259949195596952 
 0,252328535139712 
 0,252328535139712 
 0,278577476714649 
 0,296359017781541 
 0,296359017781541 
 0,297205757832345 
 0,305673158340389 
 0,507197290431837 
 0,429297205757832 
 0,569856054191363 
 0,613886536833192 
 0,596951735817104 
 0,597798475867909 
 0,492802709568163 
 0,431837425910246 
 0,493649449618967 
 0,643522438611346 
 0,662150719729043 
 0,644369178662151 
 0,662997459779848 
 0,601185436071126 
 0,610499576629975 
 0,708721422523285 
 0,708721422523285 
 0,700254022015241 
 0,701100762066046 
 0,710414902624894 
 0,710414902624894 
 0,719729043183743 
 0,808636748518205 
 0,809483488569009 
 0,773920406435224 
 0,773920406435224 
 0,774767146486029 
 0,881456392887384 
 0,890770533446232 
 0,890770533446232 
 0,891617273497036 
 0,891617273497036 
 0,891617273497036 
 0,891617273497036 
 0,891617273497036 
 0,892464013547841 
 0,847586790855207 
 0,847586790855207 
 0,856900931414056 
 0,892464013547841 
 0,892464013547841 
 0,892464013547841 
 0,892464013547841 
 0,544453852667231 
 0,535139712108383 
 0,552921253175275 
 0,51735817104149 
 0,651143099068586 
 0,802709568162574 
 0,829805249788315 
 0,828958509737511 
 0,882303132938188 
 0,882303132938188 
 0,890770533446232 
 0,890770533446232 
 0,810330228619814 
 0,818797629127858 
 0,801016088060965 
 0,801016088060965 
 0,817950889077053 
 0,817950889077053 
 0,817104149026249 
 0,8077900084674 
 0,887383573243014 
 0,860287891617273 
 0,797629127857748 
 0,797629127857748 
 0,876375952582557 
 0,663844199830652 
 0,716342082980525 
 0,733276883996613 
 0,741744284504657 
 0,741744284504657 
 0,732430143945809 
 0,767146486028789 
 0,686706181202371 
 0,633361558001693 
 0,624047417442845 
 0,562235393734124 
 0,368331922099915 
 0,350550381033023 
 0,29805249788315 
 0,288738357324301 
 0,279424216765453 
 0,279424216765453 
 0,270110076206605 
 0,270110076206605 
 0,243861134631668 
 0,23454699407282 
 0,23454699407282 
 0,243014394580864 
 0,251481795088908 
 0,251481795088908 
 0,268416596104996 
 0,250635055038103 
 0,259102455546147 
 0,241320914479255 
 0,413209144792549 
 0,283657917019475 
 0,274343776460627 
 0,274343776460627 
 0,393734123624047 
 0,409822184589331 
 0,401354784081287 
 0,417442845046571 
 0,416596104995766 
 0,458933107535986 
 0,610499576629975 
 0,846740050804403 
 0,57493649449619 
 0,767993226079594 
 0,589331075359865 
 0,303132938187976 
 0,31922099915326 
 0,3268416596105 
 0,384419983065199 
 0,392040643522439 
 0,47502116850127 
 0,474174428450466 
 0,456392887383573 
 0,439458086367485 
 0,579170194750212 
 0,70956816257409 
 0,419983065198984 
 0,427603725656224 
 0,451312447078747 
 0,450465707027942 
 0,43268416596105 
 0,383573243014395 
 0,374259102455546 
 0,690093141405589 
 0,647756138865368 
 0,646909398814564 
 0,645215918712955 
 0,65961049957663 
 0,657917019475021 
 0,656223539373412 
 0,655376799322608 
 0,629974597798476 
 0,635901778154107 
 0,610499576629975 
 0,727349703640982 
 0,76545300592718 
 0,779000846740051 
 0,58848433530906 
 0,368331922099915 
 0,366638441998307 
 0,350550381033023 
 0,4038950042337 
 0,348856900931414 
 0,772226926333616 
 0,770533446232007 
 0,767993226079594 
 0,76545300592718 
 0,763759525825571 
 0,761219305673158 
 0,683319220999153 
 0,696020321761219 
 0,70194750211685 
 0,691786621507197 
 0,697713801862828 
 0,687552921253175 
 0,685859441151566 
 0,697713801862828 
 0,696020321761219 
 0,701100762066046 
 0,698560541913632 
 0,674005080440305 
 0,416596104995766 
 0,414902624894157 
 0,464013547840813 
 0,498729889923793 
 0,525825571549534 
 0,552921253175275 
 0,550381033022862 
 0,662997459779848 
 0,710414902624894 
 0,707874682472481 
 0,704487722269263 
 0,70194750211685 
 0,699407281964437 
 0,696867061812024 
 0,69432684165961 
 0,691786621507197 
 0,68839966130398 
 0,685859441151566 
 0,683319220999153 
 0,68077900084674 
 0,650296359017781 
 0,647756138865368 
 0,604572396274344 
 0,615580016934801 
 0,613039796782388 
 0,636748518204911 
 0,601185436071126 
 0,598645215918713 
 0,595258255715495 
 0,592718035563082 
 0,577476714648603 
 0,445385266723116 
 0,443691786621507 
 0,435224386113463 
 0,458086367485182 
 0,449618966977138 
 0,611346316680779 
 0,357324301439458 
 0,262489415749365 
 0,254868755292125 
 0,253175275190517 
 0,252328535139712 
 0,244707874682472 
 0,231160033869602 
 0,236240474174428 
 0,23454699407282 
 0,251481795088908 
 0,220152413209145 
 0,225232853513971 
 0,224386113463167 
 0,216765453005927 
 0,221845893310754 
 0,232006773920406 
 0,230313293818798 
 0,229466553767993 
 0,227773073666384 
 0,164267569856054 
 0,152413209144793 
 0,151566469093988 
 0,15580016934801 
 0,154953429297206 
 0,148179508890771 
 0,147332768839966 
 0,157493649449619 
 0,156646909398815 
 0,15580016934801 
 0,160033869602032 
 0,169348010160881 
 0,252328535139712 
 0,24047417442845 
 0,181202370872142 
 0,190516511430991 
 0,173581710414903 
 0,177815410668925 
 0,166807790008467 
 0,160033869602032 
 0,159187129551228 
 0,162574089754445 
 0,132091447925487 
 0,170194750211685 
 0,173581710414903 
 0,277730736663844 
 0,265876375952583 
 0,236240474174428 
 0,229466553767993 
 0,190516511430991 
 0,19813717188823 
 0,21930567315834 
 0,199830651989839 
 0,165961049957663 
 0,169348010160881 
 0,172734970364098 
 0,175275190516511 
 0,169348010160881 
 0,167654530059272 
 0,162574089754445 
 0,156646909398815 
 0,154953429297206 
 0,170194750211685 
 0,165114309906859 
 0,183742591024555 
 0,214225232853514 
 0,236240474174428 
 0,146486028789162 
 0,149026248941575 
 0,147332768839966 
 0,138865368331922 
 0,129551227773074 
 0,12108382726503 
 0,122777307366638 
 0,118543607112616 
 0,233700254022015 
 0,238780694326842 
 0,200677392040644 
 0,243861134631668 
 0,23454699407282 
 0,280270956816257 
 0,293818797629128 
 0,29043183742591 
 0,170194750211685 
 0,168501270110076 
 0,172734970364098 
 0,141405588484335 
 0,139712108382726 
 0,135478408128704 
 0,133784928027096 
 0,140558848433531 
 0,136325148179509 
 0,170194750211685 
 0,179508890770533 
 0,237933954276037 
 0,232006773920406 
 0,23454699407282 
 0,231160033869602 
 0,232853513971211 
 0,235393734123624 
 0,231160033869602 
 0,220152413209145 
 0,211685012701101 
 0,19813717188823 
 0,199830651989839 
 0,209144792548688 
 0,21337849280271 
 0,21930567315834 
 0,203217612193057 
 0,206604572396274 
 0,209991532599492 
 0,206604572396274 
 0,202370872142252 
 0,198983911939035 
 0,193056731583404 
 0,191363251481795 
 0,187976291278577 
 0,148179508890771 
 0,145639288738357 
 0,140558848433531 
 0,138018628281118 
 0,123624047417443 
 0,124470787468247 
 0,123624047417443 
 0,148179508890771 
 0,122777307366638 
 0,127857747671465 
 0,131244707874682 
 0,114309906858594 
 0,117696867061812 
 0,114309906858594 
 3,55630821337849E-02 
 3,72565622353937E-02 
 3,64098221845893E-02 
 3,38696020321761E-02 
 3,30228619813717E-02 
 3,21761219305673E-02 
 3,72565622353937E-02 
 3,64098221845893E-02 
 3,47163420829805E-02 
 3,72565622353937E-02 
 3,47163420829805E-02 
 3,13293818797629E-02 
 2,87891617273497E-02 
 2,79424216765453E-02 
 2,70956816257409E-02 
 2,62489415749365E-02 
 2,54022015241321E-02 
 2,28619813717189E-02 
 2,11685012701101E-02 
 2,20152413209145E-02 
 2,28619813717189E-02 
 2,20152413209145E-02 
 2,62489415749365E-02 
 2,62489415749365E-02 
 3,72565622353937E-02 
 5,08044030482642E-02 
 0,048264182895851 
 4,48772226926334E-02 
 4,23370025402202E-02 
 3,97967823878069E-02 
 2,87891617273497E-02 
 2,37087214225233E-02 
 2,11685012701101E-02 
 2,20152413209145E-02 
 2,20152413209145E-02 
 1,69348010160881E-02 
 1,60880609652837E-02 
 1,52413209144793E-02 
 0,012701100762066 
 1,01608806096528E-02 
 9,31414055884843E-03 
 8,46740050804403E-03 
 6,77392040643522E-03 
 5,92718035563082E-03 
 5,08044030482642E-03 
 3,38696020321761E-03 
 2,54022015241321E-03 
 2,54022015241321E-03 
 1,69348010160881E-03 
 2,54022015241321E-03 
 1,69348010160881E-03 
 1,69348010160881E-03 
 8,46740050804403E-04 
 8,46740050804403E-04 
 0 
 0 
 0 
 0 
 0 
 0 
 0 
 0 
 0 
 0 
 0 
 0 
 0 
 0 
 0 
 0 
 0 
 0 
 0 
 0 
 0 
 0 
 0 
 0 
 0 
 0 
 0 
 0 
 0 
 0 
 0 
 0 
 0 
 0 
 0 
 0 
 0 
 0 
 0 
 0 
 0 
 0 
 0 
 0 
 0 
 0 
 0 
 0 
 0 
 0 
 0 
 0 
 0 
 0 
 0 
 0 
 0 
 0 
 0 
 0 
 0 
 0 
 0 
 0 
 0 
 0 
 0 
 0 
 0 
 0 
 0 
 0 
 0 
 0 
 0 
 0 
 0 
 0 
 0 
 0 
 0 
 0 
 0 
 0 
 0 
 0 
 0 
 0 
 0 
 0 
 0 
 0 
 0 
 0 
 0 
 0 
 0 
 0 
 0 
 0 
 0 
 0 
 0 
 0 
 0 
 0 
 0 
 0 
 0 
 0 
 0 
 0 
 0 
 0 
 0 
 0 
 0 
 0 
 0 
 0 
 0 
 0 
 0 
 0 
 0 
 0 
 0 
 0 
 0 
 0 
 0 
 0 
 0 
 0 
 0 
 0 
 0 
 0 
 0 
 0 
 0 
 0 
 0 
 0 
 0 
 0 
 0 
 0 
 0 
 0 
 0 
 0 
 0 
 0 
 0 
 0 
 0 
 0 
 0 
 0 
 0 
 0 
 0 
 0 
 0 
 0 
 0 
 0 
 0 
 0 
 0 
 0 
 0 
 0 
 0 
 0 
 0 
 0 
 0 
 0 
 0 
 0 
 0 
 0 
 0 
 0 
 0 
 0 
 0 
 0 
 0 
 0 
 0 
 0 
 0 
 0 
 0 
 0 
 0 
 0 
 0 
 0 
 0 
 0 
 0 
 0 
 0 
 0 
 0 
 0 
 0 
 0 
 0 
 0 
 0 
 0 
 0 
 0 
 0 
 0 
 0 
 0 
 0 
 0 
 0 
 0 
 0 
 0 
 0 
 0 
 0 
 0 
 0 
 0 
 0 
 0 
 0 
 0 
 0 
 0 
 0 
 0 
 0 
 0 
 0 
 0 
 0 
 0 
 0 
 0 
 0 
 0 
 0 
 0 
 0 
 0 
 0 
 0 
 0 
 0 
 0 
 0 
 0 
 0 
 0 
 0 
 0 
 0 
 0 
 0 
 0 
 0 
 0 
 0 
 0 
 0 
 0 
 0 
 0 
 0 
 0 
 0 
 0 
 0 
 0 
 0 
 0 
 0 
 0 
 0 
 0 
 0 
 0 
 0 
 0 
 0 
 0 
 0 
 0 
 0 
 0 
 0 
 0 
 0 
 0 
 0 
 0 
 0 
 0 
 0 
 0 
