 0 
 0 
 0 
 0 
 0 
 0 
 0 
 0 
 0 
 0 
 0 
 0 
 0 
 0 
 0 
 0 
 0 
 0 
 0 
 0 
 0 
 0 
 0 
 0 
 0 
 0 
 0 
 0 
 0 
 0 
 0 
 0 
 0 
 0 
 0 
 0 
 0 
 0 
 0 
 0 
 0 
 0 
 0 
 0 
 0 
 0 
 0 
 0 
 0 
 0 
 0 
 0 
 0 
 0 
 0 
 0 
 0 
 0 
 0 
 0 
 0 
 0 
 0 
 0 
 0 
 0 
 0 
 0 
 0 
 0 
 0 
 0 
 0 
 0 
 0 
 0 
 0 
 0 
 0 
 0 
 0 
 0 
 0 
 0 
 0 
 0 
 0 
 0 
 0 
 0 
 0 
 0 
 0 
 0 
 0 
 0 
 0 
 0 
 0 
 0 
 0 
 0 
 0 
 0 
 0 
 0 
 0 
 0 
 0 
 0 
 0 
 0 
 0 
 0 
 0 
 0 
 0 
 0 
 0 
 0 
 0 
 0 
 0 
 0 
 0 
 0 
 0 
 0 
 0 
 0 
 0 
 0 
 0 
 0 
 0 
 0 
 0 
 0 
 0 
 0 
 0 
 0 
 0 
 0 
 0 
 0 
 0 
 0 
 0 
 0 
 0 
 0 
 0 
 0 
 0 
 0 
 0 
 0 
 0 
 0 
 0 
 0 
 0 
 0 
 0 
 0 
 0 
 0 
 0 
 0 
 0 
 0 
 0 
 0 
 0 
 0 
 0 
 0 
 0 
 0 
 0 
 0 
 0 
 0 
 0 
 0 
 0 
 0 
 0 
 0 
 0 
 0 
 0 
 0 
 0 
 0 
 0 
 0 
 0 
 0 
 0 
 0 
 0 
 0 
 0 
 0 
 0 
 0 
 0 
 0 
 0 
 0 
 0 
 0 
 0 
 0 
 0 
 0 
 0 
 0 
 0 
 0 
 0 
 0 
 0 
 0 
 0 
 0 
 0 
 0 
 0 
 0 
 0 
 0 
 0 
 0 
 0 
 0 
 0 
 0 
 0 
 0 
 0 
 0 
 0 
 0 
 0 
 0 
 0 
 0 
 0 
 0 
 0 
 0 
 0 
 0 
 0 
 0 
 0 
 0 
 0 
 0 
 0 
 0 
 0 
 0 
 0 
 0 
 0 
 0 
 0 
 0 
 0 
 0 
 0 
 0 
 0 
 0 
 0 
 0 
 0 
 0 
 0 
 0 
 0 
 0 
 0 
 0 
 0 
 0 
 0 
 0 
 0 
 0 
 0 
 0 
 0 
 0 
 0 
 0 
 0 
 0 
 0 
 0 
 0 
 0 
 0 
 0 
 0 
 0 
 0 
 0 
 0 
 0 
 0 
 0 
 0 
 0 
 0 
 0 
 0 
 0 
 0 
 0 
 0 
 0 
 0 
 0 
 0 
 0 
 0 
 0 
 0 
 0 
 0 
 0 
 0 
 0 
 0 
 0 
 0 
 0 
 0 
 0 
 0 
 0 
 0 
 0 
 0 
 0 
 0 
 0 
 0 
 0 
 0 
 0 
 0 
 0 
 0 
 0 
 0 
 0 
 0 
 0 
 0 
 0 
 0 
 0 
 0 
 0 
 0 
 0 
 0 
 0 
 0 
 0 
 0 
 0 
 0 
 0 
 0 
 0 
 0 
 0 
 0 
 0 
 0 
 0 
 0 
 0 
 0 
 0 
 0 
 0 
 0 
 0 
 0 
 0 
 0 
 0 
 0 
 0 
 0 
 0 
 0 
 0 
 0 
 0 
 0 
 0 
 0 
 0 
 0 
 0 
 0 
 0 
 0 
 0 
 0 
 0 
 0 
 0 
 0 
 0 
 0 
 0 
 0 
 0 
 0 
 0 
 0 
 0 
 0 
 0 
 8,46740050804403E-04 
 8,46740050804403E-04 
 8,46740050804403E-04 
 1,69348010160881E-03 
 2,54022015241321E-03 
 2,54022015241321E-03 
 4,23370025402202E-03 
 5,08044030482642E-03 
 5,92718035563082E-03 
 7,62066045723963E-03 
 8,46740050804403E-03 
 9,31414055884843E-03 
 1,10076206604572E-02 
 0,012701100762066 
 1,35478408128704E-02 
 1,35478408128704E-02 
 1,52413209144793E-02 
 1,69348010160881E-02 
 2,03217612193057E-02 
 2,11685012701101E-02 
 2,28619813717189E-02 
 2,37087214225233E-02 
 3,21761219305673E-02 
 3,13293818797629E-02 
 4,14902624894158E-02 
 0,044030482641829 
 0,044030482641829 
 4,65707027942422E-02 
 4,91109229466554E-02 
 5,16511430990686E-02 
 5,33446232006774E-02 
 5,50381033022862E-02 
 5,75783234546994E-02 
 0,060965283657917 
 6,77392040643522E-02 
 7,11261642675699E-02 
 7,45131244707875E-02 
 7,70533446232007E-02 
 7,28196443691787E-02 
 7,70533446232007E-02 
 7,95935647756139E-02 
 9,14479254868755E-02 
 9,22946655376799E-02 
 0,104995766299746 
 0,108382726502964 
 0,111769686706181 
 0,116003386960203 
 0,119390347163421 
 0,121930567315834 
 0,12701100762066 
 0,131244707874682 
 0,1346316680779 
 0,138865368331922 
 0,14225232853514 
 0,146486028789162 
 0,149872988992379 
 0,154106689246401 
 0,14225232853514 
 0,115156646909399 
 0,152413209144793 
 0,118543607112616 
 0,121930567315834 
 0,116850127011008 
 0,117696867061812 
 0,11346316680779 
 0,119390347163421 
 0,123624047417443 
 0,152413209144793 
 0,157493649449619 
 0,125317527519052 
 0,154953429297206 
 0,162574089754445 
 0,191363251481795 
 0,216765453005927 
 0,216765453005927 
 0,217612193056732 
 0,19813717188823 
 0,201524132091448 
 0,204911092294666 
 0,210838272650296 
 0,216765453005927 
 0,222692633361558 
 0,224386113463167 
 0,232853513971211 
 0,236240474174428 
 0,2692633361558 
 0,273497036409822 
 0,277730736663844 
 0,281964436917866 
 0,285351397121084 
 0,289585097375106 
 0,293818797629128 
 0,196443691786621 
 0,177815410668925 
 0,180355630821338 
 0,179508890770533 
 0,185436071126164 
 0,187129551227773 
 0,189669771380186 
 0,192209991532599 
 0,204064352243861 
 0,206604572396274 
 0,239627434377646 
 0,232006773920406 
 0,345469940728196 
 0,348856900931414 
 0,353090601185436 
 0,357324301439458 
 0,360711261642676 
 0,364944961896698 
 0,143945808636749 
 0,141405588484335 
 0,139712108382726 
 0,132938187976291 
 0,12701100762066 
 0,104995766299746 
 0,10584250635055 
 0,103302286198137 
 0,108382726502964 
 0,109229466553768 
 0,16342082980525 
 0,160033869602032 
 0,153259949195597 
 0,154953429297206 
 0,156646909398815 
 0,153259949195597 
 0,176121930567316 
 0,177815410668925 
 0,171041490262489 
 0,17696867061812 
 0,209144792548688 
 0,282811176968671 
 0,281117696867062 
 0,278577476714649 
 0,289585097375106 
 0,287891617273497 
 0,289585097375106 
 0,282811176968671 
 0,270956816257409 
 0,296359017781541 
 0,309060118543607 
 0,315834038950042 
 0,313293818797629 
 0,295512277730737 
 0,29805249788315 
 0,299745977984759 
 0,302286198137172 
 0,354784081287045 
 0,357324301439458 
 0,436917866215072 
 0,466553767993226 
 0,495342929720576 
 0,498729889923793 
 0,512277730736664 
 0,515664690939881 
 0,52497883149873 
 0,490262489415749 
 0,493649449618967 
 0,256562235393734 
 0,258255715495343 
 0,232006773920406 
 0,227773073666384 
 0,274343776460627 
 0,303979678238781 
 0,237933954276037 
 0,238780694326842 
 0,211685012701101 
 0,207451312447079 
 0,202370872142252 
 0,192209991532599 
 0,193056731583404 
 0,200677392040644 
 0,201524132091448 
 0,18458933107536 
 0,185436071126164 
 0,193056731583404 
 0,193903471634208 
 0,176121930567316 
 0,17696867061812 
 0,203217612193057 
 0,197290431837426 
 0,204911092294666 
 0,249788314987299 
 0,300592718035563 
 0,296359017781541 
 0,329381879762913 
 0,286198137171888 
 0,300592718035563 
 0,288738357324301 
 0,303132938187976 
 0,304826418289585 
 0,305673158340389 
 0,281117696867062 
 0,315834038950042 
 0,323454699407282 
 0,331075359864522 
 0,306519898391194 
 0,307366638441998 
 0,315834038950042 
 0,330228619813717 
 0,331922099915326 
 0,34038950042337 
 0,327688399661304 
 0,356477561388654 
 0,268416596104996 
 0,345469940728196 
 0,35393734123624 
 0,397121083827265 
 0,195596951735817 
 0,182895850973751 
 0,182895850973751 
 0,190516511430991 
 0,18458933107536 
 0,185436071126164 
 0,186282811176969 
 0,186282811176969 
 0,187129551227773 
 0,187976291278577 
 0,203217612193057 
 0,196443691786621 
 0,182895850973751 
 0,190516511430991 
 0,183742591024555 
 0,18458933107536 
 0,177815410668925 
 0,177815410668925 
 0,178662150719729 
 0,201524132091448 
 0,172734970364098 
 0,172734970364098 
 0,150719729043184 
 0,159187129551228 
 0,159187129551228 
 0,167654530059272 
 0,526672311600339 
 0,543607112616427 
 0,552921253175275 
 0,654530059271804 
 0,663844199830652 
 0,665537679932261 
 0,519898391193903 
 0,607112616426757 
 0,569856054191363 
 0,579170194750212 
 0,5961049957663 
 0,613886536833192 
 0,591871295512278 
 0,790855207451312 
 0,792548687552921 
 0,779000846740051 
 0,573243014394581 
 0,623200677392041 
 0,600338696020322 
 0,449618966977138 
 0,441998306519898 
 0,475867908552075 
 0,444538526672312 
 0,445385266723116 
 0,405588484335309 
 0,39034716342083 
 0,359017781541067 
 0,727349703640982 
 0,818797629127858 
 0,820491109229467 
 0,822184589331075 
 0,823878069432684 
 0,825571549534293 
 0,827265029635902 
 0,828958509737511 
 0,829805249788315 
 0,831498729889924 
 0,833192209991533 
 0,834885690093141 
 0,83657917019475 
 0,837425910245555 
 0,839119390347163 
 0,840812870448772 
 0,842506350550381 
 0,843353090601185 
 0,845046570702794 
 0,846740050804403 
 0,847586790855207 
 0,849280270956816 
 0,850127011007621 
 0,851820491109229 
 0,852667231160034 
 0,854360711261643 
 0,855207451312447 
 0,856900931414056 
 0,85774767146486 
 0,859441151566469 
 0,851820491109229 
 0,861134631668078 
 0,862828111769687 
 0,855207451312447 
 0,847586790855207 
 0,762066045723963 
 0,771380186282811 
 0,772226926333616 
 0,781541066892464 
 0,782387806943268 
 0,766299745977985 
 0,749364944961897 
 0,750211685012701 
 0,742591024555461 
 0,75190516511431 
 0,752751905165114 
 0,753598645215919 
 0,771380186282811 
 0,772226926333616 
 0,781541066892464 
 0,55376799322608 
 0,589331075359865 
 0,54614733276884 
 0,528365791701948 
 0,273497036409822 
 0,291278577476715 
 0,300592718035563 
 0,318374259102456 
 0,3268416596105 
 0,336155800169348 
 0,35393734123624 
 0,363251481795089 
 0,275190516511431 
 0,283657917019475 
 0,310753598645216 
 0,728196443691787 
 0,745977984758679 
 0,737510584250635 
 0,640135478408129 
 0,66723116003387 
 0,783234546994073 
 0,783234546994073 
 0,774767146486029 
 0,890770533446232 
 0,890770533446232 
 0,891617273497036 
 0,891617273497036 
 0,891617273497036 
 0,891617273497036 
 0,891617273497036 
 0,892464013547841 
 0,892464013547841 
 0,892464013547841 
 0,892464013547841 
 0,892464013547841 
 0,892464013547841 
 0,892464013547841 
 0,883996613039797 
 0,8653683319221 
 0,821337849280271 
 0,812023708721422 
 0,615580016934801 
 0,624894157493649 
 0,633361558001693 
 0,633361558001693 
 0,740050804403048 
 0,748518204911092 
 0,748518204911092 
 0,695173581710415 
 0,632514817950889 
 0,614733276883997 
 0,5961049957663 
 0,347163420829805 
 0,347163420829805 
 0,347163420829805 
 0,328535139712108 
 0,328535139712108 
 0,328535139712108 
 0,292972057578323 
 0,301439458086367 
 0,309906858594412 
 0,345469940728196 
 0,35393734123624 
 0,707874682472481 
 0,707874682472481 
 0,698560541913632 
 0,697713801862828 
 0,600338696020322 
 0,608806096528366 
 0,573243014394581 
 0,58086367485182 
 0,791701947502117 
 0,756138865368332 
 0,861134631668078 
 0,878069432684166 
 0,877222692633362 
 0,876375952582557 
 0,875529212531753 
 0,874682472480948 
 0,873835732430144 
 0,87298899237934 
 0,871295512277731 
 0,870448772226926 
 0,869602032176122 
 0,868755292125318 
 0,867908552074513 
 0,867061812023709 
 0,866215071972904 
 0,864521591871296 
 0,863674851820491 
 0,862828111769687 
 0,861134631668078 
 0,860287891617273 
 0,721422523285351 
 0,712108382726503 
 0,711261642675699 
 0,718882303132938 
 0,718035563082134 
 0,58848433530906 
 0,604572396274344 
 0,476714648602879 
 0,492802709568163 
 0,47502116850127 
 0,491109229466554 
 0,481795088907705 
 0,472480948348857 
 0,420829805249788 
 0,445385266723116 
 0,444538526672312 
 0,427603725656224 
 0,435224386113463 
 0,408975444538527 
 0,399661303979678 
 0,441151566469094 
 0,464860287891617 
 0,472480948348857 
 0,669771380186283 
 0,668924640135478 
 0,741744284504657 
 0,756138865368332 
 0,755292125317528 
 0,761219305673158 
 0,817104149026249 
 0,65198983911939 
 0,651143099068586 
 0,61727349703641 
 0,56731583403895 
 0,242167654530059 
 0,226079593564776 
 0,217612193056732 
 0,208298052497883 
 0,215918712955123 
 0,232006773920406 
 0,247248094834886 
 0,238780694326842 
 0,214225232853514 
 0,229466553767993 
 0,21337849280271 
 0,212531752751905 
 0,204064352243861 
 0,180355630821338 
 0,171888230313294 
 0,202370872142252 
 0,24047417442845 
 0,232006773920406 
 0,232006773920406 
 0,231160033869602 
 0,230313293818798 
 0,244707874682472 
 0,282811176968671 
 0,289585097375106 
 0,288738357324301 
 0,23454699407282 
 0,233700254022015 
 0,25571549534293 
 0,247248094834886 
 0,201524132091448 
 0,201524132091448 
 0,193056731583404 
 0,192209991532599 
 0,192209991532599 
 0,191363251481795 
 0,190516511430991 
 0,175275190516511 
 0,167654530059272 
 0,144792548687553 
 0,130397967823878 
 0,137171888230313 
 0,136325148179509 
 0,128704487722269 
 9,99153259949196E-02 
 0,1346316680779 
 0,12701100762066 
 0,12701100762066 
 0,126164267569856 
 0,132938187976291 
 0,118543607112616 
 0,117696867061812 
 0,110922946655377 
 0,110076206604572 
 0,110076206604572 
 0,109229466553768 
 0,109229466553768 
 0,108382726502964 
 0,107535986452159 
 0,107535986452159 
 0,11346316680779 
 0,120237087214225 
 0,10584250635055 
 0,112616426756986 
 0,104995766299746 
 9,82218458933107E-02 
 9,73751058425063E-02 
 8,46740050804403E-02 
 8,38272650296359E-02 
 7,70533446232007E-02 
 8,97544453852667E-02 
 9,56816257408975E-02 
 0,101608806096528 
 0,100762066045724 
 0,106689246401355 
 0,10584250635055 
 9,90685859441152E-02 
 8,63674851820491E-02 
 9,22946655376799E-02 
 9,82218458933107E-02 
 0,103302286198137 
 0,103302286198137 
 0,126164267569856 
 0,138018628281118 
 0,131244707874682 
 0,14225232853514 
 0,123624047417443 
 0,128704487722269 
 0,139712108382726 
 0,121930567315834 
 0,12701100762066 
 0,126164267569856 
 0,14225232853514 
 0,147332768839966 
 0,140558848433531 
 0,1346316680779 
 0,183742591024555 
 0,281964436917866 
 0,395427603725656 
 0,464013547840813 
 0,455546147332769 
 0,441998306519898 
 0,439458086367485 
 0,436917866215072 
 0,470787468247248 
 0,473327688399661 
 0,45385266723116 
 0,466553767993226 
 0,458086367485182 
 0,455546147332769 
 0,365791701947502 
 0,342929720575783 
 0,345469940728196 
 0,337849280270957 
 0,385266723116003 
 0,381879762912786 
 0,228619813717189 
 0,22692633361558 
 0,225232853513971 
 0,176121930567316 
 0,141405588484335 
 0,131244707874682 
 0,21337849280271 
 0,211685012701101 
 0,215071972904318 
 0,190516511430991 
 0,202370872142252 
 0,191363251481795 
 0,181202370872142 
 0,179508890770533 
 0,169348010160881 
 0,193903471634208 
 0,217612193056732 
 0,198983911939035 
 0,180355630821338 
 0,174428450465707 
 0,172734970364098 
 0,167654530059272 
 0,153259949195597 
 0,148179508890771 
 0,154953429297206 
 0,160880609652837 
 0,166807790008467 
 0,22692633361558 
 0,270956816257409 
 0,267569856054191 
 0,283657917019475 
 0,232853513971211 
 0,237933954276037 
 0,249788314987299 
 0,246401354784081 
 0,293818797629128 
 0,300592718035563 
 0,293818797629128 
 0,266723116003387 
 0,287044877222693 
 0,27688399661304 
 0,270956816257409 
 0,267569856054191 
 0,260795935647756 
 0,260795935647756 
 0,257408975444539 
 0,254022015241321 
 0,284504657070279 
 0,281117696867062 
 0,268416596104996 
 0,267569856054191 
 0,281117696867062 
 0,220152413209145 
 0,226079593564776 
 0,222692633361558 
 0,21930567315834 
 0,215918712955123 
 0,215918712955123 
 0,207451312447079 
 0,201524132091448 
 0,195596951735817 
 0,189669771380186 
 0,194750211685013 
 0,193903471634208 
 0,190516511430991 
 0,189669771380186 
 0,186282811176969 
 0,182895850973751 
 0,175275190516511 
 0,170194750211685 
 0,160033869602032 
 0,159187129551228 
 0,181202370872142 
 0,175275190516511 
 0,177815410668925 
 0,174428450465707 
 0,169348010160881 
 0,165114309906859 
 0,182049110922947 
 0,122777307366638 
 0,115156646909399 
 0,114309906858594 
 0,117696867061812 
 0,118543607112616 
 0,116850127011008 
 0,129551227773074 
 0,125317527519052 
 0,123624047417443 
 0,118543607112616 
 0,115156646909399 
 8,63674851820491E-02 
 9,22946655376799E-02 
 9,56816257408975E-02 
 9,31414055884843E-02 
 0,101608806096528 
 9,90685859441152E-02 
 9,65283657917019E-02 
 9,39881456392887E-02 
 8,97544453852667E-02 
 8,72142252328535E-02 
 8,63674851820491E-02 
 8,38272650296359E-02 
 7,87468247248095E-02 
 7,70533446232007E-02 
 4,57239627434378E-02 
 0,044030482641829 
 4,14902624894158E-02 
 4,23370025402202E-02 
 4,31837425910246E-02 
 4,06435224386113E-02 
 3,89500423370025E-02 
 5,16511430990686E-02 
 4,91109229466554E-02 
 4,65707027942422E-02 
 0,044030482641829 
 4,65707027942422E-02 
 0,044030482641829 
 3,97967823878069E-02 
 3,72565622353937E-02 
 3,47163420829805E-02 
 3,38696020321761E-02 
 3,04826418289585E-02 
 2,79424216765453E-02 
 2,62489415749365E-02 
 2,37087214225233E-02 
 2,11685012701101E-02 
 1,94750211685013E-02 
 1,69348010160881E-02 
 1,52413209144793E-02 
 1,35478408128704E-02 
 1,18543607112616E-02 
 1,01608806096528E-02 
 8,46740050804403E-03 
 6,77392040643522E-03 
 5,92718035563082E-03 
 4,23370025402202E-03 
 3,38696020321761E-03 
 2,54022015241321E-03 
 1,69348010160881E-03 
 1,69348010160881E-03 
 8,46740050804403E-04 
 8,46740050804403E-04 
 0 
 0 
 0 
 0 
 0 
 0 
 0 
 0 
 0 
 0 
 0 
 0 
 0 
 0 
 0 
 0 
 0 
 0 
 0 
 0 
 0 
 0 
 0 
 0 
 0 
 0 
 0 
 0 
 0 
 0 
 0 
 0 
 0 
 0 
 0 
 0 
 0 
 0 
 0 
 0 
 0 
 0 
 0 
 0 
 0 
 0 
 0 
 0 
 0 
 0 
 0 
 0 
 0 
 0 
 0 
 0 
 0 
 0 
 0 
 0 
 0 
 0 
 0 
 0 
 0 
 0 
 0 
 0 
 0 
 0 
 0 
 0 
 0 
 0 
 0 
 0 
 0 
 0 
 0 
 0 
 0 
 0 
 0 
 0 
 0 
 0 
 0 
 0 
 0 
 0 
 0 
 0 
 0 
 0 
 0 
 0 
 0 
 0 
 0 
 0 
 0 
 0 
 0 
 0 
 0 
 0 
 0 
 0 
 0 
 0 
 0 
 0 
 0 
 0 
 0 
 0 
 0 
 0 
 0 
 0 
 0 
 0 
 0 
 0 
 0 
 0 
 0 
 0 
 0 
 0 
 0 
 0 
 0 
 0 
 0 
 0 
 0 
 0 
 0 
 0 
 0 
 0 
 0 
 0 
 0 
 0 
 0 
 0 
 0 
 0 
 0 
 0 
 0 
 0 
 0 
 0 
 0 
 0 
 0 
 0 
 0 
 0 
 0 
 0 
 0 
 0 
 0 
 0 
 0 
 0 
 0 
 0 
 0 
 0 
 0 
 0 
 0 
 0 
 0 
 0 
 0 
 0 
 0 
 0 
 0 
 0 
 0 
 0 
 0 
 0 
 0 
 0 
 0 
 0 
 0 
 0 
 0 
 0 
 0 
 0 
 0 
 0 
 0 
 0 
 0 
 0 
 0 
 0 
 0 
 0 
 0 
 0 
 0 
 0 
 0 
 0 
 0 
 0 
 0 
 0 
 0 
 0 
 0 
 0 
 0 
 0 
 0 
 0 
 0 
 0 
 0 
 0 
 0 
 0 
 0 
 0 
 0 
 0 
 0 
 0 
 0 
 0 
 0 
 0 
 0 
 0 
 0 
 0 
 0 
 0 
 0 
 0 
 0 
 0 
 0 
 0 
 0 
 0 
 0 
 0 
 0 
 0 
 0 
 0 
 0 
 0 
 0 
 0 
 0 
 0 
 0 
 0 
 0 
 0 
 0 
 0 
 0 
 0 
 0 
 0 
 0 
 0 
 0 
 0 
 0 
 0 
 0 
 0 
 0 
 0 
 0 
 0 
 0 
 0 
 0 
 0 
 0 
 0 
 0 
 0 
 0 
 0 
 0 
 0 
 0 
 0 
 0 
 0 
 0 
 0 
 0 
