 0 
 0 
 0 
 0 
 0 
 0 
 0 
 0 
 0 
 0 
 0 
 0 
 0 
 0 
 0 
 0 
 0 
 0 
 0 
 0 
 0 
 0 
 0 
 0 
 0 
 0 
 0 
 0 
 0 
 0 
 0 
 0 
 0 
 0 
 0 
 0 
 0 
 0 
 0 
 0 
 0 
 0 
 0 
 0 
 0 
 0 
 0 
 0 
 0 
 0 
 0 
 0 
 0 
 0 
 0 
 0 
 0 
 0 
 0 
 0 
 0 
 0 
 0 
 0 
 0 
 0 
 0 
 0 
 0 
 0 
 0 
 0 
 0 
 0 
 0 
 0 
 0 
 0 
 0 
 0 
 0 
 0 
 0 
 0 
 0 
 0 
 0 
 0 
 0 
 0 
 0 
 0 
 0 
 0 
 0 
 0 
 0 
 0 
 0 
 0 
 0 
 0 
 0 
 0 
 0 
 0 
 0 
 0 
 0 
 0 
 0 
 0 
 0 
 0 
 0 
 0 
 0 
 0 
 0 
 0 
 0 
 0 
 0 
 0 
 0 
 0 
 0 
 0 
 0 
 0 
 0 
 0 
 0 
 0 
 0 
 0 
 0 
 0 
 0 
 0 
 0 
 0 
 0 
 0 
 0 
 0 
 0 
 0 
 0 
 0 
 0 
 0 
 0 
 0 
 0 
 0 
 0 
 0 
 0 
 0 
 0 
 0 
 0 
 0 
 0 
 0 
 0 
 0 
 0 
 0 
 0 
 0 
 0 
 0 
 0 
 0 
 0 
 0 
 0 
 0 
 0 
 0 
 0 
 0 
 0 
 0 
 0 
 0 
 0 
 0 
 0 
 0 
 0 
 0 
 0 
 0 
 0 
 0 
 0 
 0 
 0 
 0 
 0 
 0 
 0 
 0 
 0 
 0 
 0 
 0 
 0 
 0 
 0 
 0 
 0 
 0 
 0 
 0 
 0 
 0 
 0 
 0 
 0 
 0 
 0 
 0 
 0 
 0 
 0 
 0 
 0 
 0 
 0 
 0 
 0 
 0 
 0 
 0 
 0 
 0 
 0 
 0 
 0 
 0 
 0 
 0 
 0 
 0 
 0 
 0 
 0 
 0 
 0 
 0 
 0 
 0 
 0 
 0 
 0 
 0 
 0 
 0 
 0 
 0 
 0 
 0 
 0 
 0 
 0 
 0 
 0 
 0 
 0 
 0 
 0 
 0 
 0 
 0 
 0 
 0 
 0 
 0 
 0 
 0 
 0 
 0 
 0 
 0 
 0 
 0 
 0 
 0 
 0 
 0 
 0 
 0 
 0 
 0 
 0 
 0 
 0 
 0 
 0 
 0 
 0 
 0 
 0 
 0 
 0 
 0 
 0 
 0 
 0 
 0 
 0 
 0 
 0 
 0 
 0 
 0 
 0 
 0 
 0 
 0 
 0 
 0 
 0 
 0 
 0 
 0 
 0 
 0 
 0 
 0 
 0 
 0 
 0 
 0 
 0 
 0 
 0 
 0 
 0 
 0 
 0 
 0 
 0 
 0 
 0 
 0 
 0 
 0 
 0 
 0 
 0 
 0 
 0 
 0 
 0 
 0 
 0 
 0 
 0 
 0 
 0 
 0 
 0 
 0 
 0 
 0 
 0 
 0 
 0 
 0 
 0 
 0 
 0 
 0 
 0 
 0 
 0 
 0 
 0 
 0 
 0 
 0 
 0 
 0 
 0 
 0 
 0 
 0 
 0 
 0 
 0 
 0 
 0 
 0 
 0 
 0 
 0 
 0 
 0 
 0 
 0 
 0 
 0 
 0 
 0 
 0 
 0 
 0 
 0 
 0 
 0 
 0 
 0 
 0 
 0 
 0 
 0 
 0 
 0 
 0 
 0 
 0 
 0 
 0 
 0 
 0 
 0 
 0 
 0 
 0 
 0 
 0 
 0 
 0 
 0 
 8,46740050804403E-04 
 8,46740050804403E-04 
 8,46740050804403E-04 
 8,46740050804403E-04 
 8,46740050804403E-04 
 1,69348010160881E-03 
 2,54022015241321E-03 
 2,54022015241321E-03 
 2,54022015241321E-03 
 3,38696020321761E-03 
 3,38696020321761E-03 
 4,23370025402202E-03 
 4,23370025402202E-03 
 4,23370025402202E-03 
 5,08044030482642E-03 
 5,08044030482642E-03 
 5,08044030482642E-03 
 5,08044030482642E-03 
 5,92718035563082E-03 
 5,92718035563082E-03 
 6,77392040643522E-03 
 7,62066045723963E-03 
 8,46740050804403E-03 
 8,46740050804403E-03 
 8,46740050804403E-03 
 9,31414055884843E-03 
 1,01608806096528E-02 
 1,10076206604572E-02 
 1,10076206604572E-02 
 1,18543607112616E-02 
 1,18543607112616E-02 
 1,35478408128704E-02 
 1,60880609652837E-02 
 1,69348010160881E-02 
 1,69348010160881E-02 
 1,69348010160881E-02 
 1,77815410668925E-02 
 1,77815410668925E-02 
 1,77815410668925E-02 
 1,86282811176969E-02 
 2,03217612193057E-02 
 2,28619813717189E-02 
 2,62489415749365E-02 
 2,45554614733277E-02 
 2,70956816257409E-02 
 2,70956816257409E-02 
 2,79424216765453E-02 
 2,87891617273497E-02 
 3,13293818797629E-02 
 3,21761219305673E-02 
 3,13293818797629E-02 
 3,21761219305673E-02 
 2,96359017781541E-02 
 3,04826418289585E-02 
 2,96359017781541E-02 
 3,38696020321761E-02 
 3,30228619813717E-02 
 3,38696020321761E-02 
 3,30228619813717E-02 
 2,96359017781541E-02 
 3,21761219305673E-02 
 3,47163420829805E-02 
 3,38696020321761E-02 
 3,21761219305673E-02 
 3,30228619813717E-02 
 3,13293818797629E-02 
 3,38696020321761E-02 
 3,72565622353937E-02 
 3,97967823878069E-02 
 3,81033022861981E-02 
 3,64098221845893E-02 
 3,72565622353937E-02 
 3,81033022861981E-02 
 3,64098221845893E-02 
 3,21761219305673E-02 
 3,21761219305673E-02 
 3,30228619813717E-02 
 3,64098221845893E-02 
 3,64098221845893E-02 
 3,47163420829805E-02 
 3,47163420829805E-02 
 3,81033022861981E-02 
 3,64098221845893E-02 
 4,23370025402202E-02 
 4,31837425910246E-02 
 4,65707027942422E-02 
 4,99576629974598E-02 
 4,74174428450466E-02 
 6,01185436071126E-02 
 7,36663844199831E-02 
 7,45131244707875E-02 
 6,85859441151566E-02 
 7,02794242167655E-02 
 0,060965283657917 
 5,50381033022862E-02 
 0,052497883149873 
 5,33446232006774E-02 
 5,08044030482642E-02 
 4,06435224386113E-02 
 3,47163420829805E-02 
 3,47163420829805E-02 
 3,55630821337849E-02 
 3,21761219305673E-02 
 3,64098221845893E-02 
 3,64098221845893E-02 
 4,06435224386113E-02 
 4,06435224386113E-02 
 4,14902624894158E-02 
 4,14902624894158E-02 
 4,23370025402202E-02 
 4,23370025402202E-02 
 4,31837425910246E-02 
 3,97967823878069E-02 
 3,97967823878069E-02 
 4,06435224386113E-02 
 4,06435224386113E-02 
 4,14902624894158E-02 
 3,72565622353937E-02 
 3,81033022861981E-02 
 4,23370025402202E-02 
 3,81033022861981E-02 
 3,47163420829805E-02 
 3,47163420829805E-02 
 3,47163420829805E-02 
 3,55630821337849E-02 
 3,55630821337849E-02 
 3,55630821337849E-02 
 3,64098221845893E-02 
 3,64098221845893E-02 
 3,64098221845893E-02 
 3,72565622353937E-02 
 4,65707027942422E-02 
 0,060965283657917 
 0,056731583403895 
 0,052497883149873 
 5,33446232006774E-02 
 5,33446232006774E-02 
 4,91109229466554E-02 
 5,92718035563082E-02 
 5,92718035563082E-02 
 7,02794242167655E-02 
 0,065198983911939 
 0,060965283657917 
 0,060965283657917 
 5,16511430990686E-02 
 5,16511430990686E-02 
 6,77392040643522E-02 
 6,85859441151566E-02 
 6,35055038103302E-02 
 5,33446232006774E-02 
 6,43522438611346E-02 
 6,43522438611346E-02 
 7,02794242167655E-02 
 7,11261642675699E-02 
 7,70533446232007E-02 
 7,19729043183743E-02 
 8,89077053344623E-02 
 8,97544453852667E-02 
 7,87468247248095E-02 
 7,36663844199831E-02 
 6,26587637595258E-02 
 7,45131244707875E-02 
 7,45131244707875E-02 
 7,53598645215919E-02 
 8,12870448772227E-02 
 7,02794242167655E-02 
 0,065198983911939 
 0,065198983911939 
 5,92718035563082E-02 
 6,01185436071126E-02 
 4,23370025402202E-02 
 5,41913632514818E-02 
 5,50381033022862E-02 
 5,50381033022862E-02 
 6,18120237087214E-02 
 7,45131244707875E-02 
 7,45131244707875E-02 
 7,45131244707875E-02 
 6,85859441151566E-02 
 0,069432684165961 
 0,069432684165961 
 7,02794242167655E-02 
 7,70533446232007E-02 
 7,70533446232007E-02 
 7,70533446232007E-02 
 7,79000846740051E-02 
 5,84250635055038E-02 
 0,052497883149873 
 0,052497883149873 
 0,052497883149873 
 5,33446232006774E-02 
 4,65707027942422E-02 
 4,65707027942422E-02 
 4,74174428450466E-02 
 4,06435224386113E-02 
 5,41913632514818E-02 
 5,41913632514818E-02 
 4,74174428450466E-02 
 5,50381033022862E-02 
 6,85859441151566E-02 
 0,069432684165961 
 6,26587637595258E-02 
 6,26587637595258E-02 
 7,02794242167655E-02 
 6,35055038103302E-02 
 6,35055038103302E-02 
 0,056731583403895 
 4,23370025402202E-02 
 4,99576629974598E-02 
 4,99576629974598E-02 
 4,99576629974598E-02 
 5,08044030482642E-02 
 4,31837425910246E-02 
 5,08044030482642E-02 
 5,08044030482642E-02 
 5,08044030482642E-02 
 5,84250635055038E-02 
 6,60457239627434E-02 
 7,36663844199831E-02 
 7,36663844199831E-02 
 8,12870448772227E-02 
 8,21337849280271E-02 
 8,97544453852667E-02 
 8,97544453852667E-02 
 9,06011854360711E-02 
 9,06011854360711E-02 
 0,11346316680779 
 0,10584250635055 
 9,14479254868755E-02 
 0,106689246401355 
 0,115156646909399 
 9,22946655376799E-02 
 9,99153259949196E-02 
 0,100762066045724 
 0,100762066045724 
 9,31414055884843E-02 
 9,31414055884843E-02 
 8,55207451312447E-02 
 8,63674851820491E-02 
 7,87468247248095E-02 
 7,87468247248095E-02 
 7,87468247248095E-02 
 8,72142252328535E-02 
 7,95935647756139E-02 
 7,11261642675699E-02 
 7,19729043183743E-02 
 6,35055038103302E-02 
 6,43522438611346E-02 
 8,04403048264183E-02 
 8,80609652836579E-02 
 7,28196443691787E-02 
 7,28196443691787E-02 
 7,28196443691787E-02 
 0,056731583403895 
 0,056731583403895 
 0,056731583403895 
 5,75783234546994E-02 
 4,91109229466554E-02 
 4,91109229466554E-02 
 4,91109229466554E-02 
 4,91109229466554E-02 
 4,91109229466554E-02 
 4,99576629974598E-02 
 4,99576629974598E-02 
 4,99576629974598E-02 
 4,14902624894158E-02 
 4,14902624894158E-02 
 4,99576629974598E-02 
 4,99576629974598E-02 
 4,99576629974598E-02 
 5,84250635055038E-02 
 5,92718035563082E-02 
 5,08044030482642E-02 
 5,08044030482642E-02 
 5,92718035563082E-02 
 5,08044030482642E-02 
 5,08044030482642E-02 
 5,08044030482642E-02 
 5,92718035563082E-02 
 5,08044030482642E-02 
 5,08044030482642E-02 
 5,16511430990686E-02 
 4,31837425910246E-02 
 5,16511430990686E-02 
 5,16511430990686E-02 
 5,16511430990686E-02 
 5,16511430990686E-02 
 4,31837425910246E-02 
 4,31837425910246E-02 
 5,16511430990686E-02 
 5,16511430990686E-02 
 4,31837425910246E-02 
 4,31837425910246E-02 
 4,31837425910246E-02 
 3,47163420829805E-02 
 3,47163420829805E-02 
 3,47163420829805E-02 
 3,47163420829805E-02 
 3,47163420829805E-02 
 2,62489415749365E-02 
 2,62489415749365E-02 
 2,62489415749365E-02 
 2,62489415749365E-02 
 2,62489415749365E-02 
 3,47163420829805E-02 
 2,62489415749365E-02 
 2,62489415749365E-02 
 2,62489415749365E-02 
 3,55630821337849E-02 
 3,55630821337849E-02 
 3,55630821337849E-02 
 0,044030482641829 
 0,044030482641829 
 0,044030482641829 
 0,044030482641829 
 0,044030482641829 
 0,044030482641829 
 0,044030482641829 
 0,044030482641829 
 5,33446232006774E-02 
 0,044030482641829 
 0,044030482641829 
 5,33446232006774E-02 
 5,33446232006774E-02 
 5,33446232006774E-02 
 5,33446232006774E-02 
 5,33446232006774E-02 
 5,33446232006774E-02 
 6,26587637595258E-02 
 6,26587637595258E-02 
 7,11261642675699E-02 
 8,04403048264183E-02 
 8,04403048264183E-02 
 7,11261642675699E-02 
 7,11261642675699E-02 
 6,26587637595258E-02 
 6,26587637595258E-02 
 5,33446232006774E-02 
 5,33446232006774E-02 
 4,48772226926334E-02 
 4,48772226926334E-02 
 4,48772226926334E-02 
 4,48772226926334E-02 
 5,33446232006774E-02 
 5,33446232006774E-02 
 4,48772226926334E-02 
 4,48772226926334E-02 
 3,55630821337849E-02 
 3,55630821337849E-02 
 3,55630821337849E-02 
 4,48772226926334E-02 
 4,48772226926334E-02 
 4,48772226926334E-02 
 4,48772226926334E-02 
 5,33446232006774E-02 
 5,33446232006774E-02 
 5,33446232006774E-02 
 5,33446232006774E-02 
 5,33446232006774E-02 
 6,26587637595258E-02 
 4,48772226926334E-02 
 0,044030482641829 
 0,044030482641829 
 3,55630821337849E-02 
 3,55630821337849E-02 
 0,044030482641829 
 0,044030482641829 
 0,044030482641829 
 0,044030482641829 
 0,044030482641829 
 0,044030482641829 
 3,55630821337849E-02 
 3,55630821337849E-02 
 5,33446232006774E-02 
 0,052497883149873 
 0,052497883149873 
 0,052497883149873 
 0,052497883149873 
 0,052497883149873 
 7,02794242167655E-02 
 7,02794242167655E-02 
 7,02794242167655E-02 
 7,87468247248095E-02 
 7,87468247248095E-02 
 7,87468247248095E-02 
 8,72142252328535E-02 
 8,72142252328535E-02 
 0,104995766299746 
 9,56816257408975E-02 
 8,72142252328535E-02 
 7,79000846740051E-02 
 7,79000846740051E-02 
 7,79000846740051E-02 
 0,069432684165961 
 0,069432684165961 
 7,79000846740051E-02 
 7,79000846740051E-02 
 7,79000846740051E-02 
 7,70533446232007E-02 
 6,85859441151566E-02 
 6,85859441151566E-02 
 6,85859441151566E-02 
 6,85859441151566E-02 
 6,85859441151566E-02 
 6,01185436071126E-02 
 6,77392040643522E-02 
 6,77392040643522E-02 
 8,46740050804403E-02 
 9,31414055884843E-02 
 0,101608806096528 
 0,110076206604572 
 0,110076206604572 
 0,109229466553768 
 0,109229466553768 
 0,109229466553768 
 0,109229466553768 
 0,108382726502964 
 0,108382726502964 
 0,116850127011008 
 0,116850127011008 
 0,107535986452159 
 0,107535986452159 
 0,107535986452159 
 0,115156646909399 
 0,106689246401355 
 0,106689246401355 
 8,21337849280271E-02 
 8,21337849280271E-02 
 8,97544453852667E-02 
 8,97544453852667E-02 
 9,73751058425063E-02 
 8,12870448772227E-02 
 7,28196443691787E-02 
 8,04403048264183E-02 
 8,04403048264183E-02 
 8,89077053344623E-02 
 8,04403048264183E-02 
 8,80609652836579E-02 
 8,80609652836579E-02 
 8,80609652836579E-02 
 8,72142252328535E-02 
 8,72142252328535E-02 
 8,72142252328535E-02 
 8,63674851820491E-02 
 8,63674851820491E-02 
 7,87468247248095E-02 
 7,02794242167655E-02 
 7,79000846740051E-02 
 8,55207451312447E-02 
 8,55207451312447E-02 
 7,70533446232007E-02 
 0,069432684165961 
 0,069432684165961 
 9,99153259949196E-02 
 9,99153259949196E-02 
 9,90685859441152E-02 
 8,38272650296359E-02 
 9,90685859441152E-02 
 9,82218458933107E-02 
 9,82218458933107E-02 
 0,104995766299746 
 0,104995766299746 
 0,111769686706181 
 0,111769686706181 
 0,126164267569856 
 0,126164267569856 
 0,117696867061812 
 0,117696867061812 
 8,04403048264183E-02 
 8,80609652836579E-02 
 9,48348856900931E-02 
 0,101608806096528 
 8,63674851820491E-02 
 0,100762066045724 
 0,107535986452159 
 0,107535986452159 
 0,128704487722269 
 0,127857747671465 
 0,148179508890771 
 0,140558848433531 
 0,133784928027096 
 0,126164267569856 
 0,132091447925487 
 0,132091447925487 
 0,138018628281118 
 0,138018628281118 
 0,137171888230313 
 0,129551227773074 
 0,129551227773074 
 0,128704487722269 
 0,1346316680779 
 0,127857747671465 
 0,140558848433531 
 0,139712108382726 
 0,139712108382726 
 0,138865368331922 
 0,138018628281118 
 0,137171888230313 
 0,123624047417443 
 0,123624047417443 
 0,122777307366638 
 0,121930567315834 
 0,115156646909399 
 0,12701100762066 
 0,132938187976291 
 0,132091447925487 
 0,138018628281118 
 0,15580016934801 
 0,154953429297206 
 0,154953429297206 
 0,399661303979678 
 0,453005927180356 
 0,450465707027942 
 0,460626587637595 
 0,458086367485182 
 0,449618966977138 
 0,387806943268417 
 0,308213378492803 
 0,282811176968671 
 0,281117696867062 
 0,280270956816257 
 0,289585097375106 
 0,254022015241321 
 0,263336155800169 
 0,250635055038103 
 0,248941574936494 
 0,287044877222693 
 0,419983065198984 
 0,484335309060119 
 0,480948348856901 
 0,489415749364945 
 0,442845046570703 
 0,434377646062659 
 0,431837425910246 
 0,428450465707028 
 0,425910245554615 
 0,439458086367485 
 0,441151566469094 
 0,443691786621507 
 0,409822184589331 
 0,401354784081287 
 0,378492802709568 
 0,375952582557155 
 0,373412362404742 
 0,295512277730737 
 0,323454699407282 
 0,478408128704488 
 0,362404741744284 
 0,359864521591871 
 0,275190516511431 
 0,421676545300593 
 0,423370025402202 
 0,424216765453006 
 0,421676545300593 
 0,441151566469094 
 0,456392887383573 
 0,452159187129551 
 0,448772226926334 
 0,44030482641829 
 0,441151566469094 
 0,441998306519898 
 0,438611346316681 
 0,434377646062659 
 0,430990685859441 
 0,426756985605419 
 0,423370025402202 
 0,41913632514818 
 0,415749364944962 
 0,41151566469094 
 0,408128704487722 
 0,4038950042337 
 0,392040643522439 
 0,277730736663844 
 0,254868755292125 
 0,252328535139712 
 0,27688399661304 
 0,266723116003387 
 0,222692633361558 
 0,246401354784081 
 0,343776460626588 
 0,343776460626588 
 0,343776460626588 
 0,154106689246401 
 0,152413209144793 
 0,157493649449619 
 0,169348010160881 
 0,208298052497883 
 0,246401354784081 
 0,293818797629128 
 0,297205757832345 
 0,325994919559695 
 0,321761219305673 
 0,318374259102456 
 0,308213378492803 
 0,303979678238781 
 0,297205757832345 
 0,277730736663844 
 0,274343776460627 
 0,291278577476715 
 0,159187129551228 
 0,154106689246401 
 0,149872988992379 
 0,138865368331922 
 0,150719729043184 
 0,154106689246401 
 0,167654530059272 
 0,154953429297206 
 0,133784928027096 
 0,1346316680779 
 0,1346316680779 
 0,135478408128704 
 8,46740050804403E-02 
 8,55207451312447E-02 
 8,38272650296359E-02 
 8,29805249788315E-02 
 8,12870448772227E-02 
 8,21337849280271E-02 
 7,62066045723963E-02 
 7,70533446232007E-02 
 7,79000846740051E-02 
 7,02794242167655E-02 
 7,87468247248095E-02 
 8,89077053344623E-02 
 8,29805249788315E-02 
 8,89077053344623E-02 
 8,38272650296359E-02 
 6,35055038103302E-02 
 0,056731583403895 
 4,91109229466554E-02 
 4,91109229466554E-02 
 4,65707027942422E-02 
 4,57239627434378E-02 
 0,044030482641829 
 4,31837425910246E-02 
 0,044030482641829 
 4,23370025402202E-02 
 3,97967823878069E-02 
 3,72565622353937E-02 
 3,89500423370025E-02 
 3,30228619813717E-02 
 3,21761219305673E-02 
 3,30228619813717E-02 
 3,13293818797629E-02 
 2,87891617273497E-02 
 2,79424216765453E-02 
 2,62489415749365E-02 
 2,54022015241321E-02 
 2,62489415749365E-02 
 2,45554614733277E-02 
 2,37087214225233E-02 
 7,36663844199831E-02 
 6,85859441151566E-02 
 5,84250635055038E-02 
 6,68924640135478E-02 
 6,26587637595258E-02 
 4,65707027942422E-02 
 4,48772226926334E-02 
 4,31837425910246E-02 
 5,08044030482642E-02 
 0,048264182895851 
 0,056731583403895 
 5,41913632514818E-02 
 5,08044030482642E-02 
 4,57239627434378E-02 
 0,044030482641829 
 3,89500423370025E-02 
 3,38696020321761E-02 
 3,21761219305673E-02 
 2,96359017781541E-02 
 2,70956816257409E-02 
 2,45554614733277E-02 
 1,77815410668925E-02 
 2,37087214225233E-02 
 2,11685012701101E-02 
 1,86282811176969E-02 
 1,69348010160881E-02 
 1,52413209144793E-02 
 1,35478408128704E-02 
 1,18543607112616E-02 
 1,01608806096528E-02 
 8,46740050804403E-03 
 6,77392040643522E-03 
 5,92718035563082E-03 
 4,23370025402202E-03 
 3,38696020321761E-03 
 2,54022015241321E-03 
 1,69348010160881E-03 
 1,69348010160881E-03 
 8,46740050804403E-04 
 8,46740050804403E-04 
 0 
 0 
 0 
 0 
 0 
 0 
 0 
 0 
 0 
 0 
 0 
 0 
 0 
 0 
 0 
 0 
 0 
 0 
 0 
 0 
 0 
 0 
 0 
 0 
 0 
 0 
 0 
 0 
 0 
 0 
 0 
 0 
 0 
 0 
 0 
 0 
 0 
 0 
 0 
 0 
 0 
 0 
 0 
 0 
 0 
 0 
 0 
 0 
 0 
 0 
 0 
 0 
 0 
 0 
 0 
 0 
 0 
 0 
 0 
 0 
 0 
 0 
 0 
 0 
 0 
 0 
 0 
 0 
 0 
 0 
 0 
 0 
 0 
 0 
 0 
 0 
 0 
 0 
 0 
 0 
 0 
 0 
 0 
 0 
 0 
 0 
 0 
 0 
 0 
 0 
 0 
 0 
 0 
 0 
 0 
 0 
 0 
 0 
 0 
 0 
 0 
 0 
 0 
 0 
 0 
 0 
 0 
 0 
 0 
 0 
 0 
 0 
 0 
 0 
 0 
 0 
 0 
 0 
 0 
 0 
 0 
 0 
 0 
 0 
 0 
 0 
 0 
 0 
 0 
 0 
 0 
 0 
 0 
 0 
 0 
 0 
 0 
 0 
 0 
 0 
 0 
 0 
 0 
 0 
 0 
 0 
 0 
 0 
 0 
 0 
 0 
 0 
 0 
 0 
 0 
 0 
 0 
 0 
 0 
 0 
 0 
 0 
 0 
 0 
 0 
 0 
 0 
 0 
 0 
 0 
 0 
 0 
 0 
 0 
 0 
 0 
 0 
 0 
 0 
 0 
 0 
 0 
 0 
 0 
 0 
 0 
 0 
 0 
 0 
 0 
 0 
 0 
 0 
 0 
 0 
 0 
 0 
 0 
 0 
 0 
 0 
 0 
 0 
 0 
 0 
 0 
 0 
 0 
 0 
 0 
 0 
 0 
 0 
 0 
 0 
 0 
 0 
 0 
 0 
 0 
 0 
 0 
 0 
 0 
 0 
 0 
 0 
 0 
 0 
 0 
 0 
 0 
 0 
 0 
 0 
 0 
 0 
 0 
 0 
 0 
 0 
 0 
 0 
 0 
 0 
 0 
 0 
 0 
 0 
 0 
 0 
 0 
 0 
 0 
 0 
 0 
 0 
 0 
 0 
 0 
 0 
 0 
 0 
 0 
 0 
 0 
 0 
 0 
 0 
 0 
 0 
 0 
 0 
 0 
 0 
 0 
 0 
 0 
 0 
 0 
 0 
 0 
 0 
 0 
 0 
 0 
 0 
 0 
 0 
 0 
 0 
 0 
 0 
 0 
 0 
 0 
 0 
 0 
 0 
 0 
 0 
 0 
 0 
 0 
 0 
 0 
 0 
 0 
 0 
 0 
 0 
