 0 
 0 
 0 
 0 
 0 
 0 
 0 
 0 
 0 
 0 
 0 
 0 
 0 
 0 
 0 
 0 
 0 
 0 
 0 
 0 
 0 
 0 
 0 
 0 
 0 
 0 
 0 
 0 
 0 
 0 
 0 
 0 
 0 
 0 
 0 
 0 
 0 
 0 
 0 
 0 
 0 
 0 
 0 
 0 
 0 
 0 
 0 
 0 
 0 
 0 
 0 
 0 
 0 
 0 
 0 
 0 
 0 
 0 
 0 
 0 
 0 
 0 
 0 
 0 
 0 
 0 
 0 
 0 
 0 
 0 
 0 
 0 
 0 
 0 
 0 
 0 
 0 
 0 
 0 
 0 
 0 
 0 
 0 
 0 
 0 
 0 
 0 
 0 
 0 
 0 
 0 
 0 
 0 
 0 
 0 
 0 
 0 
 0 
 0 
 0 
 0 
 0 
 0 
 0 
 0 
 0 
 0 
 0 
 0 
 0 
 0 
 0 
 0 
 0 
 0 
 0 
 0 
 0 
 0 
 0 
 0 
 0 
 0 
 0 
 0 
 0 
 0 
 0 
 0 
 0 
 0 
 0 
 0 
 0 
 0 
 0 
 0 
 0 
 0 
 0 
 0 
 0 
 0 
 0 
 0 
 0 
 0 
 0 
 0 
 0 
 0 
 0 
 0 
 0 
 0 
 0 
 0 
 0 
 0 
 0 
 0 
 0 
 0 
 0 
 0 
 0 
 0 
 0 
 0 
 0 
 0 
 0 
 0 
 0 
 0 
 0 
 0 
 0 
 0 
 0 
 0 
 0 
 0 
 0 
 0 
 0 
 0 
 0 
 0 
 0 
 0 
 0 
 0 
 0 
 0 
 0 
 0 
 0 
 0 
 0 
 0 
 0 
 0 
 0 
 0 
 0 
 0 
 0 
 0 
 0 
 0 
 0 
 0 
 0 
 0 
 0 
 0 
 0 
 0 
 0 
 0 
 0 
 0 
 0 
 0 
 0 
 0 
 0 
 0 
 0 
 0 
 0 
 0 
 0 
 0 
 0 
 0 
 0 
 0 
 0 
 0 
 0 
 0 
 0 
 0 
 0 
 0 
 0 
 0 
 0 
 0 
 0 
 0 
 0 
 0 
 0 
 0 
 0 
 0 
 0 
 0 
 0 
 0 
 0 
 0 
 0 
 0 
 0 
 0 
 0 
 0 
 0 
 0 
 0 
 0 
 0 
 0 
 0 
 0 
 0 
 0 
 0 
 0 
 0 
 0 
 0 
 0 
 0 
 0 
 0 
 0 
 0 
 0 
 0 
 0 
 0 
 0 
 0 
 0 
 0 
 0 
 0 
 0 
 0 
 0 
 0 
 0 
 0 
 0 
 0 
 0 
 0 
 0 
 0 
 0 
 0 
 0 
 0 
 0 
 0 
 0 
 0 
 0 
 0 
 0 
 0 
 0 
 0 
 0 
 0 
 0 
 0 
 0 
 0 
 0 
 0 
 0 
 0 
 0 
 0 
 0 
 0 
 0 
 0 
 0 
 0 
 0 
 0 
 0 
 0 
 0 
 0 
 0 
 0 
 0 
 0 
 0 
 0 
 0 
 0 
 0 
 0 
 0 
 0 
 0 
 0 
 0 
 0 
 0 
 0 
 0 
 0 
 0 
 0 
 0 
 0 
 0 
 0 
 0 
 0 
 0 
 0 
 0 
 0 
 0 
 0 
 0 
 0 
 0 
 0 
 0 
 0 
 0 
 0 
 0 
 0 
 0 
 0 
 0 
 0 
 0 
 0 
 0 
 0 
 0 
 0 
 0 
 0 
 0 
 0 
 0 
 0 
 0 
 0 
 0 
 0 
 0 
 0 
 0 
 0 
 0 
 0 
 0 
 0 
 0 
 0 
 0 
 0 
 0 
 0 
 0 
 0 
 0 
 0 
 0 
 0 
 0 
 0 
 8,46740050804403E-04 
 8,46740050804403E-04 
 8,46740050804403E-04 
 8,46740050804403E-04 
 1,69348010160881E-03 
 1,69348010160881E-03 
 1,69348010160881E-03 
 2,54022015241321E-03 
 2,54022015241321E-03 
 2,54022015241321E-03 
 3,38696020321761E-03 
 3,38696020321761E-03 
 4,23370025402202E-03 
 4,23370025402202E-03 
 5,08044030482642E-03 
 5,92718035563082E-03 
 5,92718035563082E-03 
 5,92718035563082E-03 
 6,77392040643522E-03 
 7,62066045723963E-03 
 8,46740050804403E-03 
 9,31414055884843E-03 
 1,01608806096528E-02 
 0,012701100762066 
 1,35478408128704E-02 
 0,012701100762066 
 1,35478408128704E-02 
 1,43945808636749E-02 
 1,52413209144793E-02 
 1,43945808636749E-02 
 1,52413209144793E-02 
 1,52413209144793E-02 
 1,52413209144793E-02 
 1,60880609652837E-02 
 1,43945808636749E-02 
 1,60880609652837E-02 
 1,60880609652837E-02 
 1,43945808636749E-02 
 1,60880609652837E-02 
 0,012701100762066 
 1,43945808636749E-02 
 1,43945808636749E-02 
 1,60880609652837E-02 
 2,03217612193057E-02 
 1,94750211685013E-02 
 2,03217612193057E-02 
 2,37087214225233E-02 
 2,11685012701101E-02 
 2,20152413209145E-02 
 2,28619813717189E-02 
 2,45554614733277E-02 
 2,54022015241321E-02 
 2,62489415749365E-02 
 2,70956816257409E-02 
 2,45554614733277E-02 
 2,62489415749365E-02 
 2,54022015241321E-02 
 2,79424216765453E-02 
 3,04826418289585E-02 
 3,04826418289585E-02 
 2,96359017781541E-02 
 3,04826418289585E-02 
 3,30228619813717E-02 
 3,38696020321761E-02 
 4,23370025402202E-02 
 4,14902624894158E-02 
 3,97967823878069E-02 
 3,81033022861981E-02 
 4,14902624894158E-02 
 0,044030482641829 
 4,31837425910246E-02 
 4,31837425910246E-02 
 4,91109229466554E-02 
 4,99576629974598E-02 
 5,08044030482642E-02 
 5,41913632514818E-02 
 0,052497883149873 
 5,08044030482642E-02 
 0,056731583403895 
 6,26587637595258E-02 
 0,060965283657917 
 6,43522438611346E-02 
 6,26587637595258E-02 
 6,35055038103302E-02 
 0,065198983911939 
 6,85859441151566E-02 
 0,069432684165961 
 7,02794242167655E-02 
 6,85859441151566E-02 
 7,28196443691787E-02 
 7,02794242167655E-02 
 7,70533446232007E-02 
 6,85859441151566E-02 
 8,29805249788315E-02 
 9,31414055884843E-02 
 9,39881456392887E-02 
 8,55207451312447E-02 
 8,29805249788315E-02 
 8,46740050804403E-02 
 8,21337849280271E-02 
 8,29805249788315E-02 
 0,307366638441998 
 0,310753598645216 
 0,314140558848434 
 0,159187129551228 
 0,156646909398815 
 0,165961049957663 
 0,153259949195597 
 0,132091447925487 
 0,132938187976291 
 0,130397967823878 
 0,136325148179509 
 0,160880609652837 
 0,177815410668925 
 0,308213378492803 
 0,310753598645216 
 0,337849280270957 
 0,349703640982218 
 0,353090601185436 
 0,343776460626588 
 0,350550381033023 
 0,349703640982218 
 0,348856900931414 
 0,351397121083827 
 0,354784081287045 
 0,362404741744284 
 0,374259102455546 
 0,381879762912786 
 0,380186282811177 
 0,314987298899238 
 0,313293818797629 
 0,334462320067739 
 0,331922099915326 
 0,339542760372566 
 0,389500423370025 
 0,397121083827265 
 0,386113463166808 
 0,388653683319221 
 0,391193903471634 
 0,41913632514818 
 0,412362404741744 
 0,414902624894157 
 0,423370025402202 
 0,425910245554615 
 0,439458086367485 
 0,447925486875529 
 0,445385266723116 
 0,422523285351397 
 0,430143945808637 
 0,438611346316681 
 0,441151566469094 
 0,449618966977138 
 0,474174428450466 
 0,477561388653683 
 0,370872142252329 
 0,379339542760373 
 0,132938187976291 
 0,144792548687553 
 0,139712108382726 
 0,197290431837426 
 0,19813717188823 
 0,227773073666384 
 0,23454699407282 
 0,190516511430991 
 0,5385266723116 
 0,524132091447925 
 0,509737510584251 
 0,512277730736664 
 0,497883149872989 
 0,476714648602879 
 0,401354784081287 
 0,408975444538527 
 0,309060118543607 
 0,309906858594412 
 0,373412362404742 
 0,36917866215072 
 0,401354784081287 
 0,459779847586791 
 0,455546147332769 
 0,558001693480102 
 0,560541913632515 
 0,506350550381033 
 0,508890770533446 
 0,504657070279424 
 0,507197290431837 
 0,458086367485182 
 0,480101608806097 
 0,370872142252329 
 0,438611346316681 
 0,611346316680779 
 0,613886536833192 
 0,60965283657917 
 0,632514817950889 
 0,494496189669771 
 0,362404741744284 
 0,377646062658764 
 0,406435224386113 
 0,448772226926334 
 0,403048264182896 
 0,473327688399661 
 0,371718882303133 
 0,380186282811177 
 0,388653683319221 
 0,397121083827265 
 0,287044877222693 
 0,287891617273497 
 0,288738357324301 
 0,289585097375106 
 0,29805249788315 
 0,298899237933954 
 0,292972057578323 
 0,287044877222693 
 0,287891617273497 
 0,310753598645216 
 0,31922099915326 
 0,334462320067739 
 0,314140558848434 
 0,666384419983065 
 0,661303979678239 
 0,671464860287892 
 0,6731583403895 
 0,727349703640982 
 0,737510584250635 
 0,746824724809483 
 0,65198983911939 
 0,668924640135478 
 0,754445385266723 
 0,756138865368332 
 0,54614733276884 
 0,289585097375106 
 0,29043183742591 
 0,298899237933954 
 0,307366638441998 
 0,254022015241321 
 0,247248094834886 
 0,24809483488569 
 0,24809483488569 
 0,226079593564776 
 0,194750211685013 
 0,195596951735817 
 0,196443691786621 
 0,204911092294666 
 0,197290431837426 
 0,237087214225233 
 0,237933954276037 
 0,238780694326842 
 0,175275190516511 
 0,167654530059272 
 0,160033869602032 
 0,160880609652837 
 0,160880609652837 
 0,144792548687553 
 0,145639288738357 
 0,145639288738357 
 0,138018628281118 
 0,138018628281118 
 0,179508890770533 
 0,179508890770533 
 0,180355630821338 
 0,171888230313294 
 0,164267569856054 
 0,172734970364098 
 0,173581710414903 
 0,190516511430991 
 0,256562235393734 
 0,274343776460627 
 0,258255715495343 
 0,299745977984759 
 0,333615580016935 
 0,325994919559695 
 0,318374259102456 
 0,453005927180356 
 0,479254868755292 
 0,286198137171888 
 0,287044877222693 
 0,278577476714649 
 0,270956816257409 
 0,254022015241321 
 0,229466553767993 
 0,246401354784081 
 0,238780694326842 
 0,221845893310754 
 0,221845893310754 
 0,231160033869602 
 0,257408975444539 
 0,257408975444539 
 0,266723116003387 
 0,258255715495343 
 0,266723116003387 
 0,259102455546147 
 0,276037256562235 
 0,268416596104996 
 0,27688399661304 
 0,277730736663844 
 0,259949195596952 
 0,2692633361558 
 0,287044877222693 
 0,278577476714649 
 0,278577476714649 
 0,270110076206605 
 0,270956816257409 
 0,288738357324301 
 0,349703640982218 
 0,350550381033023 
 0,386113463166808 
 0,394580863674852 
 0,456392887383573 
 0,491955969517358 
 0,554614733276884 
 0,528365791701948 
 0,528365791701948 
 0,529212531752752 
 0,494496189669771 
 0,706181202370872 
 0,698560541913632 
 0,867061812023709 
 0,858594411515665 
 0,876375952582557 
 0,885690093141406 
 0,88653683319221 
 0,887383573243014 
 0,887383573243014 
 0,541913632514818 
 0,577476714648603 
 0,408975444538527 
 0,408975444538527 
 0,337849280270957 
 0,329381879762913 
 0,284504657070279 
 0,285351397121084 
 0,285351397121084 
 0,267569856054191 
 0,784081287044877 
 0,784928027095682 
 0,784928027095682 
 0,767146486028789 
 0,767146486028789 
 0,784928027095682 
 0,802709568162574 
 0,678238780694327 
 0,660457239627434 
 0,731583403895004 
 0,892464013547841 
 0,892464013547841 
 0,892464013547841 
 0,892464013547841 
 0,892464013547841 
 0,892464013547841 
 0,892464013547841 
 0,892464013547841 
 0,891617273497036 
 0,891617273497036 
 0,891617273497036 
 0,891617273497036 
 0,891617273497036 
 0,890770533446232 
 0,890770533446232 
 0,890770533446232 
 0,889923793395428 
 0,889923793395428 
 0,889923793395428 
 0,889077053344623 
 0,889077053344623 
 0,879762912785775 
 0,87891617273497 
 0,887383573243014 
 0,887383573243014 
 0,88653683319221 
 0,885690093141406 
 0,885690093141406 
 0,884843353090601 
 0,884843353090601 
 0,85774767146486 
 0,856900931414056 
 0,803556308213379 
 0,749364944961897 
 0,80186282811177 
 0,792548687552921 
 0,835732430143946 
 0,87891617273497 
 0,869602032176122 
 0,878069432684166 
 0,877222692633362 
 0,867061812023709 
 0,875529212531753 
 0,874682472480948 
 0,873835732430144 
 0,87298899237934 
 0,871295512277731 
 0,870448772226926 
 0,869602032176122 
 0,817104149026249 
 0,81541066892464 
 0,832345469940728 
 0,831498729889924 
 0,829805249788315 
 0,828958509737511 
 0,862828111769687 
 0,861134631668078 
 0,860287891617273 
 0,833192209991533 
 0,746824724809483 
 0,779847586790855 
 0,692633361558002 
 0,691786621507197 
 0,690939881456393 
 0,698560541913632 
 0,689246401354784 
 0,687552921253175 
 0,686706181202371 
 0,618120237087214 
 0,634208298052498 
 0,506350550381033 
 0,497036409822185 
 0,327688399661304 
 0,428450465707028 
 0,41913632514818 
 0,459779847586791 
 0,475867908552075 
 0,47502116850127 
 0,474174428450466 
 0,414902624894157 
 0,422523285351397 
 0,421676545300593 
 0,429297205757832 
 0,428450465707028 
 0,41151566469094 
 0,385266723116003 
 0,392887383573243 
 0,392040643522439 
 0,342082980524979 
 0,333615580016935 
 0,357324301439458 
 0,381033022861981 
 0,364098221845893 
 0,499576629974598 
 0,491109229466554 
 0,569856054191363 
 0,552921253175275 
 0,558848433530906 
 0,558001693480102 
 0,53259949195597 
 0,523285351397121 
 0,490262489415749 
 0,520745131244708 
 0,464013547840813 
 0,463166807790008 
 0,414902624894157 
 0,296359017781541 
 0,303979678238781 
 0,279424216765453 
 0,270956816257409 
 0,285351397121084 
 0,323454699407282 
 0,375952582557155 
 0,39034716342083 
 0,412362404741744 
 0,381033022861981 
 0,325994919559695 
 0,317527519051651 
 0,248941574936494 
 0,24047417442845 
 0,232853513971211 
 0,224386113463167 
 0,231160033869602 
 0,215071972904318 
 0,221845893310754 
 0,228619813717189 
 0,235393734123624 
 0,256562235393734 
 0,25571549534293 
 0,24047417442845 
 0,225232853513971 
 0,224386113463167 
 0,165961049957663 
 0,158340389500423 
 0,157493649449619 
 0,14225232853514 
 0,156646909398815 
 0,162574089754445 
 0,176121930567316 
 0,175275190516511 
 0,167654530059272 
 0,160033869602032 
 0,180355630821338 
 0,179508890770533 
 0,186282811176969 
 0,185436071126164 
 0,19813717188823 
 0,183742591024555 
 0,176121930567316 
 0,182049110922947 
 0,167654530059272 
 0,508890770533446 
 0,53259949195597 
 0,530906011854361 
 0,535139712108383 
 0,53259949195597 
 0,530059271803556 
 0,534292972057578 
 0,583403895004234 
 0,542760372565622 
 0,481795088907705 
 0,575783234546994 
 0,55376799322608 
 0,558001693480102 
 0,359017781541067 
 0,325994919559695 
 0,331075359864522 
 0,366638441998307 
 0,494496189669771 
 0,491955969517358 
 0,495342929720576 
 0,480948348856901 
 0,466553767993226 
 0,500423370025402 
 0,491109229466554 
 0,560541913632515 
 0,557154953429297 
 0,548687552921253 
 0,563082133784928 
 0,55969517358171 
 0,580016934801016 
 0,576629974597799 
 0,573243014394581 
 0,569856054191363 
 0,566469093988146 
 0,563082133784928 
 0,55969517358171 
 0,556308213378493 
 0,552921253175275 
 0,549534292972058 
 0,54614733276884 
 0,542760372565622 
 0,539373412362405 
 0,498729889923793 
 0,495342929720576 
 0,470787468247248 
 0,46740050804403 
 0,464860287891617 
 0,4614733276884 
 0,442845046570703 
 0,429297205757832 
 0,391193903471634 
 0,388653683319221 
 0,385266723116003 
 0,367485182049111 
 0,380186282811177 
 0,342929720575783 
 0,384419983065199 
 0,381033022861981 
 0,387806943268417 
 0,385266723116003 
 0,287891617273497 
 0,271803556308213 
 0,250635055038103 
 0,239627434377646 
 0,237933954276037 
 0,231160033869602 
 0,243014394580864 
 0,245554614733277 
 0,23454699407282 
 0,237087214225233 
 0,230313293818798 
 0,189669771380186 
 0,209144792548688 
 0,232853513971211 
 0,230313293818798 
 0,224386113463167 
 0,197290431837426 
 0,16342082980525 
 0,218458933107536 
 0,264182895850974 
 0,214225232853514 
 0,211685012701101 
 0,388653683319221 
 0,385266723116003 
 0,381033022861981 
 0,376799322607959 
 0,373412362404742 
 0,27688399661304 
 0,343776460626588 
 0,343776460626588 
 0,321761219305673 
 0,303979678238781 
 0,300592718035563 
 0,297205757832345 
 0,29043183742591 
 0,263336155800169 
 0,283657917019475 
 0,280270956816257 
 0,27688399661304 
 0,270956816257409 
 0,264182895850974 
 0,24809483488569 
 0,260795935647756 
 0,259949195596952 
 0,259949195596952 
 0,253175275190517 
 0,247248094834886 
 0,235393734123624 
 0,23454699407282 
 0,231160033869602 
 0,231160033869602 
 0,232853513971211 
 0,221845893310754 
 0,215918712955123 
 0,212531752751905 
 0,211685012701101 
 0,20575783234547 
 0,207451312447079 
 0,201524132091448 
 0,19813717188823 
 0,185436071126164 
 0,147332768839966 
 0,144792548687553 
 0,138018628281118 
 0,135478408128704 
 0,137171888230313 
 0,137171888230313 
 0,130397967823878 
 0,125317527519052 
 0,145639288738357 
 0,152413209144793 
 0,153259949195597 
 0,149872988992379 
 0,147332768839966 
 9,31414055884843E-02 
 5,33446232006774E-02 
 4,91109229466554E-02 
 4,91109229466554E-02 
 0,048264182895851 
 4,23370025402202E-02 
 4,14902624894158E-02 
 4,14902624894158E-02 
 4,23370025402202E-02 
 4,57239627434378E-02 
 4,31837425910246E-02 
 4,06435224386113E-02 
 3,81033022861981E-02 
 4,06435224386113E-02 
 3,97967823878069E-02 
 4,06435224386113E-02 
 8,55207451312447E-02 
 8,12870448772227E-02 
 6,43522438611346E-02 
 5,84250635055038E-02 
 5,75783234546994E-02 
 9,22946655376799E-02 
 8,21337849280271E-02 
 9,22946655376799E-02 
 8,97544453852667E-02 
 8,55207451312447E-02 
 8,29805249788315E-02 
 7,95935647756139E-02 
 7,62066045723963E-02 
 7,36663844199831E-02 
 2,28619813717189E-02 
 2,03217612193057E-02 
 1,86282811176969E-02 
 1,69348010160881E-02 
 1,60880609652837E-02 
 1,60880609652837E-02 
 1,43945808636749E-02 
 1,60880609652837E-02 
 1,52413209144793E-02 
 1,35478408128704E-02 
 0,012701100762066 
 1,18543607112616E-02 
 1,01608806096528E-02 
 9,31414055884843E-03 
 8,46740050804403E-03 
 7,62066045723963E-03 
 6,77392040643522E-03 
 5,92718035563082E-03 
 5,08044030482642E-03 
 4,23370025402202E-03 
 4,23370025402202E-03 
 4,23370025402202E-03 
 3,38696020321761E-03 
 2,54022015241321E-03 
 2,54022015241321E-03 
 1,69348010160881E-03 
 1,69348010160881E-03 
 1,69348010160881E-03 
 8,46740050804403E-04 
 8,46740050804403E-04 
 8,46740050804403E-04 
 8,46740050804403E-04 
 8,46740050804403E-04 
 0 
 0 
 0 
 0 
 0 
 0 
 0 
 0 
 0 
 0 
 0 
 0 
 0 
 0 
 0 
 0 
 0 
 0 
 0 
 0 
 0 
 0 
 0 
 0 
 0 
 0 
 0 
 0 
 0 
 0 
 0 
 0 
 0 
 0 
 0 
 0 
 0 
 0 
 0 
 0 
 0 
 0 
 0 
 0 
 0 
 0 
 0 
 0 
 0 
 0 
 0 
 0 
 0 
 0 
 0 
 0 
 0 
 0 
 0 
 0 
 0 
 0 
 0 
 0 
 0 
 0 
 0 
 0 
 0 
 0 
 0 
 0 
 0 
 0 
 0 
 0 
 0 
 0 
 0 
 0 
 0 
 0 
 0 
 0 
 0 
 0 
 0 
 0 
 0 
 0 
 0 
 0 
 0 
 0 
 0 
 0 
 0 
 0 
 0 
 0 
 0 
 0 
 0 
 0 
 0 
 0 
 0 
 0 
 0 
 0 
 0 
 0 
 0 
 0 
 0 
 0 
 0 
 0 
 0 
 0 
 0 
 0 
 0 
 0 
 0 
 0 
 0 
 0 
 0 
 0 
 0 
 0 
 0 
 0 
 0 
 0 
 0 
 0 
 0 
 0 
 0 
 0 
 0 
 0 
 0 
 0 
 0 
 0 
 0 
 0 
 0 
 0 
 0 
 0 
 0 
 0 
 0 
 0 
 0 
 0 
 0 
 0 
 0 
 0 
 0 
 0 
 0 
 0 
 0 
 0 
 0 
 0 
 0 
 0 
 0 
 0 
 0 
 0 
 0 
 0 
 0 
 0 
 0 
 0 
 0 
 0 
 0 
 0 
 0 
 0 
 0 
 0 
 0 
 0 
 0 
 0 
 0 
 0 
 0 
 0 
 0 
 0 
 0 
 0 
 0 
 0 
 0 
 0 
 0 
 0 
 0 
 0 
 0 
 0 
 0 
 0 
 0 
 0 
 0 
 0 
 0 
 0 
 0 
 0 
 0 
 0 
 0 
 0 
 0 
 0 
 0 
 0 
 0 
 0 
 0 
 0 
 0 
 0 
 0 
 0 
 0 
 0 
 0 
 0 
 0 
 0 
 0 
 0 
 0 
 0 
 0 
 0 
 0 
 0 
 0 
 0 
 0 
 0 
 0 
 0 
 0 
 0 
 0 
 0 
 0 
 0 
 0 
 0 
 0 
 0 
 0 
 0 
 0 
 0 
 0 
 0 
 0 
 0 
 0 
 0 
 0 
 0 
 0 
 0 
 0 
 0 
 0 
 0 
 0 
 0 
 0 
 0 
 0 
 0 
 0 
 0 
 0 
 0 
 0 
 0 
 0 
 0 
 0 
 0 
 0 
 0 
 0 
 0 
 0 
 0 
 0 
 0 
