 0 
 0 
 0 
 0 
 0 
 0 
 0 
 0 
 0 
 0 
 0 
 0 
 0 
 0 
 0 
 0 
 0 
 0 
 0 
 0 
 0 
 0 
 0 
 0 
 0 
 0 
 0 
 0 
 0 
 0 
 0 
 0 
 0 
 0 
 0 
 0 
 0 
 0 
 0 
 0 
 0 
 0 
 0 
 0 
 0 
 0 
 0 
 0 
 0 
 0 
 0 
 0 
 0 
 0 
 0 
 0 
 0 
 0 
 0 
 0 
 0 
 0 
 0 
 0 
 0 
 0 
 0 
 0 
 0 
 0 
 0 
 0 
 0 
 0 
 0 
 0 
 0 
 0 
 0 
 0 
 0 
 0 
 0 
 0 
 0 
 0 
 0 
 0 
 0 
 0 
 0 
 0 
 0 
 0 
 0 
 0 
 0 
 0 
 0 
 0 
 0 
 0 
 0 
 0 
 0 
 0 
 0 
 0 
 0 
 0 
 0 
 0 
 0 
 0 
 0 
 0 
 0 
 0 
 0 
 0 
 0 
 0 
 0 
 0 
 0 
 0 
 0 
 0 
 0 
 0 
 0 
 0 
 0 
 0 
 0 
 0 
 0 
 0 
 0 
 0 
 0 
 0 
 0 
 0 
 0 
 0 
 0 
 0 
 0 
 0 
 0 
 0 
 0 
 0 
 0 
 0 
 0 
 0 
 0 
 0 
 0 
 0 
 0 
 0 
 0 
 0 
 0 
 0 
 0 
 0 
 0 
 0 
 0 
 0 
 0 
 0 
 0 
 0 
 0 
 0 
 0 
 0 
 0 
 0 
 0 
 0 
 0 
 0 
 0 
 0 
 0 
 0 
 0 
 0 
 0 
 0 
 0 
 0 
 0 
 0 
 0 
 0 
 0 
 0 
 0 
 0 
 0 
 0 
 0 
 0 
 0 
 0 
 0 
 0 
 0 
 0 
 0 
 0 
 0 
 0 
 0 
 0 
 0 
 0 
 0 
 0 
 0 
 0 
 0 
 0 
 0 
 0 
 0 
 0 
 0 
 0 
 0 
 0 
 0 
 0 
 0 
 0 
 0 
 0 
 0 
 0 
 0 
 0 
 0 
 0 
 0 
 0 
 0 
 0 
 0 
 0 
 0 
 0 
 0 
 0 
 0 
 0 
 0 
 0 
 0 
 0 
 0 
 0 
 0 
 0 
 0 
 0 
 0 
 0 
 0 
 0 
 0 
 0 
 0 
 0 
 0 
 0 
 0 
 0 
 0 
 0 
 0 
 0 
 0 
 0 
 0 
 0 
 0 
 0 
 0 
 0 
 0 
 0 
 0 
 0 
 0 
 0 
 0 
 0 
 0 
 0 
 0 
 0 
 0 
 0 
 0 
 0 
 0 
 0 
 0 
 0 
 0 
 0 
 0 
 0 
 0 
 0 
 0 
 0 
 0 
 0 
 0 
 0 
 0 
 0 
 0 
 0 
 0 
 0 
 0 
 0 
 0 
 0 
 0 
 0 
 0 
 0 
 0 
 0 
 0 
 0 
 0 
 0 
 0 
 0 
 0 
 0 
 0 
 0 
 0 
 0 
 0 
 0 
 0 
 0 
 0 
 0 
 0 
 0 
 0 
 0 
 0 
 0 
 0 
 0 
 0 
 0 
 0 
 0 
 0 
 0 
 0 
 0 
 0 
 0 
 0 
 0 
 0 
 0 
 0 
 0 
 0 
 0 
 0 
 0 
 0 
 0 
 0 
 0 
 0 
 0 
 0 
 0 
 0 
 0 
 0 
 0 
 0 
 0 
 0 
 0 
 0 
 0 
 0 
 0 
 0 
 0 
 0 
 0 
 0 
 0 
 0 
 0 
 0 
 0 
 0 
 0 
 0 
 0 
 0 
 0 
 0 
 0 
 0 
 0 
 0 
 0 
 0 
 0 
 0 
 0 
 0 
 0 
 0 
 0 
 0 
 8,46740050804403E-04 
 8,46740050804403E-04 
 8,46740050804403E-04 
 8,46740050804403E-04 
 8,46740050804403E-04 
 8,46740050804403E-04 
 8,46740050804403E-04 
 1,69348010160881E-03 
 1,69348010160881E-03 
 1,69348010160881E-03 
 1,69348010160881E-03 
 1,69348010160881E-03 
 2,54022015241321E-03 
 3,38696020321761E-03 
 2,54022015241321E-03 
 2,54022015241321E-03 
 3,38696020321761E-03 
 3,38696020321761E-03 
 4,23370025402202E-03 
 4,23370025402202E-03 
 4,23370025402202E-03 
 5,08044030482642E-03 
 5,08044030482642E-03 
 5,08044030482642E-03 
 5,92718035563082E-03 
 6,77392040643522E-03 
 5,92718035563082E-03 
 6,77392040643522E-03 
 1,18543607112616E-02 
 1,10076206604572E-02 
 1,18543607112616E-02 
 1,35478408128704E-02 
 1,35478408128704E-02 
 1,43945808636749E-02 
 1,35478408128704E-02 
 1,35478408128704E-02 
 1,35478408128704E-02 
 1,43945808636749E-02 
 1,60880609652837E-02 
 1,52413209144793E-02 
 1,52413209144793E-02 
 1,86282811176969E-02 
 1,94750211685013E-02 
 1,86282811176969E-02 
 1,77815410668925E-02 
 1,94750211685013E-02 
 2,03217612193057E-02 
 2,03217612193057E-02 
 2,11685012701101E-02 
 2,45554614733277E-02 
 2,54022015241321E-02 
 2,70956816257409E-02 
 2,96359017781541E-02 
 3,21761219305673E-02 
 3,30228619813717E-02 
 3,21761219305673E-02 
 3,04826418289585E-02 
 2,96359017781541E-02 
 2,62489415749365E-02 
 3,13293818797629E-02 
 3,55630821337849E-02 
 3,21761219305673E-02 
 3,30228619813717E-02 
 3,55630821337849E-02 
 4,06435224386113E-02 
 4,57239627434378E-02 
 5,08044030482642E-02 
 5,41913632514818E-02 
 5,75783234546994E-02 
 5,84250635055038E-02 
 4,74174428450466E-02 
 4,31837425910246E-02 
 0,044030482641829 
 4,74174428450466E-02 
 5,08044030482642E-02 
 4,91109229466554E-02 
 4,99576629974598E-02 
 4,74174428450466E-02 
 5,92718035563082E-02 
 7,11261642675699E-02 
 8,04403048264183E-02 
 7,87468247248095E-02 
 7,95935647756139E-02 
 0,069432684165961 
 7,36663844199831E-02 
 7,45131244707875E-02 
 7,28196443691787E-02 
 6,43522438611346E-02 
 5,58848433530906E-02 
 0,056731583403895 
 5,75783234546994E-02 
 5,75783234546994E-02 
 5,50381033022862E-02 
 5,58848433530906E-02 
 5,33446232006774E-02 
 5,41913632514818E-02 
 0,065198983911939 
 0,065198983911939 
 6,60457239627434E-02 
 7,45131244707875E-02 
 7,87468247248095E-02 
 7,62066045723963E-02 
 7,70533446232007E-02 
 7,70533446232007E-02 
 7,45131244707875E-02 
 9,06011854360711E-02 
 9,90685859441152E-02 
 0,107535986452159 
 0,112616426756986 
 0,10584250635055 
 0,106689246401355 
 0,108382726502964 
 0,12108382726503 
 0,118543607112616 
 0,110922946655377 
 0,111769686706181 
 0,11346316680779 
 0,186282811176969 
 0,183742591024555 
 0,180355630821338 
 0,23454699407282 
 0,245554614733277 
 0,251481795088908 
 0,271803556308213 
 0,2692633361558 
 0,316680779000847 
 0,305673158340389 
 0,271803556308213 
 0,306519898391194 
 0,266723116003387 
 0,277730736663844 
 0,318374259102456 
 0,368331922099915 
 0,371718882303133 
 0,344623200677392 
 0,323454699407282 
 0,325148179508891 
 0,258255715495343 
 0,24047417442845 
 0,252328535139712 
 0,243861134631668 
 0,21930567315834 
 0,220999153259949 
 0,217612193056732 
 0,260795935647756 
 0,262489415749365 
 0,470787468247248 
 0,468247248094835 
 0,471634208298052 
 0,469093988145639 
 0,542760372565622 
 0,54614733276884 
 0,549534292972058 
 0,552921253175275 
 0,556308213378493 
 0,55969517358171 
 0,563082133784928 
 0,566469093988146 
 0,569009314140559 
 0,572396274343776 
 0,575783234546994 
 0,579170194750212 
 0,582557154953429 
 0,585944115156647 
 0,589331075359865 
 0,521591871295512 
 0,518204911092295 
 0,520745131244708 
 0,602032176121931 
 0,605419136325148 
 0,608806096528366 
 0,586790855207451 
 0,5961049957663 
 0,592718035563082 
 0,602032176121931 
 0,518204911092295 
 0,513971210838273 
 0,516511430990686 
 0,531752751905165 
 0,534292972057578 
 0,543607112616427 
 0,565622353937341 
 0,535986452159187 
 0,512277730736664 
 0,514817950889077 
 0,516511430990686 
 0,519051651143099 
 0,501270110076207 
 0,397967823878069 
 0,372565622353937 
 0,367485182049111 
 0,348856900931414 
 0,343776460626588 
 0,318374259102456 
 0,278577476714649 
 0,252328535139712 
 0,254022015241321 
 0,254868755292125 
 0,248941574936494 
 0,236240474174428 
 0,202370872142252 
 0,202370872142252 
 0,203217612193057 
 0,218458933107536 
 0,19813717188823 
 0,191363251481795 
 0,192209991532599 
 0,193056731583404 
 0,193903471634208 
 0,209144792548688 
 0,209991532599492 
 0,166807790008467 
 0,167654530059272 
 0,197290431837426 
 0,182895850973751 
 0,191363251481795 
 0,125317527519052 
 0,140558848433531 
 0,141405588484335 
 0,141405588484335 
 0,1346316680779 
 0,14225232853514 
 0,150719729043184 
 0,150719729043184 
 0,204064352243861 
 0,197290431837426 
 0,20575783234547 
 0,20575783234547 
 0,176121930567316 
 0,168501270110076 
 0,154106689246401 
 0,154106689246401 
 0,139712108382726 
 0,132091447925487 
 0,132091447925487 
 0,124470787468247 
 0,117696867061812 
 0,125317527519052 
 0,117696867061812 
 0,126164267569856 
 0,1346316680779 
 0,143099068585944 
 0,135478408128704 
 0,143099068585944 
 0,135478408128704 
 0,143945808636749 
 0,120237087214225 
 0,136325148179509 
 0,128704487722269 
 0,129551227773074 
 0,12108382726503 
 0,121930567315834 
 0,11346316680779 
 0,114309906858594 
 0,10584250635055 
 0,106689246401355 
 0,131244707874682 
 0,123624047417443 
 0,123624047417443 
 0,132091447925487 
 0,123624047417443 
 0,124470787468247 
 0,132938187976291 
 0,124470787468247 
 0,125317527519052 
 0,108382726502964 
 0,108382726502964 
 0,117696867061812 
 0,109229466553768 
 0,109229466553768 
 0,117696867061812 
 0,117696867061812 
 0,12701100762066 
 0,143945808636749 
 0,160880609652837 
 0,143945808636749 
 0,127857747671465 
 0,136325148179509 
 0,153259949195597 
 0,144792548687553 
 0,145639288738357 
 0,162574089754445 
 0,154106689246401 
 0,171888230313294 
 0,180355630821338 
 0,171888230313294 
 0,164267569856054 
 0,172734970364098 
 0,181202370872142 
 0,172734970364098 
 0,182049110922947 
 0,208298052497883 
 0,216765453005927 
 0,199830651989839 
 0,209144792548688 
 0,209144792548688 
 0,218458933107536 
 0,236240474174428 
 0,22692633361558 
 0,218458933107536 
 0,21930567315834 
 0,227773073666384 
 0,227773073666384 
 0,228619813717189 
 0,237087214225233 
 0,237933954276037 
 0,228619813717189 
 0,237933954276037 
 0,264182895850974 
 0,379339542760373 
 0,344623200677392 
 0,653683319220999 
 0,583403895004234 
 0,504657070279424 
 0,663844199830652 
 0,726502963590178 
 0,735817104149026 
 0,735817104149026 
 0,790008467400508 
 0,790008467400508 
 0,799322607959357 
 0,800169348010161 
 0,809483488569009 
 0,551227773073666 
 0,587637595258256 
 0,729889923793395 
 0,845893310753599 
 0,837425910245555 
 0,641828958509738 
 0,606265876375953 
 0,222692633361558 
 0,204911092294666 
 0,204911092294666 
 0,214225232853514 
 0,204911092294666 
 0,196443691786621 
 0,187129551227773 
 0,204911092294666 
 0,232006773920406 
 0,249788314987299 
 0,249788314987299 
 0,267569856054191 
 0,27688399661304 
 0,312447078746825 
 0,330228619813717 
 0,51735817104149 
 0,491109229466554 
 0,490262489415749 
 0,481795088907705 
 0,499576629974598 
 0,490262489415749 
 0,463166807790008 
 0,463166807790008 
 0,463166807790008 
 0,489415749364945 
 0,445385266723116 
 0,38272650296359 
 0,551227773073666 
 0,569009314140559 
 0,408975444538527 
 0,328535139712108 
 0,310753598645216 
 0,31922099915326 
 0,328535139712108 
 0,283657917019475 
 0,283657917019475 
 0,274343776460627 
 0,300592718035563 
 0,300592718035563 
 0,274343776460627 
 0,273497036409822 
 0,273497036409822 
 0,237933954276037 
 0,246401354784081 
 0,25571549534293 
 0,254868755292125 
 0,264182895850974 
 0,245554614733277 
 0,254868755292125 
 0,263336155800169 
 0,262489415749365 
 0,341236240474174 
 0,358171041490262 
 0,349703640982218 
 0,322607959356478 
 0,322607959356478 
 0,322607959356478 
 0,313293818797629 
 0,321761219305673 
 0,320914479254869 
 0,364098221845893 
 0,346316680779001 
 0,285351397121084 
 0,276037256562235 
 0,63844199830652 
 0,662997459779848 
 0,68839966130398 
 0,687552921253175 
 0,292125317527519 
 0,282811176968671 
 0,308213378492803 
 0,342082980524979 
 0,349703640982218 
 0,348856900931414 
 0,331922099915326 
 0,331075359864522 
 0,331075359864522 
 0,321761219305673 
 0,320914479254869 
 0,320914479254869 
 0,303132938187976 
 0,303132938187976 
 0,310753598645216 
 0,318374259102456 
 0,309906858594412 
 0,309060118543607 
 0,292125317527519 
 0,291278577476715 
 0,298899237933954 
 0,29805249788315 
 0,29805249788315 
 0,396274343776461 
 0,510584250635055 
 0,476714648602879 
 0,46740050804403 
 0,466553767993226 
 0,465707027942422 
 0,473327688399661 
 0,536833192209991 
 0,414055884843353 
 0,404741744284505 
 0,469093988145639 
 0,685012701100762 
 0,394580863674852 
 0,585944115156647 
 0,544453852667231 
 0,734970364098222 
 0,44623200677392 
 0,325994919559695 
 0,341236240474174 
 0,316680779000847 
 0,323454699407282 
 0,298899237933954 
 0,235393734123624 
 0,22692633361558 
 0,265876375952583 
 0,241320914479255 
 0,279424216765453 
 0,263336155800169 
 0,254868755292125 
 0,285351397121084 
 0,292125317527519 
 0,276037256562235 
 0,275190516511431 
 0,304826418289585 
 0,318374259102456 
 0,325148179508891 
 0,324301439458086 
 0,338696020321761 
 0,299745977984759 
 0,209144792548688 
 0,208298052497883 
 0,208298052497883 
 0,199830651989839 
 0,18458933107536 
 0,176121930567316 
 0,168501270110076 
 0,167654530059272 
 0,160033869602032 
 0,152413209144793 
 0,159187129551228 
 0,158340389500423 
 0,158340389500423 
 0,157493649449619 
 0,149872988992379 
 0,14225232853514 
 0,148179508890771 
 0,140558848433531 
 0,133784928027096 
 0,132938187976291 
 0,132091447925487 
 0,132091447925487 
 0,138018628281118 
 0,151566469093988 
 0,164267569856054 
 0,164267569856054 
 0,183742591024555 
 0,176121930567316 
 0,161727349703641 
 0,228619813717189 
 0,227773073666384 
 0,220152413209145 
 0,212531752751905 
 0,244707874682472 
 0,256562235393734 
 0,268416596104996 
 0,273497036409822 
 0,272650296359018 
 0,529212531752752 
 0,526672311600339 
 0,537679932260796 
 0,535139712108383 
 0,53259949195597 
 0,56731583403895 
 0,564775613886537 
 0,605419136325148 
 0,546994072819644 
 0,531752751905165 
 0,522438611346317 
 0,519898391193903 
 0,371718882303133 
 0,36917866215072 
 0,331075359864522 
 0,57493649449619 
 0,488569009314141 
 0,486028789161727 
 0,483488569009314 
 0,57493649449619 
 0,541913632514818 
 0,533446232006774 
 0,484335309060119 
 0,498729889923793 
 0,495342929720576 
 0,486875529212532 
 0,484335309060119 
 0,486875529212532 
 0,456392887383573 
 0,442845046570703 
 0,412362404741744 
 0,392887383573243 
 0,537679932260796 
 0,539373412362405 
 0,535986452159187 
 0,53259949195597 
 0,529212531752752 
 0,525825571549534 
 0,521591871295512 
 0,518204911092295 
 0,514817950889077 
 0,439458086367485 
 0,452159187129551 
 0,448772226926334 
 0,445385266723116 
 0,442845046570703 
 0,335309060118544 
 0,337849280270957 
 0,335309060118544 
 0,443691786621507 
 0,445385266723116 
 0,441998306519898 
 0,447925486875529 
 0,444538526672312 
 0,422523285351397 
 0,451312447078747 
 0,443691786621507 
 0,385266723116003 
 0,381879762912786 
 0,370025402201524 
 0,371718882303133 
 0,381033022861981 
 0,386960203217612 
 0,383573243014395 
 0,388653683319221 
 0,249788314987299 
 0,176121930567316 
 0,158340389500423 
 0,136325148179509 
 0,1346316680779 
 0,133784928027096 
 0,127857747671465 
 0,118543607112616 
 0,117696867061812 
 0,112616426756986 
 0,111769686706181 
 0,126164267569856 
 0,12108382726503 
 0,119390347163421 
 0,103302286198137 
 0,102455546147333 
 0,104995766299746 
 0,107535986452159 
 0,102455546147333 
 9,06011854360711E-02 
 8,63674851820491E-02 
 8,89077053344623E-02 
 9,82218458933107E-02 
 9,65283657917019E-02 
 9,90685859441152E-02 
 9,48348856900931E-02 
 9,65283657917019E-02 
 0,114309906858594 
 0,11346316680779 
 0,108382726502964 
 9,82218458933107E-02 
 9,39881456392887E-02 
 0,11346316680779 
 0,109229466553768 
 9,56816257408975E-02 
 9,14479254868755E-02 
 9,06011854360711E-02 
 9,48348856900931E-02 
 9,56816257408975E-02 
 9,48348856900931E-02 
 7,95935647756139E-02 
 7,62066045723963E-02 
 7,19729043183743E-02 
 6,85859441151566E-02 
 6,26587637595258E-02 
 6,43522438611346E-02 
 5,84250635055038E-02 
 6,18120237087214E-02 
 6,35055038103302E-02 
 6,18120237087214E-02 
 0,060965283657917 
 0,182049110922947 
 0,171888230313294 
 0,162574089754445 
 0,159187129551228 
 5,75783234546994E-02 
 5,41913632514818E-02 
 5,50381033022862E-02 
 0,052497883149873 
 5,33446232006774E-02 
 0,052497883149873 
 0,052497883149873 
 5,33446232006774E-02 
 5,41913632514818E-02 
 0,052497883149873 
 5,33446232006774E-02 
 4,99576629974598E-02 
 4,74174428450466E-02 
 4,48772226926334E-02 
 4,48772226926334E-02 
 4,57239627434378E-02 
 0,044030482641829 
 4,31837425910246E-02 
 4,99576629974598E-02 
 0,048264182895851 
 6,26587637595258E-02 
 6,18120237087214E-02 
 0,056731583403895 
 5,58848433530906E-02 
 5,16511430990686E-02 
 3,81033022861981E-02 
 3,64098221845893E-02 
 3,64098221845893E-02 
 3,72565622353937E-02 
 3,64098221845893E-02 
 3,81033022861981E-02 
 3,81033022861981E-02 
 3,47163420829805E-02 
 3,47163420829805E-02 
 3,89500423370025E-02 
 3,64098221845893E-02 
 3,38696020321761E-02 
 3,13293818797629E-02 
 3,04826418289585E-02 
 2,37087214225233E-02 
 2,03217612193057E-02 
 4,14902624894158E-02 
 5,08044030482642E-02 
 4,74174428450466E-02 
 0,044030482641829 
 4,06435224386113E-02 
 3,89500423370025E-02 
 3,47163420829805E-02 
 3,13293818797629E-02 
 2,87891617273497E-02 
 2,54022015241321E-02 
 2,28619813717189E-02 
 2,20152413209145E-02 
 1,94750211685013E-02 
 1,77815410668925E-02 
 1,52413209144793E-02 
 0,012701100762066 
 1,18543607112616E-02 
 1,10076206604572E-02 
 9,31414055884843E-03 
 7,62066045723963E-03 
 6,77392040643522E-03 
 5,08044030482642E-03 
 4,23370025402202E-03 
 3,38696020321761E-03 
 2,54022015241321E-03 
 1,69348010160881E-03 
 1,69348010160881E-03 
 8,46740050804403E-04 
 8,46740050804403E-04 
 0 
 0 
 0 
 0 
 0 
 0 
 0 
 0 
 0 
 0 
 0 
 0 
 0 
 0 
 0 
 0 
 0 
 0 
 0 
 0 
 0 
 0 
 0 
 0 
 0 
 0 
 0 
 0 
 0 
 0 
 0 
 0 
 0 
 0 
 0 
 0 
 0 
 0 
 0 
 0 
 0 
 0 
 0 
 0 
 0 
 0 
 0 
 0 
 0 
 0 
 0 
 0 
 0 
 0 
 0 
 0 
 0 
 0 
 0 
 0 
 0 
 0 
 0 
 0 
 0 
 0 
 0 
 0 
 0 
 0 
 0 
 0 
 0 
 0 
 0 
 0 
 0 
 0 
 0 
 0 
 0 
 0 
 0 
 0 
 0 
 0 
 0 
 0 
 0 
 0 
 0 
 0 
 0 
 0 
 0 
 0 
 0 
 0 
 0 
 0 
 0 
 0 
 0 
 0 
 0 
 0 
 0 
 0 
 0 
 0 
 0 
 0 
 0 
 0 
 0 
 0 
 0 
 0 
 0 
 0 
 0 
 0 
 0 
 0 
 0 
 0 
 0 
 0 
 0 
 0 
 0 
 0 
 0 
 0 
 0 
 0 
 0 
 0 
 0 
 0 
 0 
 0 
 0 
 0 
 0 
 0 
 0 
 0 
 0 
 0 
 0 
 0 
 0 
 0 
 0 
 0 
 0 
 0 
 0 
 0 
 0 
 0 
 0 
 0 
 0 
 0 
 0 
 0 
 0 
 0 
 0 
 0 
 0 
 0 
 0 
 0 
 0 
 0 
 0 
 0 
 0 
 0 
 0 
 0 
 0 
 0 
 0 
 0 
 0 
 0 
 0 
 0 
 0 
 0 
 0 
 0 
 0 
 0 
 0 
 0 
 0 
 0 
 0 
 0 
 0 
 0 
 0 
 0 
 0 
 0 
 0 
 0 
 0 
 0 
 0 
 0 
 0 
 0 
 0 
 0 
 0 
 0 
 0 
 0 
 0 
 0 
 0 
 0 
 0 
 0 
 0 
 0 
 0 
 0 
 0 
 0 
 0 
 0 
 0 
 0 
 0 
 0 
 0 
 0 
 0 
 0 
 0 
 0 
 0 
 0 
 0 
 0 
 0 
 0 
 0 
 0 
 0 
 0 
 0 
 0 
 0 
 0 
 0 
 0 
 0 
 0 
 0 
 0 
 0 
 0 
 0 
 0 
 0 
 0 
 0 
 0 
 0 
 0 
 0 
 0 
 0 
 0 
 0 
 0 
 0 
 0 
 0 
 0 
 0 
 0 
 0 
 0 
 0 
 0 
 0 
 0 
 0 
 0 
 0 
 0 
 0 
 0 
 0 
 0 
 0 
 0 
 0 
 0 
 0 
 0 
 0 
