 0 
 0 
 0 
 0 
 0 
 0 
 0 
 0 
 0 
 0 
 0 
 0 
 0 
 0 
 0 
 0 
 0 
 0 
 0 
 0 
 0 
 0 
 0 
 0 
 0 
 0 
 0 
 0 
 0 
 0 
 0 
 0 
 0 
 0 
 0 
 0 
 0 
 0 
 0 
 0 
 0 
 0 
 0 
 0 
 0 
 0 
 0 
 0 
 0 
 0 
 0 
 0 
 0 
 0 
 0 
 0 
 0 
 0 
 0 
 0 
 0 
 0 
 0 
 0 
 0 
 0 
 0 
 0 
 0 
 0 
 0 
 0 
 0 
 0 
 0 
 0 
 0 
 0 
 0 
 0 
 0 
 0 
 0 
 0 
 0 
 0 
 0 
 0 
 0 
 0 
 0 
 0 
 0 
 0 
 0 
 0 
 0 
 0 
 0 
 0 
 0 
 0 
 0 
 0 
 0 
 0 
 0 
 0 
 0 
 0 
 0 
 0 
 0 
 0 
 0 
 0 
 0 
 0 
 0 
 0 
 0 
 0 
 0 
 0 
 0 
 0 
 0 
 0 
 0 
 0 
 0 
 0 
 0 
 0 
 0 
 0 
 0 
 0 
 0 
 0 
 0 
 0 
 0 
 0 
 0 
 0 
 0 
 0 
 0 
 0 
 0 
 0 
 0 
 0 
 0 
 0 
 0 
 0 
 0 
 0 
 0 
 0 
 0 
 0 
 0 
 0 
 0 
 0 
 0 
 0 
 0 
 0 
 0 
 0 
 0 
 0 
 0 
 0 
 0 
 0 
 0 
 0 
 0 
 0 
 0 
 0 
 0 
 0 
 0 
 0 
 0 
 0 
 0 
 0 
 0 
 0 
 0 
 0 
 0 
 0 
 0 
 0 
 0 
 0 
 0 
 0 
 0 
 0 
 0 
 0 
 0 
 0 
 0 
 0 
 0 
 0 
 0 
 0 
 0 
 0 
 0 
 0 
 0 
 0 
 0 
 0 
 0 
 0 
 0 
 0 
 0 
 0 
 0 
 0 
 0 
 0 
 0 
 0 
 0 
 0 
 0 
 0 
 0 
 0 
 0 
 0 
 0 
 0 
 0 
 0 
 0 
 0 
 0 
 0 
 0 
 0 
 0 
 0 
 0 
 0 
 0 
 0 
 0 
 0 
 0 
 0 
 0 
 0 
 0 
 0 
 0 
 0 
 0 
 0 
 0 
 0 
 0 
 0 
 0 
 0 
 0 
 0 
 0 
 0 
 0 
 0 
 0 
 0 
 0 
 0 
 0 
 0 
 0 
 0 
 0 
 0 
 0 
 0 
 0 
 0 
 0 
 0 
 0 
 0 
 0 
 0 
 0 
 0 
 0 
 0 
 0 
 0 
 0 
 0 
 0 
 0 
 0 
 0 
 0 
 0 
 0 
 0 
 0 
 0 
 0 
 0 
 0 
 0 
 0 
 0 
 0 
 0 
 0 
 0 
 0 
 0 
 0 
 0 
 0 
 0 
 0 
 0 
 0 
 0 
 0 
 0 
 0 
 0 
 0 
 0 
 0 
 0 
 0 
 0 
 0 
 0 
 0 
 0 
 0 
 0 
 0 
 0 
 0 
 0 
 0 
 0 
 0 
 0 
 0 
 0 
 0 
 0 
 0 
 0 
 0 
 0 
 0 
 0 
 0 
 0 
 0 
 0 
 0 
 0 
 0 
 0 
 0 
 0 
 0 
 0 
 0 
 0 
 0 
 0 
 0 
 0 
 0 
 0 
 0 
 0 
 0 
 0 
 0 
 0 
 0 
 0 
 0 
 0 
 0 
 0 
 0 
 0 
 0 
 0 
 0 
 0 
 0 
 0 
 0 
 0 
 0 
 0 
 0 
 0 
 0 
 0 
 0 
 0 
 0 
 0 
 0 
 0 
 0 
 0 
 8,46740050804403E-04 
 8,46740050804403E-04 
 1,69348010160881E-03 
 1,69348010160881E-03 
 2,54022015241321E-03 
 3,38696020321761E-03 
 4,23370025402202E-03 
 5,08044030482642E-03 
 5,92718035563082E-03 
 7,62066045723963E-03 
 8,46740050804403E-03 
 1,01608806096528E-02 
 1,18543607112616E-02 
 1,35478408128704E-02 
 1,43945808636749E-02 
 1,60880609652837E-02 
 1,86282811176969E-02 
 1,18543607112616E-02 
 2,28619813717189E-02 
 2,45554614733277E-02 
 2,70956816257409E-02 
 2,87891617273497E-02 
 3,13293818797629E-02 
 3,47163420829805E-02 
 3,64098221845893E-02 
 3,89500423370025E-02 
 4,14902624894158E-02 
 0,044030482641829 
 4,57239627434378E-02 
 0,048264182895851 
 5,08044030482642E-02 
 5,33446232006774E-02 
 0,052497883149873 
 0,052497883149873 
 5,58848433530906E-02 
 5,50381033022862E-02 
 0,060965283657917 
 6,26587637595258E-02 
 0,065198983911939 
 6,77392040643522E-02 
 0,069432684165961 
 7,19729043183743E-02 
 7,45131244707875E-02 
 5,84250635055038E-02 
 3,72565622353937E-02 
 8,04403048264183E-02 
 8,29805249788315E-02 
 9,65283657917019E-02 
 9,99153259949196E-02 
 0,104149026248942 
 0,107535986452159 
 0,11346316680779 
 0,115156646909399 
 0,118543607112616 
 0,122777307366638 
 0,149872988992379 
 0,154106689246401 
 0,157493649449619 
 0,145639288738357 
 0,147332768839966 
 0,154106689246401 
 0,160033869602032 
 0,152413209144793 
 0,15580016934801 
 0,161727349703641 
 0,172734970364098 
 0,176121930567316 
 0,189669771380186 
 0,195596951735817 
 0,197290431837426 
 0,203217612193057 
 0,204911092294666 
 0,202370872142252 
 0,209991532599492 
 0,216765453005927 
 0,229466553767993 
 0,233700254022015 
 0,237087214225233 
 0,241320914479255 
 0,245554614733277 
 0,249788314987299 
 0,1346316680779 
 0,133784928027096 
 0,138865368331922 
 0,180355630821338 
 0,237087214225233 
 0,235393734123624 
 0,175275190516511 
 0,182895850973751 
 0,143099068585944 
 0,153259949195597 
 0,102455546147333 
 0,104149026248942 
 0,102455546147333 
 0,110076206604572 
 0,173581710414903 
 0,172734970364098 
 0,181202370872142 
 0,186282811176969 
 0,204911092294666 
 0,217612193056732 
 0,333615580016935 
 0,337849280270957 
 0,341236240474174 
 0,320914479254869 
 0,345469940728196 
 0,328535139712108 
 0,335309060118544 
 0,339542760372566 
 0,284504657070279 
 0,258255715495343 
 0,327688399661304 
 0,376799322607959 
 0,380186282811177 
 0,384419983065199 
 0,388653683319221 
 0,392040643522439 
 0,396274343776461 
 0,399661303979678 
 0,4038950042337 
 0,407281964436918 
 0,41151566469094 
 0,414902624894157 
 0,41913632514818 
 0,422523285351397 
 0,426756985605419 
 0,430143945808637 
 0,39034716342083 
 0,403048264182896 
 0,406435224386113 
 0,409822184589331 
 0,278577476714649 
 0,294665537679932 
 0,301439458086367 
 0,321761219305673 
 0,334462320067739 
 0,327688399661304 
 0,358171041490262 
 0,365791701947502 
 0,368331922099915 
 0,375952582557155 
 0,383573243014395 
 0,386960203217612 
 0,41913632514818 
 0,417442845046571 
 0,414902624894157 
 0,418289585097375 
 0,425910245554615 
 0,41913632514818 
 0,421676545300593 
 0,408975444538527 
 0,250635055038103 
 0,257408975444539 
 0,259102455546147 
 0,25571549534293 
 0,257408975444539 
 0,259102455546147 
 0,20575783234547 
 0,201524132091448 
 0,203217612193057 
 0,209991532599492 
 0,216765453005927 
 0,212531752751905 
 0,359864521591871 
 0,526672311600339 
 0,535139712108383 
 0,5385266723116 
 0,535986452159187 
 0,544453852667231 
 0,541913632514818 
 0,2692633361558 
 0,282811176968671 
 0,231160033869602 
 0,226079593564776 
 0,233700254022015 
 0,24047417442845 
 0,24809483488569 
 0,249788314987299 
 0,281117696867062 
 0,288738357324301 
 0,277730736663844 
 0,266723116003387 
 0,268416596104996 
 0,2692633361558 
 0,270956816257409 
 0,316680779000847 
 0,280270956816257 
 0,300592718035563 
 0,372565622353937 
 0,354784081287045 
 0,460626587637595 
 0,520745131244708 
 0,523285351397121 
 0,53259949195597 
 0,561388653683319 
 0,576629974597799 
 0,579170194750212 
 0,408128704487722 
 0,403048264182896 
 0,391193903471634 
 0,277730736663844 
 0,292125317527519 
 0,287044877222693 
 0,287891617273497 
 0,296359017781541 
 0,262489415749365 
 0,215071972904318 
 0,222692633361558 
 0,188823031329382 
 0,182895850973751 
 0,176121930567316 
 0,162574089754445 
 0,170194750211685 
 0,199830651989839 
 0,199830651989839 
 0,652836579170195 
 0,655376799322608 
 0,469940728196444 
 0,478408128704488 
 0,611346316680779 
 0,606265876375953 
 0,4614733276884 
 0,712955122777307 
 0,641828958509738 
 0,68839966130398 
 0,660457239627434 
 0,5961049957663 
 0,695173581710415 
 0,704487722269263 
 0,729043183742591 
 0,731583403895004 
 0,605419136325148 
 0,614733276883997 
 0,761219305673158 
 0,762912785774767 
 0,76545300592718 
 0,767993226079594 
 0,769686706181202 
 0,772226926333616 
 0,773920406435224 
 0,776460626587638 
 0,778154106689246 
 0,78069432684166 
 0,782387806943268 
 0,784928027095682 
 0,731583403895004 
 0,733276883996613 
 0,727349703640982 
 0,729043183742591 
 0,58848433530906 
 0,668924640135478 
 0,614733276883997 
 0,624047417442845 
 0,754445385266723 
 0,804403048264183 
 0,790008467400508 
 0,800169348010161 
 0,809483488569009 
 0,811176968670618 
 0,813717188823031 
 0,81541066892464 
 0,817104149026249 
 0,818797629127858 
 0,820491109229467 
 0,822184589331075 
 0,799322607959357 
 0,552921253175275 
 0,513124470787468 
 0,513971210838273 
 0,572396274343776 
 0,540220152413209 
 0,541913632514818 
 0,625740897544454 
 0,74428450465707 
 0,737510584250635 
 0,78069432684166 
 0,798475867908552 
 0,555461473327688 
 0,514817950889077 
 0,481795088907705 
 0,508044030482642 
 0,762912785774767 
 0,772226926333616 
 0,773920406435224 
 0,740897544453853 
 0,741744284504657 
 0,700254022015241 
 0,701100762066046 
 0,702794242167655 
 0,703640982218459 
 0,696020321761219 
 0,455546147332769 
 0,456392887383573 
 0,457239627434378 
 0,397121083827265 
 0,406435224386113 
 0,397967823878069 
 0,31160033869602 
 0,312447078746825 
 0,321761219305673 
 0,635055038103302 
 0,679085520745131 
 0,749364944961897 
 0,758679085520745 
 0,768839966130398 
 0,830651989839119 
 0,85774767146486 
 0,876375952582557 
 0,876375952582557 
 0,877222692633362 
 0,878069432684166 
 0,87891617273497 
 0,879762912785775 
 0,880609652836579 
 0,881456392887384 
 0,882303132938188 
 0,882303132938188 
 0,883149872988992 
 0,874682472480948 
 0,883996613039797 
 0,884843353090601 
 0,885690093141406 
 0,885690093141406 
 0,88653683319221 
 0,887383573243014 
 0,887383573243014 
 0,888230313293819 
 0,888230313293819 
 0,889077053344623 
 0,889077053344623 
 0,889923793395428 
 0,889923793395428 
 0,889923793395428 
 0,890770533446232 
 0,890770533446232 
 0,890770533446232 
 0,490262489415749 
 0,51735817104149 
 0,490262489415749 
 0,490262489415749 
 0,508044030482642 
 0,597798475867909 
 0,704487722269263 
 0,892464013547841 
 0,892464013547841 
 0,892464013547841 
 0,892464013547841 
 0,892464013547841 
 0,892464013547841 
 0,892464013547841 
 0,883149872988992 
 0,883149872988992 
 0,892464013547841 
 0,892464013547841 
 0,891617273497036 
 0,891617273497036 
 0,891617273497036 
 0,891617273497036 
 0,891617273497036 
 0,890770533446232 
 0,890770533446232 
 0,890770533446232 
 0,889923793395428 
 0,889923793395428 
 0,889923793395428 
 0,889077053344623 
 0,889077053344623 
 0,888230313293819 
 0,888230313293819 
 0,887383573243014 
 0,887383573243014 
 0,88653683319221 
 0,885690093141406 
 0,885690093141406 
 0,884843353090601 
 0,884843353090601 
 0,883996613039797 
 0,883149872988992 
 0,882303132938188 
 0,882303132938188 
 0,881456392887384 
 0,880609652836579 
 0,879762912785775 
 0,87891617273497 
 0,878069432684166 
 0,878069432684166 
 0,877222692633362 
 0,876375952582557 
 0,875529212531753 
 0,874682472480948 
 0,873835732430144 
 0,87298899237934 
 0,871295512277731 
 0,870448772226926 
 0,869602032176122 
 0,868755292125318 
 0,867908552074513 
 0,867061812023709 
 0,866215071972904 
 0,864521591871296 
 0,863674851820491 
 0,862828111769687 
 0,861134631668078 
 0,843353090601185 
 0,841659610499577 
 0,840812870448772 
 0,839966130397968 
 0,838272650296359 
 0,837425910245555 
 0,853513971210838 
 0,851820491109229 
 0,850127011007621 
 0,849280270956816 
 0,847586790855207 
 0,846740050804403 
 0,845046570702794 
 0,776460626587638 
 0,766299745977985 
 0,756985605419136 
 0,746824724809483 
 0,695173581710415 
 0,69432684165961 
 0,685012701100762 
 0,666384419983065 
 0,707027942421677 
 0,706181202370872 
 0,704487722269263 
 0,438611346316681 
 0,495342929720576 
 0,502963590177815 
 0,501270110076207 
 0,491955969517358 
 0,483488569009314 
 0,465707027942422 
 0,464860287891617 
 0,471634208298052 
 0,486875529212532 
 0,404741744284505 
 0,371718882303133 
 0,338696020321761 
 0,314140558848434 
 0,320914479254869 
 0,320067739204064 
 0,31922099915326 
 0,318374259102456 
 0,421676545300593 
 0,443691786621507 
 0,47502116850127 
 0,497036409822185 
 0,652836579170195 
 0,65961049957663 
 0,728196443691787 
 0,726502963590178 
 0,716342082980525 
 0,776460626587638 
 0,774767146486029 
 0,772226926333616 
 0,770533446232007 
 0,767993226079594 
 0,76545300592718 
 0,763759525825571 
 0,761219305673158 
 0,758679085520745 
 0,756985605419136 
 0,754445385266723 
 0,75190516511431 
 0,749364944961897 
 0,747671464860288 
 0,745131244707875 
 0,742591024555461 
 0,740050804403048 
 0,679085520745131 
 0,735817104149026 
 0,733276883996613 
 0,7307366638442 
 0,677392040643522 
 0,674851820491109 
 0,672311600338696 
 0,605419136325148 
 0,337002540220152 
 0,329381879762913 
 0,598645215918713 
 0,681625740897544 
 0,466553767993226 
 0,493649449618967 
 0,386113463166808 
 0,377646062658764 
 0,39034716342083 
 0,388653683319221 
 0,359864521591871 
 0,344623200677392 
 0,342929720575783 
 0,574089754445385 
 0,585097375105842 
 0,582557154953429 
 0,593564775613887 
 0,597798475867909 
 0,622353937341236 
 0,613039796782388 
 0,603725656223539 
 0,594411515664691 
 0,604572396274344 
 0,602032176121931 
 0,338696020321761 
 0,38272650296359 
 0,36155800169348 
 0,61727349703641 
 0,639288738357324 
 0,636748518204911 
 0,633361558001693 
 0,63082133784928 
 0,627434377646063 
 0,624047417442845 
 0,621507197290432 
 0,543607112616427 
 0,584250635055038 
 0,612193056731583 
 0,608806096528366 
 0,605419136325148 
 0,602032176121931 
 0,569009314140559 
 0,548687552921253 
 0,444538526672312 
 0,418289585097375 
 0,392887383573243 
 0,349703640982218 
 0,237933954276037 
 0,242167654530059 
 0,252328535139712 
 0,233700254022015 
 0,248941574936494 
 0,236240474174428 
 0,223539373412362 
 0,211685012701101 
 0,204911092294666 
 0,220152413209145 
 0,218458933107536 
 0,211685012701101 
 0,209991532599492 
 0,209144792548688 
 0,218458933107536 
 0,221845893310754 
 0,231160033869602 
 0,391193903471634 
 0,492802709568163 
 0,489415749364945 
 0,49618966977138 
 0,508044030482642 
 0,504657070279424 
 0,500423370025402 
 0,497036409822185 
 0,414902624894157 
 0,41151566469094 
 0,408128704487722 
 0,405588484335309 
 0,407281964436918 
 0,4038950042337 
 0,401354784081287 
 0,379339542760373 
 0,375952582557155 
 0,38272650296359 
 0,379339542760373 
 0,375952582557155 
 0,377646062658764 
 0,365791701947502 
 0,348856900931414 
 0,337849280270957 
 0,330228619813717 
 0,327688399661304 
 0,324301439458086 
 0,393734123624047 
 0,394580863674852 
 0,365791701947502 
 0,280270956816257 
 0,29805249788315 
 0,278577476714649 
 0,264182895850974 
 0,214225232853514 
 0,204064352243861 
 0,175275190516511 
 0,181202370872142 
 0,228619813717189 
 0,259949195596952 
 0,261642675698561 
 0,317527519051651 
 0,321761219305673 
 0,253175275190517 
 0,236240474174428 
 0,187129551227773 
 0,223539373412362 
 0,217612193056732 
 0,150719729043184 
 0,152413209144793 
 0,16342082980525 
 0,151566469093988 
 0,146486028789162 
 0,148179508890771 
 0,143099068585944 
 0,150719729043184 
 0,136325148179509 
 0,1346316680779 
 0,138865368331922 
 0,110076206604572 
 0,10584250635055 
 0,101608806096528 
 9,99153259949196E-02 
 9,31414055884843E-02 
 9,48348856900931E-02 
 9,06011854360711E-02 
 8,63674851820491E-02 
 8,21337849280271E-02 
 0,115156646909399 
 0,118543607112616 
 0,116850127011008 
 0,102455546147333 
 0,100762066045724 
 9,90685859441152E-02 
 9,73751058425063E-02 
 8,63674851820491E-02 
 7,79000846740051E-02 
 9,48348856900931E-02 
 9,06011854360711E-02 
 8,46740050804403E-02 
 8,12870448772227E-02 
 8,63674851820491E-02 
 8,21337849280271E-02 
 9,48348856900931E-02 
 7,53598645215919E-02 
 7,36663844199831E-02 
 7,02794242167655E-02 
 6,68924640135478E-02 
 6,35055038103302E-02 
 0,056731583403895 
 5,41913632514818E-02 
 5,41913632514818E-02 
 5,16511430990686E-02 
 4,99576629974598E-02 
 4,74174428450466E-02 
 4,48772226926334E-02 
 4,23370025402202E-02 
 4,14902624894158E-02 
 5,58848433530906E-02 
 5,58848433530906E-02 
 5,50381033022862E-02 
 0,052497883149873 
 5,08044030482642E-02 
 4,48772226926334E-02 
 4,31837425910246E-02 
 3,97967823878069E-02 
 3,72565622353937E-02 
 3,72565622353937E-02 
 3,55630821337849E-02 
 3,38696020321761E-02 
 3,21761219305673E-02 
 4,14902624894158E-02 
 8,46740050804403E-02 
 5,84250635055038E-02 
 0,060965283657917 
 5,84250635055038E-02 
 5,50381033022862E-02 
 6,68924640135478E-02 
 6,35055038103302E-02 
 5,92718035563082E-02 
 5,41913632514818E-02 
 4,48772226926334E-02 
 3,38696020321761E-02 
 4,23370025402202E-02 
 4,48772226926334E-02 
 4,23370025402202E-02 
 3,81033022861981E-02 
 3,55630821337849E-02 
 3,38696020321761E-02 
 3,04826418289585E-02 
 2,79424216765453E-02 
 2,62489415749365E-02 
 2,37087214225233E-02 
 2,20152413209145E-02 
 1,94750211685013E-02 
 1,69348010160881E-02 
 1,52413209144793E-02 
 1,35478408128704E-02 
 1,18543607112616E-02 
 1,01608806096528E-02 
 9,31414055884843E-03 
 7,62066045723963E-03 
 4,23370025402202E-03 
 2,54022015241321E-03 
 2,54022015241321E-03 
 4,23370025402202E-03 
 3,38696020321761E-03 
 2,54022015241321E-03 
 1,69348010160881E-03 
 1,69348010160881E-03 
 8,46740050804403E-04 
 8,46740050804403E-04 
 0 
 0 
 0 
 0 
 0 
 0 
 0 
 0 
 0 
 0 
 0 
 0 
 0 
 0 
 0 
 0 
 0 
 0 
 0 
 0 
 0 
 0 
 0 
 0 
 0 
 0 
 0 
 0 
 0 
 0 
 0 
 0 
 0 
 0 
 0 
 0 
 0 
 0 
 0 
 0 
 0 
 0 
 0 
 0 
 0 
 0 
 0 
 0 
 0 
 0 
 0 
 0 
 0 
 0 
 0 
 0 
 0 
 0 
 0 
 0 
 0 
 0 
 0 
 0 
 0 
 0 
 0 
 0 
 0 
 0 
 0 
 0 
 0 
 0 
 0 
 0 
 0 
 0 
 0 
 0 
 0 
 0 
 0 
 0 
 0 
 0 
 0 
 0 
 0 
 0 
 0 
 0 
 0 
 0 
 0 
 0 
 0 
 0 
 0 
 0 
 0 
 0 
 0 
 0 
 0 
 0 
 0 
 0 
 0 
 0 
 0 
 0 
 0 
 0 
 0 
 0 
 0 
 0 
 0 
 0 
 0 
 0 
 0 
 0 
 0 
 0 
 0 
 0 
 0 
 0 
 0 
 0 
 0 
 0 
 0 
 0 
 0 
 0 
 0 
 0 
 0 
 0 
 0 
 0 
 0 
 0 
 0 
 0 
 0 
 0 
 0 
 0 
 0 
 0 
 0 
 0 
 0 
 0 
 0 
 0 
 0 
 0 
 0 
 0 
 0 
 0 
 0 
 0 
 0 
 0 
 0 
 0 
 0 
 0 
 0 
 0 
 0 
 0 
 0 
 0 
 0 
 0 
 0 
 0 
 0 
 0 
 0 
 0 
 0 
 0 
 0 
 0 
 0 
 0 
 0 
 0 
 0 
 0 
 0 
 0 
 0 
 0 
 0 
 0 
 0 
 0 
 0 
 0 
 0 
 0 
 0 
 0 
 0 
 0 
 0 
 0 
 0 
 0 
 0 
 0 
 0 
 0 
 0 
 0 
 0 
 0 
 0 
 0 
 0 
 0 
 0 
 0 
 0 
 0 
 0 
 0 
 0 
 0 
 0 
 0 
 0 
 0 
 0 
 0 
 0 
 0 
 0 
 0 
 0 
 0 
 0 
 0 
 0 
 0 
 0 
 0 
 0 
 0 
 0 
 0 
 0 
 0 
 0 
 0 
 0 
 0 
 0 
 0 
 0 
 0 
 0 
 0 
 0 
 0 
 0 
 0 
 0 
 0 
 0 
 0 
 0 
 0 
 0 
 0 
 0 
 0 
 0 
 0 
 0 
 0 
 0 
 0 
 0 
 0 
 0 
 0 
 0 
 0 
 0 
 0 
 0 
 0 
 0 
 0 
 0 
 0 
 0 
 0 
 0 
 0 
 0 
