 0 
 0 
 0 
 0 
 0 
 0 
 0 
 0 
 0 
 0 
 0 
 0 
 0 
 0 
 0 
 0 
 0 
 0 
 0 
 0 
 0 
 0 
 0 
 0 
 0 
 0 
 0 
 0 
 0 
 0 
 0 
 0 
 0 
 0 
 0 
 0 
 0 
 0 
 0 
 0 
 0 
 0 
 0 
 0 
 0 
 0 
 0 
 0 
 0 
 0 
 0 
 0 
 0 
 0 
 0 
 0 
 0 
 0 
 0 
 0 
 0 
 0 
 0 
 0 
 0 
 0 
 0 
 0 
 0 
 0 
 0 
 0 
 0 
 0 
 0 
 0 
 0 
 0 
 0 
 0 
 0 
 0 
 0 
 0 
 0 
 0 
 0 
 0 
 0 
 0 
 0 
 0 
 0 
 0 
 0 
 0 
 0 
 0 
 0 
 0 
 0 
 0 
 0 
 0 
 0 
 0 
 0 
 0 
 0 
 0 
 0 
 0 
 0 
 0 
 0 
 0 
 0 
 0 
 0 
 0 
 0 
 0 
 0 
 0 
 0 
 0 
 0 
 0 
 0 
 0 
 0 
 0 
 0 
 0 
 0 
 0 
 0 
 0 
 0 
 0 
 0 
 0 
 0 
 0 
 0 
 0 
 0 
 0 
 0 
 0 
 0 
 0 
 0 
 0 
 0 
 0 
 0 
 0 
 0 
 0 
 0 
 0 
 0 
 0 
 0 
 0 
 0 
 0 
 0 
 0 
 0 
 0 
 0 
 0 
 0 
 0 
 0 
 0 
 0 
 0 
 0 
 0 
 0 
 0 
 0 
 0 
 0 
 0 
 0 
 0 
 0 
 0 
 0 
 0 
 0 
 0 
 0 
 0 
 0 
 0 
 0 
 0 
 0 
 0 
 0 
 0 
 0 
 0 
 0 
 0 
 0 
 0 
 0 
 0 
 0 
 0 
 0 
 0 
 0 
 0 
 0 
 0 
 0 
 0 
 0 
 0 
 0 
 0 
 0 
 0 
 0 
 0 
 0 
 0 
 0 
 0 
 0 
 0 
 0 
 0 
 0 
 0 
 0 
 0 
 0 
 0 
 0 
 0 
 0 
 0 
 0 
 0 
 0 
 0 
 0 
 0 
 0 
 0 
 0 
 0 
 0 
 0 
 0 
 0 
 0 
 0 
 0 
 0 
 0 
 0 
 0 
 0 
 0 
 0 
 0 
 0 
 0 
 0 
 0 
 0 
 0 
 0 
 0 
 0 
 0 
 0 
 0 
 0 
 0 
 0 
 0 
 0 
 0 
 0 
 0 
 0 
 0 
 0 
 0 
 0 
 0 
 0 
 0 
 0 
 0 
 0 
 0 
 0 
 0 
 0 
 0 
 0 
 0 
 0 
 0 
 0 
 0 
 0 
 0 
 0 
 0 
 0 
 0 
 0 
 0 
 0 
 0 
 0 
 0 
 0 
 0 
 0 
 0 
 0 
 0 
 0 
 0 
 0 
 0 
 0 
 0 
 0 
 0 
 0 
 0 
 0 
 0 
 0 
 0 
 0 
 0 
 0 
 0 
 0 
 0 
 0 
 0 
 0 
 0 
 0 
 0 
 0 
 0 
 0 
 0 
 0 
 0 
 0 
 0 
 0 
 0 
 0 
 0 
 0 
 0 
 0 
 0 
 0 
 0 
 0 
 0 
 0 
 0 
 0 
 0 
 0 
 0 
 0 
 0 
 0 
 0 
 0 
 0 
 0 
 0 
 0 
 0 
 0 
 0 
 0 
 0 
 0 
 0 
 0 
 0 
 0 
 0 
 0 
 0 
 0 
 0 
 0 
 0 
 0 
 0 
 0 
 0 
 0 
 0 
 0 
 0 
 0 
 0 
 0 
 0 
 0 
 0 
 0 
 0 
 0 
 0 
 0 
 0 
 0 
 0 
 0 
 0 
 8,46740050804403E-04 
 8,46740050804403E-04 
 8,46740050804403E-04 
 8,46740050804403E-04 
 8,46740050804403E-04 
 1,69348010160881E-03 
 1,69348010160881E-03 
 2,54022015241321E-03 
 2,54022015241321E-03 
 3,38696020321761E-03 
 4,23370025402202E-03 
 4,23370025402202E-03 
 5,08044030482642E-03 
 6,77392040643522E-03 
 7,62066045723963E-03 
 9,31414055884843E-03 
 9,31414055884843E-03 
 1,10076206604572E-02 
 1,18543607112616E-02 
 1,18543607112616E-02 
 1,35478408128704E-02 
 1,43945808636749E-02 
 1,52413209144793E-02 
 1,35478408128704E-02 
 1,43945808636749E-02 
 1,52413209144793E-02 
 1,60880609652837E-02 
 1,77815410668925E-02 
 1,94750211685013E-02 
 1,94750211685013E-02 
 2,20152413209145E-02 
 2,37087214225233E-02 
 2,54022015241321E-02 
 2,45554614733277E-02 
 2,79424216765453E-02 
 4,06435224386113E-02 
 3,64098221845893E-02 
 3,30228619813717E-02 
 3,47163420829805E-02 
 3,72565622353937E-02 
 3,64098221845893E-02 
 3,81033022861981E-02 
 0,044030482641829 
 4,65707027942422E-02 
 4,65707027942422E-02 
 4,65707027942422E-02 
 0,048264182895851 
 4,99576629974598E-02 
 5,08044030482642E-02 
 0,052497883149873 
 0,052497883149873 
 5,58848433530906E-02 
 6,43522438611346E-02 
 0,056731583403895 
 5,84250635055038E-02 
 0,127857747671465 
 0,131244707874682 
 0,138865368331922 
 0,14225232853514 
 0,147332768839966 
 0,121930567315834 
 0,118543607112616 
 0,102455546147333 
 0,162574089754445 
 0,165961049957663 
 0,169348010160881 
 0,165961049957663 
 0,165114309906859 
 0,175275190516511 
 0,176121930567316 
 0,181202370872142 
 0,19813717188823 
 0,229466553767993 
 0,233700254022015 
 0,237087214225233 
 0,241320914479255 
 0,245554614733277 
 0,249788314987299 
 0,245554614733277 
 0,247248094834886 
 0,211685012701101 
 0,180355630821338 
 0,250635055038103 
 9,56816257408975E-02 
 0,108382726502964 
 0,112616426756986 
 0,116850127011008 
 0,121930567315834 
 0,143945808636749 
 0,133784928027096 
 0,12701100762066 
 0,137171888230313 
 0,201524132091448 
 0,21930567315834 
 0,161727349703641 
 0,173581710414903 
 0,162574089754445 
 0,144792548687553 
 0,146486028789162 
 0,151566469093988 
 0,146486028789162 
 0,159187129551228 
 0,177815410668925 
 0,180355630821338 
 0,143099068585944 
 0,130397967823878 
 0,116850127011008 
 0,128704487722269 
 0,130397967823878 
 0,124470787468247 
 0,117696867061812 
 0,1346316680779 
 0,136325148179509 
 0,172734970364098 
 0,189669771380186 
 0,336155800169348 
 0,335309060118544 
 0,334462320067739 
 0,337002540220152 
 0,336155800169348 
 0,339542760372566 
 0,346316680779001 
 0,33276883996613 
 0,335309060118544 
 0,2692633361558 
 0,320067739204064 
 0,322607959356478 
 0,303132938187976 
 0,247248094834886 
 0,235393734123624 
 0,228619813717189 
 0,207451312447079 
 0,250635055038103 
 0,280270956816257 
 0,297205757832345 
 0,322607959356478 
 0,325148179508891 
 0,313293818797629 
 0,34038950042337 
 0,337849280270957 
 0,345469940728196 
 0,342929720575783 
 0,359864521591871 
 0,327688399661304 
 0,330228619813717 
 0,347163420829805 
 0,334462320067739 
 0,325994919559695 
 0,391193903471634 
 0,4038950042337 
 0,407281964436918 
 0,393734123624047 
 0,396274343776461 
 0,377646062658764 
 0,396274343776461 
 0,4038950042337 
 0,291278577476715 
 0,292972057578323 
 0,294665537679932 
 0,307366638441998 
 0,303979678238781 
 0,305673158340389 
 0,336155800169348 
 0,3268416596105 
 0,328535139712108 
 0,324301439458086 
 0,320067739204064 
 0,463166807790008 
 0,465707027942422 
 0,456392887383573 
 0,476714648602879 
 0,479254868755292 
 0,499576629974598 
 0,49618966977138 
 0,498729889923793 
 0,501270110076207 
 0,50381033022862 
 0,519051651143099 
 0,527519051651143 
 0,549534292972058 
 0,501270110076207 
 0,497883149872989 
 0,506350550381033 
 0,508890770533446 
 0,504657070279424 
 0,481795088907705 
 0,470787468247248 
 0,233700254022015 
 0,241320914479255 
 0,261642675698561 
 0,2692633361558 
 0,264182895850974 
 0,258255715495343 
 0,259949195596952 
 0,267569856054191 
 0,24809483488569 
 0,256562235393734 
 0,257408975444539 
 0,271803556308213 
 0,265876375952583 
 0,246401354784081 
 0,241320914479255 
 0,242167654530059 
 0,243014394580864 
 0,215918712955123 
 0,230313293818798 
 0,281117696867062 
 0,274343776460627 
 0,289585097375106 
 0,45385266723116 
 0,477561388653683 
 0,464860287891617 
 0,524132091447925 
 0,583403895004234 
 0,563928873835732 
 0,63844199830652 
 0,640135478408129 
 0,729889923793395 
 0,732430143945809 
 0,734970364098222 
 0,737510584250635 
 0,740050804403048 
 0,742591024555461 
 0,745131244707875 
 0,746824724809483 
 0,749364944961897 
 0,616426756985605 
 0,610499576629975 
 0,756138865368332 
 0,470787468247248 
 0,509737510584251 
 0,381879762912786 
 0,39034716342083 
 0,299745977984759 
 0,292125317527519 
 0,285351397121084 
 0,302286198137172 
 0,225232853513971 
 0,226079593564776 
 0,23454699407282 
 0,22692633361558 
 0,227773073666384 
 0,227773073666384 
 0,228619813717189 
 0,229466553767993 
 0,230313293818798 
 0,238780694326842 
 0,231160033869602 
 0,591024555461473 
 0,576629974597799 
 0,392887383573243 
 0,402201524132091 
 0,531752751905165 
 0,533446232006774 
 0,583403895004234 
 0,584250635055038 
 0,512277730736664 
 0,505503810330229 
 0,506350550381033 
 0,507197290431837 
 0,484335309060119 
 0,452159187129551 
 0,428450465707028 
 0,437764606265876 
 0,380186282811177 
 0,323454699407282 
 0,34038950042337 
 0,640135478408129 
 0,650296359017781 
 0,734970364098222 
 0,785774767146486 
 0,745977984758679 
 0,469940728196444 
 0,395427603725656 
 0,395427603725656 
 0,387806943268417 
 0,303979678238781 
 0,296359017781541 
 0,270956816257409 
 0,254868755292125 
 0,254868755292125 
 0,264182895850974 
 0,238780694326842 
 0,238780694326842 
 0,727349703640982 
 0,822184589331075 
 0,823878069432684 
 0,824724809483489 
 0,825571549534293 
 0,827265029635902 
 0,819644369178662 
 0,820491109229467 
 0,640135478408129 
 0,8653683319221 
 0,867061812023709 
 0,867908552074513 
 0,868755292125318 
 0,869602032176122 
 0,679085520745131 
 0,592718035563082 
 0,575783234546994 
 0,585097375105842 
 0,585944115156647 
 0,621507197290432 
 0,622353937341236 
 0,578323454699407 
 0,535139712108383 
 0,518204911092295 
 0,615580016934801 
 0,483488569009314 
 0,475867908552075 
 0,484335309060119 
 0,414902624894157 
 0,423370025402202 
 0,441998306519898 
 0,441998306519898 
 0,424216765453006 
 0,397967823878069 
 0,371718882303133 
 0,301439458086367 
 0,239627434377646 
 0,239627434377646 
 0,231160033869602 
 0,231160033869602 
 0,21337849280271 
 0,21337849280271 
 0,204911092294666 
 0,187129551227773 
 0,195596951735817 
 0,231160033869602 
 0,24047417442845 
 0,24047417442845 
 0,24047417442845 
 0,214225232853514 
 0,249788314987299 
 0,276037256562235 
 0,27688399661304 
 0,27688399661304 
 0,34801016088061 
 0,34801016088061 
 0,357324301439458 
 0,330228619813717 
 0,330228619813717 
 0,624894157493649 
 0,55376799322608 
 0,55376799322608 
 0,55376799322608 
 0,642675698560542 
 0,615580016934801 
 0,51735817104149 
 0,535139712108383 
 0,44623200677392 
 0,499576629974598 
 0,552921253175275 
 0,525825571549534 
 0,561388653683319 
 0,828958509737511 
 0,828111769686706 
 0,828111769686706 
 0,828111769686706 
 0,783234546994073 
 0,818797629127858 
 0,889077053344623 
 0,889077053344623 
 0,888230313293819 
 0,888230313293819 
 0,887383573243014 
 0,887383573243014 
 0,88653683319221 
 0,885690093141406 
 0,885690093141406 
 0,884843353090601 
 0,884843353090601 
 0,883996613039797 
 0,883149872988992 
 0,882303132938188 
 0,882303132938188 
 0,855207451312447 
 0,854360711261643 
 0,589331075359865 
 0,685859441151566 
 0,764606265876376 
 0,816257408975445 
 0,745131244707875 
 0,674851820491109 
 0,779000846740051 
 0,856900931414056 
 0,838272650296359 
 0,820491109229467 
 0,810330228619814 
 0,784081287044877 
 0,869602032176122 
 0,868755292125318 
 0,867908552074513 
 0,867061812023709 
 0,866215071972904 
 0,778154106689246 
 0,768839966130398 
 0,750211685012701 
 0,757832345469941 
 0,756985605419136 
 0,420829805249788 
 0,403048264182896 
 0,522438611346317 
 0,470787468247248 
 0,512277730736664 
 0,512277730736664 
 0,55376799322608 
 0,450465707027942 
 0,484335309060119 
 0,483488569009314 
 0,787468247248095 
 0,785774767146486 
 0,784928027095682 
 0,817104149026249 
 0,806943268416596 
 0,839119390347163 
 0,838272650296359 
 0,83657917019475 
 0,834885690093141 
 0,833192209991533 
 0,832345469940728 
 0,830651989839119 
 0,828958509737511 
 0,827265029635902 
 0,825571549534293 
 0,823878069432684 
 0,822184589331075 
 0,820491109229467 
 0,818797629127858 
 0,817104149026249 
 0,782387806943268 
 0,813717188823031 
 0,812023708721422 
 0,810330228619814 
 0,8077900084674 
 0,766299745977985 
 0,764606265876376 
 0,738357324301439 
 0,74428450465707 
 0,734970364098222 
 0,645215918712955 
 0,65198983911939 
 0,650296359017781 
 0,790855207451312 
 0,789161727349704 
 0,78662150719729 
 0,784928027095682 
 0,783234546994073 
 0,78069432684166 
 0,389500423370025 
 0,372565622353937 
 0,364098221845893 
 0,355630821337849 
 0,338696020321761 
 0,337849280270957 
 0,413209144792549 
 0,320914479254869 
 0,320067739204064 
 0,296359017781541 
 0,287891617273497 
 0,279424216765453 
 0,25571549534293 
 0,202370872142252 
 0,201524132091448 
 0,193903471634208 
 0,193056731583404 
 0,177815410668925 
 0,17696867061812 
 0,176121930567316 
 0,176121930567316 
 0,182895850973751 
 0,182049110922947 
 0,188823031329382 
 0,195596951735817 
 0,172734970364098 
 0,186282811176969 
 0,186282811176969 
 0,185436071126164 
 0,18458933107536 
 0,17696867061812 
 0,182895850973751 
 0,175275190516511 
 0,167654530059272 
 0,160033869602032 
 0,160033869602032 
 0,159187129551228 
 0,144792548687553 
 0,150719729043184 
 0,157493649449619 
 0,17696867061812 
 0,176121930567316 
 0,188823031329382 
 0,174428450465707 
 0,180355630821338 
 0,193056731583404 
 0,198983911939035 
 0,204911092294666 
 0,209991532599492 
 0,203217612193057 
 0,202370872142252 
 0,214225232853514 
 0,245554614733277 
 0,231160033869602 
 0,249788314987299 
 0,331075359864522 
 0,336155800169348 
 0,365791701947502 
 0,458086367485182 
 0,293818797629128 
 0,435224386113463 
 0,370872142252329 
 0,541066892464014 
 0,544453852667231 
 0,541913632514818 
 0,539373412362405 
 0,506350550381033 
 0,502963590177815 
 0,500423370025402 
 0,50381033022862 
 0,542760372565622 
 0,545300592718036 
 0,431837425910246 
 0,44623200677392 
 0,4614733276884 
 0,481795088907705 
 0,478408128704488 
 0,509737510584251 
 0,507197290431837 
 0,50381033022862 
 0,495342929720576 
 0,475867908552075 
 0,46740050804403 
 0,464013547840813 
 0,4614733276884 
 0,436917866215072 
 0,434377646062659 
 0,430990685859441 
 0,312447078746825 
 0,304826418289585 
 0,313293818797629 
 0,305673158340389 
 0,31922099915326 
 0,209991532599492 
 0,243861134631668 
 0,216765453005927 
 0,225232853513971 
 0,46740050804403 
 0,493649449618967 
 0,490262489415749 
 0,486028789161727 
 0,48264182895851 
 0,479254868755292 
 0,47502116850127 
 0,471634208298052 
 0,468247248094835 
 0,464013547840813 
 0,460626587637595 
 0,457239627434378 
 0,453005927180356 
 0,449618966977138 
 0,44623200677392 
 0,441998306519898 
 0,438611346316681 
 0,434377646062659 
 0,430990685859441 
 0,426756985605419 
 0,423370025402202 
 0,41913632514818 
 0,415749364944962 
 0,41151566469094 
 0,408128704487722 
 0,4038950042337 
 0,400508044030483 
 0,396274343776461 
 0,392887383573243 
 0,388653683319221 
 0,385266723116003 
 0,381033022861981 
 0,376799322607959 
 0,373412362404742 
 0,36917866215072 
 0,365791701947502 
 0,36155800169348 
 0,357324301439458 
 0,35393734123624 
 0,349703640982218 
 0,345469940728196 
 0,342082980524979 
 0,337849280270957 
 0,333615580016935 
 0,330228619813717 
 0,325994919559695 
 0,321761219305673 
 0,318374259102456 
 0,314140558848434 
 0,309906858594412 
 0,306519898391194 
 0,302286198137172 
 0,29805249788315 
 0,293818797629128 
 0,29043183742591 
 0,286198137171888 
 0,281964436917866 
 0,270110076206605 
 0,260795935647756 
 0,259102455546147 
 0,265876375952583 
 0,262489415749365 
 0,258255715495343 
 0,254022015241321 
 0,249788314987299 
 0,246401354784081 
 0,242167654530059 
 0,237933954276037 
 0,233700254022015 
 0,230313293818798 
 0,226079593564776 
 0,221845893310754 
 0,217612193056732 
 0,214225232853514 
 0,209991532599492 
 0,20575783234547 
 0,201524132091448 
 0,19813717188823 
 0,193903471634208 
 0,189669771380186 
 0,186282811176969 
 0,182049110922947 
 0,177815410668925 
 0,174428450465707 
 0,170194750211685 
 0,165961049957663 
 0,162574089754445 
 0,158340389500423 
 0,154106689246401 
 0,131244707874682 
 0,130397967823878 
 0,130397967823878 
 0,126164267569856 
 0,124470787468247 
 0,121930567315834 
 0,118543607112616 
 0,107535986452159 
 0,10584250635055 
 9,99153259949196E-02 
 9,82218458933107E-02 
 7,62066045723963E-02 
 6,43522438611346E-02 
 6,43522438611346E-02 
 6,18120237087214E-02 
 9,14479254868755E-02 
 9,06011854360711E-02 
 8,72142252328535E-02 
 8,38272650296359E-02 
 8,04403048264183E-02 
 7,70533446232007E-02 
 7,36663844199831E-02 
 7,02794242167655E-02 
 6,68924640135478E-02 
 6,35055038103302E-02 
 6,01185436071126E-02 
 0,056731583403895 
 5,41913632514818E-02 
 5,08044030482642E-02 
 4,74174428450466E-02 
 4,48772226926334E-02 
 4,14902624894158E-02 
 3,89500423370025E-02 
 3,64098221845893E-02 
 3,38696020321761E-02 
 3,04826418289585E-02 
 2,79424216765453E-02 
 2,62489415749365E-02 
 2,37087214225233E-02 
 2,03217612193057E-02 
 1,77815410668925E-02 
 1,60880609652837E-02 
 0,012701100762066 
 0,012701100762066 
 1,10076206604572E-02 
 9,31414055884843E-03 
 7,62066045723963E-03 
 6,77392040643522E-03 
 5,92718035563082E-03 
 4,23370025402202E-03 
 3,38696020321761E-03 
 2,54022015241321E-03 
 1,69348010160881E-03 
 1,69348010160881E-03 
 8,46740050804403E-04 
 8,46740050804403E-04 
 0 
 0 
 0 
 0 
 0 
 0 
 0 
 0 
 0 
 0 
 0 
 0 
 0 
 0 
 0 
 0 
 0 
 0 
 0 
 0 
 0 
 0 
 0 
 0 
 0 
 0 
 0 
 0 
 0 
 0 
 0 
 0 
 0 
 0 
 0 
 0 
 0 
 0 
 0 
 0 
 0 
 0 
 0 
 0 
 0 
 0 
 0 
 0 
 0 
 0 
 0 
 0 
 0 
 0 
 0 
 0 
 0 
 0 
 0 
 0 
 0 
 0 
 0 
 0 
 0 
 0 
 0 
 0 
 0 
 0 
 0 
 0 
 0 
 0 
 0 
 0 
 0 
 0 
 0 
 0 
 0 
 0 
 0 
 0 
 0 
 0 
 0 
 0 
 0 
 0 
 0 
 0 
 0 
 0 
 0 
 0 
 0 
 0 
 0 
 0 
 0 
 0 
 0 
 0 
 0 
 0 
 0 
 0 
 0 
 0 
 0 
 0 
 0 
 0 
 0 
 0 
 0 
 0 
 0 
 0 
 0 
 0 
 0 
 0 
 0 
 0 
 0 
 0 
 0 
 0 
 0 
 0 
 0 
 0 
 0 
 0 
 0 
 0 
 0 
 0 
 0 
 0 
 0 
 0 
 0 
 0 
 0 
 0 
 0 
 0 
 0 
 0 
 0 
 0 
 0 
 0 
 0 
 0 
 0 
 0 
 0 
 0 
 0 
 0 
 0 
 0 
 0 
 0 
 0 
 0 
 0 
 0 
 0 
 0 
 0 
 0 
 0 
 0 
 0 
 0 
 0 
 0 
 0 
 0 
 0 
 0 
 0 
 0 
 0 
 0 
 0 
 0 
 0 
 0 
 0 
 0 
 0 
 0 
 0 
 0 
 0 
 0 
 0 
 0 
 0 
 0 
 0 
 0 
 0 
 0 
 0 
 0 
 0 
 0 
 0 
 0 
 0 
 0 
 0 
 0 
 0 
 0 
 0 
 0 
 0 
 0 
 0 
 0 
 0 
 0 
 0 
 0 
 0 
 0 
 0 
 0 
 0 
 0 
 0 
 0 
 0 
 0 
 0 
 0 
 0 
 0 
 0 
 0 
 0 
 0 
 0 
 0 
 0 
 0 
 0 
 0 
 0 
 0 
 0 
 0 
 0 
 0 
 0 
 0 
 0 
 0 
 0 
 0 
 0 
 0 
 0 
 0 
 0 
 0 
 0 
 0 
 0 
 0 
 0 
 0 
 0 
 0 
 0 
 0 
 0 
 0 
 0 
 0 
 0 
 0 
 0 
 0 
 0 
 0 
 0 
 0 
 0 
 0 
 0 
 0 
 0 
 0 
 0 
 0 
 0 
 0 
 0 
 0 
 0 
 0 
 0 
