 0 
 0 
 0 
 0 
 0 
 0 
 0 
 0 
 0 
 0 
 0 
 0 
 0 
 0 
 0 
 0 
 0 
 0 
 0 
 0 
 0 
 0 
 0 
 0 
 0 
 0 
 0 
 0 
 0 
 0 
 0 
 0 
 0 
 0 
 0 
 0 
 0 
 0 
 0 
 0 
 0 
 0 
 0 
 0 
 0 
 0 
 0 
 0 
 0 
 0 
 0 
 0 
 0 
 0 
 0 
 0 
 0 
 0 
 0 
 0 
 0 
 0 
 0 
 0 
 0 
 0 
 0 
 0 
 0 
 0 
 0 
 0 
 0 
 0 
 0 
 0 
 0 
 0 
 0 
 0 
 0 
 0 
 0 
 0 
 0 
 0 
 0 
 0 
 0 
 0 
 0 
 0 
 0 
 0 
 0 
 0 
 0 
 0 
 0 
 0 
 0 
 0 
 0 
 0 
 0 
 0 
 0 
 0 
 0 
 0 
 0 
 0 
 0 
 0 
 0 
 0 
 0 
 0 
 0 
 0 
 0 
 0 
 0 
 0 
 0 
 0 
 0 
 0 
 0 
 0 
 0 
 0 
 0 
 0 
 0 
 0 
 0 
 0 
 0 
 0 
 0 
 0 
 0 
 0 
 0 
 0 
 0 
 0 
 0 
 0 
 0 
 0 
 0 
 0 
 0 
 0 
 0 
 0 
 0 
 0 
 0 
 0 
 0 
 0 
 0 
 0 
 0 
 0 
 0 
 0 
 0 
 0 
 0 
 0 
 0 
 0 
 0 
 0 
 0 
 0 
 0 
 0 
 0 
 0 
 0 
 0 
 0 
 0 
 0 
 0 
 0 
 0 
 0 
 0 
 0 
 0 
 0 
 0 
 0 
 0 
 0 
 0 
 0 
 0 
 0 
 0 
 0 
 0 
 0 
 0 
 0 
 0 
 0 
 0 
 0 
 0 
 0 
 0 
 0 
 0 
 0 
 0 
 0 
 0 
 0 
 0 
 0 
 0 
 0 
 0 
 0 
 0 
 0 
 0 
 0 
 0 
 0 
 0 
 0 
 0 
 0 
 0 
 0 
 0 
 0 
 0 
 0 
 0 
 0 
 0 
 0 
 0 
 0 
 0 
 0 
 0 
 0 
 0 
 0 
 0 
 0 
 0 
 0 
 0 
 0 
 0 
 0 
 0 
 0 
 0 
 0 
 0 
 0 
 0 
 0 
 0 
 0 
 0 
 0 
 0 
 0 
 0 
 0 
 0 
 0 
 0 
 0 
 0 
 0 
 0 
 0 
 0 
 0 
 0 
 0 
 0 
 0 
 0 
 0 
 0 
 0 
 0 
 0 
 0 
 0 
 0 
 0 
 0 
 0 
 0 
 0 
 0 
 0 
 0 
 0 
 0 
 0 
 0 
 0 
 0 
 0 
 0 
 0 
 0 
 0 
 0 
 0 
 0 
 0 
 0 
 0 
 0 
 0 
 0 
 0 
 0 
 0 
 0 
 0 
 0 
 0 
 0 
 0 
 0 
 0 
 0 
 0 
 0 
 0 
 0 
 0 
 0 
 0 
 0 
 0 
 0 
 0 
 0 
 0 
 0 
 0 
 0 
 0 
 0 
 0 
 0 
 0 
 0 
 0 
 0 
 0 
 0 
 0 
 0 
 0 
 0 
 0 
 0 
 0 
 0 
 0 
 0 
 0 
 0 
 0 
 0 
 0 
 0 
 0 
 0 
 0 
 0 
 0 
 0 
 0 
 0 
 0 
 0 
 0 
 0 
 0 
 0 
 0 
 0 
 0 
 0 
 0 
 0 
 0 
 0 
 0 
 0 
 0 
 0 
 0 
 0 
 0 
 0 
 0 
 0 
 0 
 0 
 0 
 0 
 0 
 0 
 0 
 0 
 0 
 0 
 0 
 0 
 0 
 0 
 8,46740050804403E-04 
 8,46740050804403E-04 
 1,69348010160881E-03 
 1,69348010160881E-03 
 2,54022015241321E-03 
 3,38696020321761E-03 
 4,23370025402202E-03 
 5,92718035563082E-03 
 6,77392040643522E-03 
 7,62066045723963E-03 
 9,31414055884843E-03 
 9,31414055884843E-03 
 1,10076206604572E-02 
 0,012701100762066 
 1,69348010160881E-02 
 1,86282811176969E-02 
 2,11685012701101E-02 
 1,43945808636749E-02 
 2,28619813717189E-02 
 2,45554614733277E-02 
 2,87891617273497E-02 
 3,30228619813717E-02 
 2,87891617273497E-02 
 3,13293818797629E-02 
 3,38696020321761E-02 
 3,64098221845893E-02 
 3,89500423370025E-02 
 4,23370025402202E-02 
 4,57239627434378E-02 
 3,13293818797629E-02 
 3,47163420829805E-02 
 3,55630821337849E-02 
 2,87891617273497E-02 
 2,87891617273497E-02 
 2,37087214225233E-02 
 2,45554614733277E-02 
 2,54022015241321E-02 
 3,89500423370025E-02 
 3,97967823878069E-02 
 3,72565622353937E-02 
 3,64098221845893E-02 
 3,89500423370025E-02 
 4,06435224386113E-02 
 4,14902624894158E-02 
 4,31837425910246E-02 
 4,57239627434378E-02 
 4,74174428450466E-02 
 4,91109229466554E-02 
 0,048264182895851 
 0,048264182895851 
 0,052497883149873 
 9,82218458933107E-02 
 0,100762066045724 
 0,118543607112616 
 0,12108382726503 
 0,120237087214225 
 8,63674851820491E-02 
 7,70533446232007E-02 
 6,43522438611346E-02 
 6,43522438611346E-02 
 6,60457239627434E-02 
 0,069432684165961 
 7,45131244707875E-02 
 4,57239627434378E-02 
 4,48772226926334E-02 
 4,74174428450466E-02 
 4,65707027942422E-02 
 4,74174428450466E-02 
 4,99576629974598E-02 
 5,16511430990686E-02 
 5,41913632514818E-02 
 6,18120237087214E-02 
 6,77392040643522E-02 
 7,11261642675699E-02 
 0,132938187976291 
 0,119390347163421 
 0,110076206604572 
 0,132938187976291 
 0,139712108382726 
 0,120237087214225 
 0,124470787468247 
 5,84250635055038E-02 
 5,92718035563082E-02 
 6,26587637595258E-02 
 6,35055038103302E-02 
 6,18120237087214E-02 
 6,60457239627434E-02 
 0,069432684165961 
 7,02794242167655E-02 
 7,95935647756139E-02 
 7,79000846740051E-02 
 7,95935647756139E-02 
 8,04403048264183E-02 
 8,46740050804403E-02 
 8,21337849280271E-02 
 8,04403048264183E-02 
 9,06011854360711E-02 
 0,228619813717189 
 0,228619813717189 
 0,247248094834886 
 0,254022015241321 
 0,249788314987299 
 0,249788314987299 
 0,126164267569856 
 0,1346316680779 
 0,157493649449619 
 0,17696867061812 
 0,185436071126164 
 0,274343776460627 
 0,284504657070279 
 0,27688399661304 
 0,35393734123624 
 0,346316680779001 
 0,35393734123624 
 0,357324301439458 
 0,360711261642676 
 0,364944961896698 
 0,348856900931414 
 0,355630821337849 
 0,363251481795089 
 0,38272650296359 
 0,391193903471634 
 0,381879762912786 
 0,41913632514818 
 0,422523285351397 
 0,426756985605419 
 0,430143945808637 
 0,434377646062659 
 0,437764606265876 
 0,441998306519898 
 0,445385266723116 
 0,417442845046571 
 0,420829805249788 
 0,456392887383573 
 0,460626587637595 
 0,464013547840813 
 0,46740050804403 
 0,466553767993226 
 0,427603725656224 
 0,416596104995766 
 0,409822184589331 
 0,413209144792549 
 0,415749364944962 
 0,41913632514818 
 0,407281964436918 
 0,405588484335309 
 0,408128704487722 
 0,410668924640135 
 0,434377646062659 
 0,442845046570703 
 0,450465707027942 
 0,458933107535986 
 0,462320067739204 
 0,464860287891617 
 0,457239627434378 
 0,476714648602879 
 0,485182049110923 
 0,48264182895851 
 0,47502116850127 
 0,505503810330229 
 0,530906011854361 
 0,528365791701948 
 0,386113463166808 
 0,371718882303133 
 0,520745131244708 
 0,359017781541067 
 0,435224386113463 
 0,454699407281964 
 0,463166807790008 
 0,483488569009314 
 0,509737510584251 
 0,512277730736664 
 0,509737510584251 
 0,339542760372566 
 0,335309060118544 
 0,313293818797629 
 0,211685012701101 
 0,200677392040644 
 0,201524132091448 
 0,196443691786621 
 0,204064352243861 
 0,198983911939035 
 0,199830651989839 
 0,33276883996613 
 0,353090601185436 
 0,354784081287045 
 0,343776460626588 
 0,300592718035563 
 0,295512277730737 
 0,277730736663844 
 0,292125317527519 
 0,286198137171888 
 0,307366638441998 
 0,342082980524979 
 0,342929720575783 
 0,337849280270957 
 0,392887383573243 
 0,394580863674852 
 0,416596104995766 
 0,397967823878069 
 0,392887383573243 
 0,502963590177815 
 0,450465707027942 
 0,458933107535986 
 0,454699407281964 
 0,483488569009314 
 0,395427603725656 
 0,39034716342083 
 0,398814563928874 
 0,315834038950042 
 0,324301439458086 
 0,430990685859441 
 0,291278577476715 
 0,327688399661304 
 0,321761219305673 
 0,61727349703641 
 0,633361558001693 
 0,643522438611346 
 0,63844199830652 
 0,640135478408129 
 0,642675698560542 
 0,571549534292972 
 0,595258255715495 
 0,612193056731583 
 0,607112616426757 
 0,608806096528366 
 0,5961049957663 
 0,597798475867909 
 0,599491955969517 
 0,601185436071126 
 0,754445385266723 
 0,756138865368332 
 0,758679085520745 
 0,761219305673158 
 0,762912785774767 
 0,76545300592718 
 0,767993226079594 
 0,769686706181202 
 0,772226926333616 
 0,773920406435224 
 0,776460626587638 
 0,778154106689246 
 0,78069432684166 
 0,782387806943268 
 0,784928027095682 
 0,78662150719729 
 0,789161727349704 
 0,790855207451312 
 0,792548687552921 
 0,795088907705334 
 0,796782387806943 
 0,551227773073666 
 0,576629974597799 
 0,577476714648603 
 0,506350550381033 
 0,354784081287045 
 0,339542760372566 
 0,34038950042337 
 0,251481795088908 
 0,284504657070279 
 0,285351397121084 
 0,286198137171888 
 0,278577476714649 
 0,278577476714649 
 0,287891617273497 
 0,280270956816257 
 0,280270956816257 
 0,289585097375106 
 0,314987298899238 
 0,298899237933954 
 0,299745977984759 
 0,325148179508891 
 0,300592718035563 
 0,309060118543607 
 0,309906858594412 
 0,302286198137172 
 0,294665537679932 
 0,303132938187976 
 0,312447078746825 
 0,337849280270957 
 0,338696020321761 
 0,373412362404742 
 0,381879762912786 
 0,38272650296359 
 0,357324301439458 
 0,349703640982218 
 0,33276883996613 
 0,325148179508891 
 0,316680779000847 
 0,626587637595258 
 0,437764606265876 
 0,395427603725656 
 0,241320914479255 
 0,232853513971211 
 0,448772226926334 
 0,570702794242168 
 0,407281964436918 
 0,329381879762913 
 0,320914479254869 
 0,312447078746825 
 0,330228619813717 
 0,313293818797629 
 0,278577476714649 
 0,488569009314141 
 0,497883149872989 
 0,507197290431837 
 0,490262489415749 
 0,70956816257409 
 0,710414902624894 
 0,684165961049958 
 0,66723116003387 
 0,668077900084674 
 0,65961049957663 
 0,598645215918713 
 0,722269263336156 
 0,767146486028789 
 0,714648602878916 
 0,723962743437765 
 0,724809483488569 
 0,75190516511431 
 0,75190516511431 
 0,761219305673158 
 0,752751905165114 
 0,771380186282811 
 0,701100762066046 
 0,665537679932261 
 0,692633361558002 
 0,692633361558002 
 0,640135478408129 
 0,657917019475021 
 0,791701947502117 
 0,783234546994073 
 0,810330228619814 
 0,863674851820491 
 0,87298899237934 
 0,837425910245555 
 0,891617273497036 
 0,891617273497036 
 0,891617273497036 
 0,464013547840813 
 0,51735817104149 
 0,508890770533446 
 0,436917866215072 
 0,436917866215072 
 0,436917866215072 
 0,410668924640135 
 0,401354784081287 
 0,375105842506351 
 0,499576629974598 
 0,34801016088061 
 0,357324301439458 
 0,34801016088061 
 0,330228619813717 
 0,338696020321761 
 0,392887383573243 
 0,615580016934801 
 0,580016934801016 
 0,543607112616427 
 0,454699407281964 
 0,480948348856901 
 0,525825571549534 
 0,569856054191363 
 0,516511430990686 
 0,542760372565622 
 0,542760372565622 
 0,551227773073666 
 0,889077053344623 
 0,569009314140559 
 0,888230313293819 
 0,887383573243014 
 0,887383573243014 
 0,88653683319221 
 0,885690093141406 
 0,885690093141406 
 0,884843353090601 
 0,884843353090601 
 0,883996613039797 
 0,883149872988992 
 0,882303132938188 
 0,864521591871296 
 0,872142252328535 
 0,854360711261643 
 0,809483488569009 
 0,633361558001693 
 0,640982218458933 
 0,544453852667231 
 0,5961049957663 
 0,586790855207451 
 0,603725656223539 
 0,629974597798476 
 0,637595258255716 
 0,79424216765453 
 0,810330228619814 
 0,591871295512278 
 0,513124470787468 
 0,486875529212532 
 0,512277730736664 
 0,485182049110923 
 0,475867908552075 
 0,501270110076207 
 0,491955969517358 
 0,405588484335309 
 0,396274343776461 
 0,36155800169348 
 0,721422523285351 
 0,712108382726503 
 0,736663844199831 
 0,710414902624894 
 0,708721422523285 
 0,793395427603726 
 0,801016088060965 
 0,799322607959357 
 0,645215918712955 
 0,652836579170195 
 0,65198983911939 
 0,651143099068586 
 0,632514817950889 
 0,724809483488569 
 0,310753598645216 
 0,27688399661304 
 0,284504657070279 
 0,292972057578323 
 0,300592718035563 
 0,299745977984759 
 0,832345469940728 
 0,830651989839119 
 0,828958509737511 
 0,827265029635902 
 0,65198983911939 
 0,60965283657917 
 0,600338696020322 
 0,640135478408129 
 0,425910245554615 
 0,43268416596105 
 0,424216765453006 
 0,195596951735817 
 0,194750211685013 
 0,194750211685013 
 0,209991532599492 
 0,217612193056732 
 0,241320914479255 
 0,200677392040644 
 0,208298052497883 
 0,215918712955123 
 0,398814563928874 
 0,389500423370025 
 0,381033022861981 
 0,41151566469094 
 0,252328535139712 
 0,259949195596952 
 0,266723116003387 
 0,297205757832345 
 0,296359017781541 
 0,295512277730737 
 0,318374259102456 
 0,34038950042337 
 0,301439458086367 
 0,323454699407282 
 0,314987298899238 
 0,314140558848434 
 0,320914479254869 
 0,312447078746825 
 0,31160033869602 
 0,317527519051651 
 0,324301439458086 
 0,323454699407282 
 0,352243861134632 
 0,583403895004234 
 0,745131244707875 
 0,742591024555461 
 0,740050804403048 
 0,737510584250635 
 0,735817104149026 
 0,733276883996613 
 0,7307366638442 
 0,728196443691787 
 0,725656223539373 
 0,72311600338696 
 0,562235393734124 
 0,56731583403895 
 0,564775613886537 
 0,712955122777307 
 0,710414902624894 
 0,707874682472481 
 0,704487722269263 
 0,70194750211685 
 0,699407281964437 
 0,696867061812024 
 0,69432684165961 
 0,691786621507197 
 0,68839966130398 
 0,685859441151566 
 0,683319220999153 
 0,68077900084674 
 0,677392040643522 
 0,674851820491109 
 0,584250635055038 
 0,575783234546994 
 0,573243014394581 
 0,603725656223539 
 0,607959356477561 
 0,604572396274344 
 0,602032176121931 
 0,410668924640135 
 0,402201524132091 
 0,439458086367485 
 0,469093988145639 
 0,408975444538527 
 0,515664690939881 
 0,494496189669771 
 0,466553767993226 
 0,458086367485182 
 0,618120237087214 
 0,614733276883997 
 0,364944961896698 
 0,363251481795089 
 0,428450465707028 
 0,431837425910246 
 0,49618966977138 
 0,493649449618967 
 0,4614733276884 
 0,453005927180356 
 0,450465707027942 
 0,412362404741744 
 0,457239627434378 
 0,454699407281964 
 0,452159187129551 
 0,426756985605419 
 0,556308213378493 
 0,558848433530906 
 0,566469093988146 
 0,563082133784928 
 0,548687552921253 
 0,556308213378493 
 0,552921253175275 
 0,549534292972058 
 0,530059271803556 
 0,537679932260796 
 0,539373412362405 
 0,535986452159187 
 0,53259949195597 
 0,529212531752752 
 0,525825571549534 
 0,521591871295512 
 0,518204911092295 
 0,514817950889077 
 0,511430990685859 
 0,508044030482642 
 0,504657070279424 
 0,500423370025402 
 0,497036409822185 
 0,493649449618967 
 0,490262489415749 
 0,486028789161727 
 0,48264182895851 
 0,479254868755292 
 0,47502116850127 
 0,471634208298052 
 0,468247248094835 
 0,464013547840813 
 0,460626587637595 
 0,457239627434378 
 0,453005927180356 
 0,449618966977138 
 0,44623200677392 
 0,441998306519898 
 0,438611346316681 
 0,434377646062659 
 0,430990685859441 
 0,426756985605419 
 0,406435224386113 
 0,403048264182896 
 0,407281964436918 
 0,181202370872142 
 0,350550381033023 
 0,270956816257409 
 0,280270956816257 
 0,265876375952583 
 0,254868755292125 
 0,256562235393734 
 0,385266723116003 
 0,381033022861981 
 0,376799322607959 
 0,373412362404742 
 0,36917866215072 
 0,365791701947502 
 0,36155800169348 
 0,357324301439458 
 0,35393734123624 
 0,349703640982218 
 0,345469940728196 
 0,342082980524979 
 0,337849280270957 
 0,333615580016935 
 0,330228619813717 
 0,325994919559695 
 0,321761219305673 
 0,318374259102456 
 0,314140558848434 
 0,291278577476715 
 0,266723116003387 
 0,259949195596952 
 0,259102455546147 
 0,267569856054191 
 0,252328535139712 
 0,248941574936494 
 0,24809483488569 
 0,250635055038103 
 0,246401354784081 
 0,243014394580864 
 0,231160033869602 
 0,227773073666384 
 0,221845893310754 
 0,226079593564776 
 0,232853513971211 
 0,226079593564776 
 0,222692633361558 
 0,21930567315834 
 0,222692633361558 
 0,220999153259949 
 0,223539373412362 
 0,21930567315834 
 0,21337849280271 
 0,20575783234547 
 0,207451312447079 
 0,20575783234547 
 0,201524132091448 
 0,19813717188823 
 0,193903471634208 
 0,189669771380186 
 0,130397967823878 
 0,129551227773074 
 9,82218458933107E-02 
 9,06011854360711E-02 
 0,12108382726503 
 0,110076206604572 
 0,152413209144793 
 0,12701100762066 
 7,87468247248095E-02 
 6,01185436071126E-02 
 5,84250635055038E-02 
 9,73751058425063E-02 
 9,90685859441152E-02 
 9,22946655376799E-02 
 7,79000846740051E-02 
 5,33446232006774E-02 
 4,91109229466554E-02 
 5,16511430990686E-02 
 4,99576629974598E-02 
 6,18120237087214E-02 
 6,01185436071126E-02 
 5,58848433530906E-02 
 4,99576629974598E-02 
 4,57239627434378E-02 
 4,48772226926334E-02 
 4,14902624894158E-02 
 0,044030482641829 
 4,14902624894158E-02 
 3,72565622353937E-02 
 3,55630821337849E-02 
 3,38696020321761E-02 
 3,21761219305673E-02 
 2,62489415749365E-02 
 2,54022015241321E-02 
 2,11685012701101E-02 
 1,94750211685013E-02 
 1,86282811176969E-02 
 1,69348010160881E-02 
 1,60880609652837E-02 
 1,43945808636749E-02 
 1,35478408128704E-02 
 1,18543607112616E-02 
 1,18543607112616E-02 
 1,10076206604572E-02 
 1,10076206604572E-02 
 1,01608806096528E-02 
 1,01608806096528E-02 
 5,92718035563082E-03 
 5,92718035563082E-03 
 5,92718035563082E-03 
 6,77392040643522E-03 
 5,92718035563082E-03 
 4,23370025402202E-03 
 3,38696020321761E-03 
 3,38696020321761E-03 
 2,54022015241321E-03 
 2,54022015241321E-03 
 2,54022015241321E-03 
 1,69348010160881E-03 
 1,69348010160881E-03 
 8,46740050804403E-04 
 8,46740050804403E-04 
 8,46740050804403E-04 
 0 
 0 
 0 
 0 
 0 
 0 
 0 
 0 
 0 
 0 
 0 
 0 
 0 
 0 
 0 
 0 
 0 
 0 
 0 
 0 
 0 
 0 
 0 
 0 
 0 
 0 
 0 
 0 
 0 
 0 
 0 
 0 
 0 
 0 
 0 
 0 
 0 
 0 
 0 
 0 
 0 
 0 
 0 
 0 
 0 
 0 
 0 
 0 
 0 
 0 
 0 
 0 
 0 
 0 
 0 
 0 
 0 
 0 
 0 
 0 
 0 
 0 
 0 
 0 
 0 
 0 
 0 
 0 
 0 
 0 
 0 
 0 
 0 
 0 
 0 
 0 
 0 
 0 
 0 
 0 
 0 
 0 
 0 
 0 
 0 
 0 
 0 
 0 
 0 
 0 
 0 
 0 
 0 
 0 
 0 
 0 
 0 
 0 
 0 
 0 
 0 
 0 
 0 
 0 
 0 
 0 
 0 
 0 
 0 
 0 
 0 
 0 
 0 
 0 
 0 
 0 
 0 
 0 
 0 
 0 
 0 
 0 
 0 
 0 
 0 
 0 
 0 
 0 
 0 
 0 
 0 
 0 
 0 
 0 
 0 
 0 
 0 
 0 
 0 
 0 
 0 
 0 
 0 
 0 
 0 
 0 
 0 
 0 
 0 
 0 
 0 
 0 
 0 
 0 
 0 
 0 
 0 
 0 
 0 
 0 
 0 
 0 
 0 
 0 
 0 
 0 
 0 
 0 
 0 
 0 
 0 
 0 
 0 
 0 
 0 
 0 
 0 
 0 
 0 
 0 
 0 
 0 
 0 
 0 
 0 
 0 
 0 
 0 
 0 
 0 
 0 
 0 
 0 
 0 
 0 
 0 
 0 
 0 
 0 
 0 
 0 
 0 
 0 
 0 
 0 
 0 
 0 
 0 
 0 
 0 
 0 
 0 
 0 
 0 
 0 
 0 
 0 
 0 
 0 
 0 
 0 
 0 
 0 
 0 
 0 
 0 
 0 
 0 
 0 
 0 
 0 
 0 
 0 
 0 
 0 
 0 
 0 
 0 
 0 
 0 
 0 
 0 
 0 
 0 
 0 
 0 
 0 
 0 
 0 
 0 
 0 
 0 
 0 
 0 
 0 
 0 
 0 
 0 
 0 
 0 
 0 
 0 
 0 
 0 
 0 
 0 
 0 
 0 
 0 
 0 
 0 
 0 
 0 
 0 
 0 
 0 
 0 
 0 
 0 
 0 
 0 
 0 
 0 
 0 
 0 
 0 
 0 
 0 
 0 
 0 
 0 
 0 
 0 
 0 
 0 
 0 
 0 
 0 
 0 
 0 
 0 
 0 
 0 
 0 
 0 
 0 
 0 
 0 
 0 
 0 
 0 
 0 
 0 
