 0 
 0 
 0 
 0 
 0 
 0 
 0 
 0 
 0 
 0 
 0 
 0 
 0 
 0 
 0 
 0 
 0 
 0 
 0 
 0 
 0 
 0 
 0 
 0 
 0 
 0 
 0 
 0 
 0 
 0 
 0 
 0 
 0 
 0 
 0 
 0 
 0 
 0 
 0 
 0 
 0 
 0 
 0 
 0 
 0 
 0 
 0 
 0 
 0 
 0 
 0 
 0 
 0 
 0 
 0 
 0 
 0 
 0 
 0 
 0 
 0 
 0 
 0 
 0 
 0 
 0 
 0 
 0 
 0 
 0 
 0 
 0 
 0 
 0 
 0 
 0 
 0 
 0 
 0 
 0 
 0 
 0 
 0 
 0 
 0 
 0 
 0 
 0 
 0 
 0 
 0 
 0 
 0 
 0 
 0 
 0 
 0 
 0 
 0 
 0 
 0 
 0 
 0 
 0 
 0 
 0 
 0 
 0 
 0 
 0 
 0 
 0 
 0 
 0 
 0 
 0 
 0 
 0 
 0 
 0 
 0 
 0 
 0 
 0 
 0 
 0 
 0 
 0 
 0 
 0 
 0 
 0 
 0 
 0 
 0 
 0 
 0 
 0 
 0 
 0 
 0 
 0 
 0 
 0 
 0 
 0 
 0 
 0 
 0 
 0 
 0 
 0 
 0 
 0 
 0 
 0 
 0 
 0 
 0 
 0 
 0 
 0 
 0 
 0 
 0 
 0 
 0 
 0 
 0 
 0 
 0 
 0 
 0 
 0 
 0 
 0 
 0 
 0 
 0 
 0 
 0 
 0 
 0 
 0 
 0 
 0 
 0 
 0 
 0 
 0 
 0 
 0 
 0 
 0 
 0 
 0 
 0 
 0 
 0 
 0 
 0 
 0 
 0 
 0 
 0 
 0 
 0 
 0 
 0 
 0 
 0 
 0 
 0 
 0 
 0 
 0 
 0 
 0 
 0 
 0 
 0 
 0 
 0 
 0 
 0 
 0 
 0 
 0 
 0 
 0 
 0 
 0 
 0 
 0 
 0 
 0 
 0 
 0 
 0 
 0 
 0 
 0 
 0 
 0 
 0 
 0 
 0 
 0 
 0 
 0 
 0 
 0 
 0 
 0 
 0 
 0 
 0 
 0 
 0 
 0 
 0 
 0 
 0 
 0 
 0 
 0 
 0 
 0 
 0 
 0 
 0 
 0 
 0 
 0 
 0 
 0 
 0 
 0 
 0 
 0 
 0 
 0 
 0 
 0 
 0 
 0 
 0 
 0 
 0 
 0 
 0 
 0 
 0 
 0 
 0 
 0 
 0 
 0 
 0 
 0 
 0 
 0 
 0 
 0 
 0 
 0 
 0 
 0 
 0 
 0 
 0 
 0 
 0 
 0 
 0 
 0 
 0 
 0 
 0 
 0 
 0 
 0 
 0 
 0 
 0 
 0 
 0 
 0 
 0 
 0 
 0 
 0 
 0 
 0 
 0 
 0 
 0 
 0 
 0 
 0 
 0 
 0 
 0 
 0 
 0 
 0 
 0 
 0 
 0 
 0 
 0 
 0 
 0 
 0 
 0 
 0 
 0 
 0 
 0 
 0 
 0 
 0 
 0 
 0 
 0 
 0 
 0 
 0 
 0 
 0 
 0 
 0 
 0 
 0 
 0 
 0 
 0 
 0 
 0 
 0 
 0 
 0 
 0 
 0 
 0 
 0 
 0 
 0 
 0 
 0 
 0 
 0 
 0 
 0 
 0 
 0 
 0 
 0 
 0 
 0 
 0 
 0 
 0 
 0 
 0 
 0 
 0 
 0 
 0 
 0 
 0 
 0 
 0 
 0 
 0 
 0 
 0 
 0 
 0 
 0 
 0 
 0 
 0 
 0 
 0 
 0 
 0 
 0 
 0 
 0 
 0 
 0 
 0 
 0 
 0 
 8,46740050804403E-04 
 8,46740050804403E-04 
 8,46740050804403E-04 
 1,69348010160881E-03 
 1,69348010160881E-03 
 2,54022015241321E-03 
 2,54022015241321E-03 
 3,38696020321761E-03 
 4,23370025402202E-03 
 5,08044030482642E-03 
 6,77392040643522E-03 
 5,92718035563082E-03 
 6,77392040643522E-03 
 8,46740050804403E-03 
 9,31414055884843E-03 
 1,18543607112616E-02 
 8,46740050804403E-03 
 9,31414055884843E-03 
 1,01608806096528E-02 
 1,01608806096528E-02 
 1,43945808636749E-02 
 1,60880609652837E-02 
 2,11685012701101E-02 
 2,28619813717189E-02 
 2,96359017781541E-02 
 2,54022015241321E-02 
 2,62489415749365E-02 
 2,54022015241321E-02 
 2,96359017781541E-02 
 3,47163420829805E-02 
 5,41913632514818E-02 
 5,58848433530906E-02 
 5,92718035563082E-02 
 6,26587637595258E-02 
 6,43522438611346E-02 
 6,43522438611346E-02 
 6,77392040643522E-02 
 8,04403048264183E-02 
 8,38272650296359E-02 
 8,72142252328535E-02 
 9,06011854360711E-02 
 9,39881456392887E-02 
 9,65283657917019E-02 
 9,99153259949196E-02 
 0,106689246401355 
 0,116003386960203 
 0,119390347163421 
 0,123624047417443 
 0,12701100762066 
 0,131244707874682 
 0,1346316680779 
 0,138865368331922 
 0,14225232853514 
 0,146486028789162 
 0,149872988992379 
 0,154106689246401 
 0,115156646909399 
 0,122777307366638 
 0,119390347163421 
 0,116850127011008 
 0,117696867061812 
 0,140558848433531 
 0,141405588484335 
 0,168501270110076 
 0,174428450465707 
 0,176121930567316 
 0,181202370872142 
 0,191363251481795 
 0,197290431837426 
 0,16342082980525 
 0,164267569856054 
 0,16342082980525 
 0,165961049957663 
 0,166807790008467 
 0,183742591024555 
 0,187129551227773 
 0,187976291278577 
 0,193056731583404 
 0,208298052497883 
 0,214225232853514 
 0,149872988992379 
 0,151566469093988 
 0,182895850973751 
 0,222692633361558 
 0,223539373412362 
 0,22692633361558 
 0,227773073666384 
 0,253175275190517 
 0,122777307366638 
 0,110076206604572 
 0,108382726502964 
 0,217612193056732 
 0,223539373412362 
 0,214225232853514 
 0,244707874682472 
 0,244707874682472 
 0,254022015241321 
 0,257408975444539 
 0,260795935647756 
 0,263336155800169 
 0,273497036409822 
 0,297205757832345 
 0,297205757832345 
 0,300592718035563 
 0,317527519051651 
 0,325148179508891 
 0,331922099915326 
 0,350550381033023 
 0,364944961896698 
 0,36917866215072 
 0,372565622353937 
 0,376799322607959 
 0,380186282811177 
 0,384419983065199 
 0,388653683319221 
 0,392040643522439 
 0,396274343776461 
 0,399661303979678 
 0,4038950042337 
 0,407281964436918 
 0,41151566469094 
 0,414902624894157 
 0,41913632514818 
 0,422523285351397 
 0,426756985605419 
 0,430143945808637 
 0,434377646062659 
 0,437764606265876 
 0,441998306519898 
 0,445385266723116 
 0,448772226926334 
 0,453005927180356 
 0,456392887383573 
 0,460626587637595 
 0,464013547840813 
 0,46740050804403 
 0,471634208298052 
 0,47502116850127 
 0,469093988145639 
 0,434377646062659 
 0,43268416596105 
 0,318374259102456 
 0,153259949195597 
 0,173581710414903 
 0,180355630821338 
 0,191363251481795 
 0,187976291278577 
 0,24047417442845 
 0,324301439458086 
 0,320914479254869 
 0,338696020321761 
 0,236240474174428 
 0,22692633361558 
 0,25571549534293 
 0,267569856054191 
 0,242167654530059 
 0,249788314987299 
 0,24047417442845 
 0,488569009314141 
 0,491955969517358 
 0,494496189669771 
 0,508890770533446 
 0,51735817104149 
 0,537679932260796 
 0,524132091447925 
 0,53259949195597 
 0,535986452159187 
 0,5385266723116 
 0,530059271803556 
 0,515664690939881 
 0,353090601185436 
 0,379339542760373 
 0,154953429297206 
 0,132091447925487 
 0,150719729043184 
 0,157493649449619 
 0,164267569856054 
 0,17696867061812 
 0,160033869602032 
 0,172734970364098 
 0,186282811176969 
 0,187129551227773 
 0,175275190516511 
 0,201524132091448 
 0,196443691786621 
 0,215918712955123 
 0,217612193056732 
 0,218458933107536 
 0,212531752751905 
 0,214225232853514 
 0,260795935647756 
 0,254868755292125 
 0,354784081287045 
 0,370025402201524 
 0,410668924640135 
 0,632514817950889 
 0,628281117696867 
 0,624894157493649 
 0,607112616426757 
 0,650296359017781 
 0,367485182049111 
 0,334462320067739 
 0,370025402201524 
 0,358171041490262 
 0,325148179508891 
 0,33276883996613 
 0,327688399661304 
 0,321761219305673 
 0,315834038950042 
 0,309906858594412 
 0,480948348856901 
 0,48264182895851 
 0,263336155800169 
 0,614733276883997 
 0,61727349703641 
 0,48264182895851 
 0,513124470787468 
 0,536833192209991 
 0,364098221845893 
 0,386960203217612 
 0,23454699407282 
 0,21337849280271 
 0,220999153259949 
 0,192209991532599 
 0,252328535139712 
 0,193903471634208 
 0,193903471634208 
 0,284504657070279 
 0,714648602878916 
 0,716342082980525 
 0,718882303132938 
 0,682472480948349 
 0,692633361558002 
 0,69432684165961 
 0,696867061812024 
 0,668077900084674 
 0,654530059271804 
 0,656223539373412 
 0,665537679932261 
 0,698560541913632 
 0,692633361558002 
 0,686706181202371 
 0,665537679932261 
 0,658763759525826 
 0,684165961049958 
 0,685859441151566 
 0,687552921253175 
 0,690093141405589 
 0,691786621507197 
 0,693480101608806 
 0,695173581710415 
 0,616426756985605 
 0,618120237087214 
 0,788314987298899 
 0,806096528365792 
 0,8077900084674 
 0,809483488569009 
 0,811176968670618 
 0,813717188823031 
 0,81541066892464 
 0,817104149026249 
 0,818797629127858 
 0,820491109229467 
 0,822184589331075 
 0,823878069432684 
 0,825571549534293 
 0,827265029635902 
 0,828958509737511 
 0,829805249788315 
 0,831498729889924 
 0,824724809483489 
 0,817950889077053 
 0,543607112616427 
 0,527519051651143 
 0,839119390347163 
 0,840812870448772 
 0,842506350550381 
 0,843353090601185 
 0,845046570702794 
 0,846740050804403 
 0,847586790855207 
 0,849280270956816 
 0,850127011007621 
 0,851820491109229 
 0,741744284504657 
 0,811176968670618 
 0,710414902624894 
 0,702794242167655 
 0,703640982218459 
 0,696020321761219 
 0,68839966130398 
 0,714648602878916 
 0,707027942421677 
 0,768839966130398 
 0,769686706181202 
 0,727349703640982 
 0,728196443691787 
 0,729043183742591 
 0,721422523285351 
 0,722269263336156 
 0,774767146486029 
 0,775613886536833 
 0,784928027095682 
 0,812023708721422 
 0,874682472480948 
 0,875529212531753 
 0,876375952582557 
 0,876375952582557 
 0,877222692633362 
 0,878069432684166 
 0,87891617273497 
 0,879762912785775 
 0,880609652836579 
 0,881456392887384 
 0,882303132938188 
 0,882303132938188 
 0,829805249788315 
 0,839966130397968 
 0,760372565622354 
 0,787468247248095 
 0,788314987298899 
 0,797629127857748 
 0,779847586790855 
 0,798475867908552 
 0,8077900084674 
 0,799322607959357 
 0,790855207451312 
 0,861981371718882 
 0,862828111769687 
 0,889923793395428 
 0,889923793395428 
 0,889923793395428 
 0,890770533446232 
 0,890770533446232 
 0,890770533446232 
 0,891617273497036 
 0,891617273497036 
 0,891617273497036 
 0,891617273497036 
 0,883149872988992 
 0,883149872988992 
 0,892464013547841 
 0,892464013547841 
 0,892464013547841 
 0,892464013547841 
 0,892464013547841 
 0,892464013547841 
 0,892464013547841 
 0,892464013547841 
 0,892464013547841 
 0,892464013547841 
 0,892464013547841 
 0,597798475867909 
 0,767146486028789 
 0,775613886536833 
 0,793395427603726 
 0,784928027095682 
 0,80186282811177 
 0,80186282811177 
 0,80186282811177 
 0,623200677392041 
 0,658763759525826 
 0,69432684165961 
 0,764606265876376 
 0,756138865368332 
 0,755292125317528 
 0,666384419983065 
 0,701100762066046 
 0,701100762066046 
 0,701100762066046 
 0,779847586790855 
 0,841659610499577 
 0,823878069432684 
 0,513124470787468 
 0,513124470787468 
 0,521591871295512 
 0,494496189669771 
 0,502963590177815 
 0,493649449618967 
 0,431837425910246 
 0,396274343776461 
 0,65961049957663 
 0,55376799322608 
 0,456392887383573 
 0,456392887383573 
 0,622353937341236 
 0,683319220999153 
 0,682472480948349 
 0,681625740897544 
 0,785774767146486 
 0,549534292972058 
 0,505503810330229 
 0,400508044030483 
 0,400508044030483 
 0,399661303979678 
 0,78069432684166 
 0,762912785774767 
 0,74428450465707 
 0,371718882303133 
 0,362404741744284 
 0,758679085520745 
 0,413209144792549 
 0,404741744284505 
 0,412362404741744 
 0,429297205757832 
 0,428450465707028 
 0,444538526672312 
 0,649449618966977 
 0,657070279424217 
 0,536833192209991 
 0,527519051651143 
 0,526672311600339 
 0,220152413209145 
 0,270956816257409 
 0,270110076206605 
 0,287044877222693 
 0,2692633361558 
 0,252328535139712 
 0,251481795088908 
 0,23454699407282 
 0,23454699407282 
 0,233700254022015 
 0,225232853513971 
 0,232853513971211 
 0,232853513971211 
 0,223539373412362 
 0,206604572396274 
 0,214225232853514 
 0,222692633361558 
 0,238780694326842 
 0,451312447078747 
 0,818797629127858 
 0,817104149026249 
 0,81541066892464 
 0,813717188823031 
 0,812023708721422 
 0,810330228619814 
 0,8077900084674 
 0,806096528365792 
 0,804403048264183 
 0,802709568162574 
 0,801016088060965 
 0,798475867908552 
 0,796782387806943 
 0,795088907705334 
 0,793395427603726 
 0,790855207451312 
 0,789161727349704 
 0,78662150719729 
 0,784928027095682 
 0,783234546994073 
 0,78069432684166 
 0,779000846740051 
 0,776460626587638 
 0,774767146486029 
 0,772226926333616 
 0,762066045723963 
 0,760372565622354 
 0,76545300592718 
 0,763759525825571 
 0,761219305673158 
 0,758679085520745 
 0,756985605419136 
 0,754445385266723 
 0,75190516511431 
 0,749364944961897 
 0,747671464860288 
 0,745131244707875 
 0,742591024555461 
 0,740050804403048 
 0,737510584250635 
 0,654530059271804 
 0,711261642675699 
 0,715495342929721 
 0,713801862828112 
 0,718035563082134 
 0,715495342929721 
 0,712955122777307 
 0,710414902624894 
 0,707874682472481 
 0,712955122777307 
 0,710414902624894 
 0,707874682472481 
 0,704487722269263 
 0,70194750211685 
 0,699407281964437 
 0,696867061812024 
 0,69432684165961 
 0,691786621507197 
 0,68839966130398 
 0,685859441151566 
 0,539373412362405 
 0,530906011854361 
 0,528365791701948 
 0,533446232006774 
 0,530906011854361 
 0,535139712108383 
 0,53259949195597 
 0,543607112616427 
 0,514817950889077 
 0,492802709568163 
 0,353090601185436 
 0,352243861134632 
 0,414902624894157 
 0,419983065198984 
 0,398814563928874 
 0,447925486875529 
 0,490262489415749 
 0,513124470787468 
 0,51735817104149 
 0,627434377646063 
 0,624047417442845 
 0,35393734123624 
 0,358171041490262 
 0,36917866215072 
 0,342929720575783 
 0,261642675698561 
 0,24809483488569 
 0,265029635901778 
 0,263336155800169 
 0,292125317527519 
 0,29043183742591 
 0,318374259102456 
 0,334462320067739 
 0,314987298899238 
 0,388653683319221 
 0,414902624894157 
 0,441151566469094 
 0,438611346316681 
 0,453005927180356 
 0,450465707027942 
 0,447925486875529 
 0,445385266723116 
 0,442845046570703 
 0,472480948348857 
 0,464013547840813 
 0,466553767993226 
 0,464013547840813 
 0,460626587637595 
 0,468247248094835 
 0,465707027942422 
 0,452159187129551 
 0,448772226926334 
 0,337002540220152 
 0,350550381033023 
 0,337849280270957 
 0,386113463166808 
 0,388653683319221 
 0,400508044030483 
 0,397967823878069 
 0,394580863674852 
 0,381879762912786 
 0,384419983065199 
 0,381033022861981 
 0,378492802709568 
 0,365791701947502 
 0,35393734123624 
 0,351397121083827 
 0,34801016088061 
 0,271803556308213 
 0,402201524132091 
 0,398814563928874 
 0,400508044030483 
 0,392040643522439 
 0,388653683319221 
 0,381033022861981 
 0,378492802709568 
 0,370872142252329 
 0,367485182049111 
 0,364098221845893 
 0,41913632514818 
 0,415749364944962 
 0,41151566469094 
 0,408128704487722 
 0,4038950042337 
 0,400508044030483 
 0,396274343776461 
 0,392887383573243 
 0,388653683319221 
 0,385266723116003 
 0,381033022861981 
 0,376799322607959 
 0,373412362404742 
 0,36917866215072 
 0,365791701947502 
 0,36155800169348 
 0,357324301439458 
 0,35393734123624 
 0,349703640982218 
 0,345469940728196 
 0,342082980524979 
 0,337849280270957 
 0,333615580016935 
 0,330228619813717 
 0,325994919559695 
 0,321761219305673 
 0,318374259102456 
 0,314140558848434 
 0,309906858594412 
 0,306519898391194 
 0,302286198137172 
 0,29805249788315 
 0,291278577476715 
 0,29043183742591 
 0,286198137171888 
 0,281964436917866 
 0,277730736663844 
 0,274343776460627 
 0,270110076206605 
 0,265876375952583 
 0,262489415749365 
 0,258255715495343 
 0,254022015241321 
 0,249788314987299 
 0,246401354784081 
 0,242167654530059 
 0,237933954276037 
 0,233700254022015 
 0,230313293818798 
 0,226079593564776 
 0,221845893310754 
 0,217612193056732 
 0,214225232853514 
 0,209991532599492 
 0,20575783234547 
 0,201524132091448 
 0,19813717188823 
 0,193903471634208 
 0,189669771380186 
 0,186282811176969 
 0,182049110922947 
 0,177815410668925 
 0,174428450465707 
 0,170194750211685 
 0,164267569856054 
 0,138018628281118 
 0,1346316680779 
 0,131244707874682 
 0,127857747671465 
 0,124470787468247 
 0,124470787468247 
 0,112616426756986 
 0,122777307366638 
 0,12108382726503 
 0,116003386960203 
 0,111769686706181 
 0,109229466553768 
 7,70533446232007E-02 
 7,53598645215919E-02 
 7,11261642675699E-02 
 5,92718035563082E-02 
 5,58848433530906E-02 
 5,41913632514818E-02 
 0,052497883149873 
 4,99576629974598E-02 
 4,99576629974598E-02 
 5,16511430990686E-02 
 0,052497883149873 
 7,11261642675699E-02 
 6,85859441151566E-02 
 6,35055038103302E-02 
 0,052497883149873 
 4,99576629974598E-02 
 4,57239627434378E-02 
 3,89500423370025E-02 
 3,47163420829805E-02 
 2,87891617273497E-02 
 2,70956816257409E-02 
 2,62489415749365E-02 
 2,96359017781541E-02 
 2,20152413209145E-02 
 3,64098221845893E-02 
 3,38696020321761E-02 
 3,04826418289585E-02 
 2,62489415749365E-02 
 2,37087214225233E-02 
 2,11685012701101E-02 
 1,52413209144793E-02 
 1,43945808636749E-02 
 0,012701100762066 
 1,10076206604572E-02 
 9,31414055884843E-03 
 8,46740050804403E-03 
 5,92718035563082E-03 
 5,08044030482642E-03 
 5,08044030482642E-03 
 4,23370025402202E-03 
 3,38696020321761E-03 
 2,54022015241321E-03 
 1,69348010160881E-03 
 1,69348010160881E-03 
 8,46740050804403E-04 
 8,46740050804403E-04 
 8,46740050804403E-04 
 0 
 0 
 0 
 0 
 0 
 0 
 0 
 0 
 0 
 0 
 0 
 0 
 0 
 0 
 0 
 0 
 0 
 0 
 0 
 0 
 0 
 0 
 0 
 0 
 0 
 0 
 0 
 0 
 0 
 0 
 0 
 0 
 0 
 0 
 0 
 0 
 0 
 0 
 0 
 0 
 0 
 0 
 0 
 0 
 0 
 0 
 0 
 0 
 0 
 0 
 0 
 0 
 0 
 0 
 0 
 0 
 0 
 0 
 0 
 0 
 0 
 0 
 0 
 0 
 0 
 0 
 0 
 0 
 0 
 0 
 0 
 0 
 0 
 0 
 0 
 0 
 0 
 0 
 0 
 0 
 0 
 0 
 0 
 0 
 0 
 0 
 0 
 0 
 0 
 0 
 0 
 0 
 0 
 0 
 0 
 0 
 0 
 0 
 0 
 0 
 0 
 0 
 0 
 0 
 0 
 0 
 0 
 0 
 0 
 0 
 0 
 0 
 0 
 0 
 0 
 0 
 0 
 0 
 0 
 0 
 0 
 0 
 0 
 0 
 0 
 0 
 0 
 0 
 0 
 0 
 0 
 0 
 0 
 0 
 0 
 0 
 0 
 0 
 0 
 0 
 0 
 0 
 0 
 0 
 0 
 0 
 0 
 0 
 0 
 0 
 0 
 0 
 0 
 0 
 0 
 0 
 0 
 0 
 0 
 0 
 0 
 0 
 0 
 0 
 0 
 0 
 0 
 0 
 0 
 0 
 0 
 0 
 0 
 0 
 0 
 0 
 0 
 0 
 0 
 0 
 0 
 0 
 0 
 0 
 0 
 0 
 0 
 0 
 0 
 0 
 0 
 0 
 0 
 0 
 0 
 0 
 0 
 0 
 0 
 0 
 0 
 0 
 0 
 0 
 0 
 0 
 0 
 0 
 0 
 0 
 0 
 0 
 0 
 0 
 0 
 0 
 0 
 0 
 0 
 0 
 0 
 0 
 0 
 0 
 0 
 0 
 0 
 0 
 0 
 0 
 0 
 0 
 0 
 0 
 0 
 0 
 0 
 0 
 0 
 0 
 0 
 0 
 0 
 0 
 0 
 0 
 0 
 0 
 0 
 0 
 0 
 0 
 0 
 0 
 0 
 0 
 0 
 0 
 0 
 0 
 0 
 0 
 0 
 0 
 0 
 0 
 0 
 0 
 0 
 0 
 0 
 0 
 0 
 0 
 0 
 0 
 0 
 0 
 0 
 0 
 0 
 0 
 0 
 0 
 0 
 0 
 0 
 0 
 0 
 0 
 0 
 0 
 0 
 0 
 0 
 0 
 0 
 0 
 0 
 0 
 0 
 0 
 0 
 0 
 0 
 0 
 0 
 0 
 0 
 0 
 0 
