 0 
 0 
 0 
 0 
 0 
 0 
 0 
 0 
 0 
 0 
 0 
 0 
 0 
 0 
 0 
 0 
 0 
 0 
 0 
 0 
 0 
 0 
 0 
 0 
 0 
 0 
 0 
 0 
 0 
 0 
 0 
 0 
 0 
 0 
 0 
 0 
 0 
 0 
 0 
 0 
 0 
 0 
 0 
 0 
 0 
 0 
 0 
 0 
 0 
 0 
 0 
 0 
 0 
 0 
 0 
 0 
 0 
 0 
 0 
 0 
 0 
 0 
 0 
 0 
 0 
 0 
 0 
 0 
 0 
 0 
 0 
 0 
 0 
 0 
 0 
 0 
 0 
 0 
 0 
 0 
 0 
 0 
 0 
 0 
 0 
 0 
 0 
 0 
 0 
 0 
 0 
 0 
 0 
 0 
 0 
 0 
 0 
 0 
 0 
 0 
 0 
 0 
 0 
 0 
 0 
 0 
 0 
 0 
 0 
 0 
 0 
 0 
 0 
 0 
 0 
 0 
 0 
 0 
 0 
 0 
 0 
 0 
 0 
 0 
 0 
 0 
 0 
 0 
 0 
 0 
 0 
 0 
 0 
 0 
 0 
 0 
 0 
 0 
 0 
 0 
 0 
 0 
 0 
 0 
 0 
 0 
 0 
 0 
 0 
 0 
 0 
 0 
 0 
 0 
 0 
 0 
 0 
 0 
 0 
 0 
 0 
 0 
 0 
 0 
 0 
 0 
 0 
 0 
 0 
 0 
 0 
 0 
 0 
 0 
 0 
 0 
 0 
 0 
 0 
 0 
 0 
 0 
 0 
 0 
 0 
 0 
 0 
 0 
 0 
 0 
 0 
 0 
 0 
 0 
 0 
 0 
 0 
 0 
 0 
 0 
 0 
 0 
 0 
 0 
 0 
 0 
 0 
 0 
 0 
 0 
 0 
 0 
 0 
 0 
 0 
 0 
 0 
 0 
 0 
 0 
 0 
 0 
 0 
 0 
 0 
 0 
 0 
 0 
 0 
 0 
 0 
 0 
 0 
 0 
 0 
 0 
 0 
 0 
 0 
 0 
 0 
 0 
 0 
 0 
 0 
 0 
 0 
 0 
 0 
 0 
 0 
 0 
 0 
 0 
 0 
 0 
 0 
 0 
 0 
 0 
 0 
 0 
 0 
 0 
 0 
 0 
 0 
 0 
 0 
 0 
 0 
 0 
 0 
 0 
 0 
 0 
 0 
 0 
 0 
 0 
 0 
 0 
 0 
 0 
 0 
 0 
 0 
 0 
 0 
 0 
 0 
 0 
 0 
 0 
 0 
 0 
 0 
 0 
 0 
 0 
 0 
 0 
 0 
 0 
 0 
 0 
 0 
 0 
 0 
 0 
 0 
 0 
 0 
 0 
 0 
 0 
 0 
 0 
 0 
 0 
 0 
 0 
 0 
 0 
 0 
 0 
 0 
 0 
 0 
 0 
 0 
 0 
 0 
 0 
 0 
 0 
 0 
 0 
 0 
 0 
 0 
 0 
 0 
 0 
 0 
 0 
 0 
 0 
 0 
 0 
 0 
 0 
 0 
 0 
 0 
 0 
 0 
 0 
 0 
 0 
 0 
 0 
 0 
 0 
 0 
 0 
 0 
 0 
 0 
 0 
 0 
 0 
 0 
 0 
 0 
 0 
 0 
 0 
 0 
 0 
 0 
 0 
 0 
 0 
 0 
 0 
 0 
 0 
 0 
 0 
 0 
 0 
 0 
 0 
 0 
 0 
 0 
 0 
 0 
 0 
 0 
 0 
 0 
 0 
 0 
 0 
 0 
 0 
 0 
 0 
 0 
 0 
 0 
 0 
 0 
 0 
 0 
 0 
 0 
 0 
 0 
 0 
 0 
 0 
 0 
 0 
 0 
 0 
 0 
 0 
 0 
 0 
 0 
 0 
 8,46740050804403E-04 
 8,46740050804403E-04 
 8,46740050804403E-04 
 8,46740050804403E-04 
 8,46740050804403E-04 
 1,69348010160881E-03 
 1,69348010160881E-03 
 2,54022015241321E-03 
 3,38696020321761E-03 
 4,23370025402202E-03 
 4,23370025402202E-03 
 5,08044030482642E-03 
 5,08044030482642E-03 
 5,92718035563082E-03 
 5,92718035563082E-03 
 7,62066045723963E-03 
 7,62066045723963E-03 
 1,01608806096528E-02 
 9,31414055884843E-03 
 1,01608806096528E-02 
 1,10076206604572E-02 
 0,012701100762066 
 0,012701100762066 
 1,86282811176969E-02 
 2,11685012701101E-02 
 2,03217612193057E-02 
 1,69348010160881E-02 
 1,69348010160881E-02 
 1,69348010160881E-02 
 1,60880609652837E-02 
 1,94750211685013E-02 
 2,03217612193057E-02 
 2,03217612193057E-02 
 2,11685012701101E-02 
 2,03217612193057E-02 
 2,03217612193057E-02 
 2,11685012701101E-02 
 2,37087214225233E-02 
 2,54022015241321E-02 
 2,45554614733277E-02 
 2,45554614733277E-02 
 2,96359017781541E-02 
 3,21761219305673E-02 
 3,21761219305673E-02 
 3,72565622353937E-02 
 3,81033022861981E-02 
 4,06435224386113E-02 
 3,97967823878069E-02 
 0,044030482641829 
 4,23370025402202E-02 
 3,81033022861981E-02 
 8,04403048264183E-02 
 8,55207451312447E-02 
 7,70533446232007E-02 
 8,04403048264183E-02 
 8,12870448772227E-02 
 8,12870448772227E-02 
 8,80609652836579E-02 
 8,55207451312447E-02 
 9,14479254868755E-02 
 9,14479254868755E-02 
 9,56816257408975E-02 
 9,73751058425063E-02 
 0,101608806096528 
 0,107535986452159 
 0,115156646909399 
 9,90685859441152E-02 
 0,102455546147333 
 9,90685859441152E-02 
 9,82218458933107E-02 
 0,100762066045724 
 9,99153259949196E-02 
 0,104149026248942 
 0,121930567315834 
 0,103302286198137 
 9,39881456392887E-02 
 0,116850127011008 
 0,104149026248942 
 0,104149026248942 
 0,100762066045724 
 0,110076206604572 
 9,39881456392887E-02 
 0,100762066045724 
 0,110076206604572 
 0,180355630821338 
 0,191363251481795 
 0,193903471634208 
 0,199830651989839 
 0,216765453005927 
 0,160033869602032 
 0,162574089754445 
 0,161727349703641 
 0,151566469093988 
 0,150719729043184 
 0,152413209144793 
 0,238780694326842 
 0,24809483488569 
 0,257408975444539 
 0,260795935647756 
 0,263336155800169 
 0,259949195596952 
 0,263336155800169 
 0,297205757832345 
 0,297205757832345 
 0,320914479254869 
 0,292972057578323 
 0,296359017781541 
 0,299745977984759 
 0,360711261642676 
 0,364944961896698 
 0,36917866215072 
 0,372565622353937 
 0,376799322607959 
 0,297205757832345 
 0,307366638441998 
 0,276037256562235 
 0,274343776460627 
 0,257408975444539 
 0,343776460626588 
 0,347163420829805 
 0,346316680779001 
 0,345469940728196 
 0,344623200677392 
 0,34801016088061 
 0,350550381033023 
 0,268416596104996 
 0,309906858594412 
 0,308213378492803 
 0,376799322607959 
 0,414902624894157 
 0,414055884843353 
 0,422523285351397 
 0,412362404741744 
 0,424216765453006 
 0,179508890770533 
 0,232006773920406 
 0,233700254022015 
 0,277730736663844 
 0,161727349703641 
 0,162574089754445 
 0,182895850973751 
 0,175275190516511 
 0,146486028789162 
 0,132938187976291 
 0,129551227773074 
 0,120237087214225 
 0,126164267569856 
 0,116850127011008 
 0,122777307366638 
 0,118543607112616 
 0,1346316680779 
 0,130397967823878 
 0,126164267569856 
 0,12701100762066 
 0,116850127011008 
 0,149872988992379 
 0,172734970364098 
 0,173581710414903 
 0,180355630821338 
 0,192209991532599 
 0,193056731583404 
 0,188823031329382 
 0,190516511430991 
 0,185436071126164 
 0,294665537679932 
 0,216765453005927 
 0,223539373412362 
 0,21337849280271 
 0,220152413209145 
 0,215918712955123 
 0,222692633361558 
 0,265029635901778 
 0,260795935647756 
 0,214225232853514 
 0,209991532599492 
 0,216765453005927 
 0,211685012701101 
 0,212531752751905 
 0,226079593564776 
 0,220999153259949 
 0,228619813717189 
 0,236240474174428 
 0,237087214225233 
 0,232006773920406 
 0,258255715495343 
 0,227773073666384 
 0,229466553767993 
 0,236240474174428 
 0,237933954276037 
 0,309906858594412 
 0,356477561388654 
 0,260795935647756 
 0,268416596104996 
 0,230313293818798 
 0,243861134631668 
 0,252328535139712 
 0,246401354784081 
 0,260795935647756 
 0,281964436917866 
 0,309906858594412 
 0,31160033869602 
 0,312447078746825 
 0,307366638441998 
 0,363251481795089 
 0,351397121083827 
 0,165961049957663 
 0,166807790008467 
 0,166807790008467 
 0,167654530059272 
 0,168501270110076 
 0,190516511430991 
 0,17696867061812 
 0,15580016934801 
 0,164267569856054 
 0,164267569856054 
 0,171888230313294 
 0,172734970364098 
 0,194750211685013 
 0,181202370872142 
 0,174428450465707 
 0,182895850973751 
 0,182895850973751 
 0,183742591024555 
 0,169348010160881 
 0,170194750211685 
 0,16342082980525 
 0,171041490262489 
 0,171888230313294 
 0,12701100762066 
 0,135478408128704 
 0,143099068585944 
 0,159187129551228 
 0,159187129551228 
 0,160033869602032 
 0,152413209144793 
 0,168501270110076 
 0,168501270110076 
 0,17696867061812 
 0,185436071126164 
 0,193903471634208 
 0,193903471634208 
 0,209991532599492 
 0,210838272650296 
 0,250635055038103 
 0,259102455546147 
 0,259949195596952 
 0,259949195596952 
 0,2692633361558 
 0,261642675698561 
 0,254022015241321 
 0,254868755292125 
 0,223539373412362 
 0,224386113463167 
 0,224386113463167 
 0,248941574936494 
 0,265876375952583 
 0,291278577476715 
 0,283657917019475 
 0,341236240474174 
 0,480101608806097 
 0,54614733276884 
 0,563928873835732 
 0,499576629974598 
 0,475867908552075 
 0,270956816257409 
 0,280270956816257 
 0,272650296359018 
 0,265029635901778 
 0,265029635901778 
 0,281964436917866 
 0,249788314987299 
 0,208298052497883 
 0,192209991532599 
 0,175275190516511 
 0,193056731583404 
 0,18458933107536 
 0,18458933107536 
 0,185436071126164 
 0,193903471634208 
 0,203217612193057 
 0,203217612193057 
 0,203217612193057 
 0,220999153259949 
 0,220999153259949 
 0,221845893310754 
 0,238780694326842 
 0,24809483488569 
 0,239627434377646 
 0,239627434377646 
 0,214225232853514 
 0,223539373412362 
 0,223539373412362 
 0,223539373412362 
 0,19813717188823 
 0,198983911939035 
 0,215918712955123 
 0,198983911939035 
 0,190516511430991 
 0,199830651989839 
 0,199830651989839 
 0,182895850973751 
 0,479254868755292 
 0,470787468247248 
 0,462320067739204 
 0,585097375105842 
 0,550381033022862 
 0,585944115156647 
 0,534292972057578 
 0,622353937341236 
 0,544453852667231 
 0,834038950042337 
 0,87891617273497 
 0,879762912785775 
 0,880609652836579 
 0,881456392887384 
 0,882303132938188 
 0,882303132938188 
 0,741744284504657 
 0,636748518204911 
 0,883996613039797 
 0,628281117696867 
 0,726502963590178 
 0,762066045723963 
 0,762066045723963 
 0,869602032176122 
 0,869602032176122 
 0,834885690093141 
 0,834885690093141 
 0,755292125317528 
 0,693480101608806 
 0,542760372565622 
 0,436071126164268 
 0,427603725656224 
 0,507197290431837 
 0,587637595258256 
 0,606265876375953 
 0,454699407281964 
 0,454699407281964 
 0,472480948348857 
 0,472480948348857 
 0,606265876375953 
 0,597798475867909 
 0,696020321761219 
 0,678238780694327 
 0,883149872988992 
 0,856900931414056 
 0,856900931414056 
 0,874682472480948 
 0,571549534292972 
 0,615580016934801 
 0,473327688399661 
 0,44623200677392 
 0,44623200677392 
 0,508890770533446 
 0,552921253175275 
 0,570702794242168 
 0,668924640135478 
 0,891617273497036 
 0,891617273497036 
 0,890770533446232 
 0,890770533446232 
 0,890770533446232 
 0,489415749364945 
 0,463166807790008 
 0,52497883149873 
 0,471634208298052 
 0,470787468247248 
 0,524132091447925 
 0,736663844199831 
 0,843353090601185 
 0,762912785774767 
 0,753598645215919 
 0,74428450465707 
 0,761219305673158 
 0,761219305673158 
 0,760372565622354 
 0,760372565622354 
 0,751058425063506 
 0,767993226079594 
 0,767146486028789 
 0,80186282811177 
 0,810330228619814 
 0,817950889077053 
 0,826418289585097 
 0,817104149026249 
 0,728196443691787 
 0,859441151566469 
 0,508044030482642 
 0,262489415749365 
 0,279424216765453 
 0,270956816257409 
 0,279424216765453 
 0,261642675698561 
 0,270110076206605 
 0,209144792548688 
 0,208298052497883 
 0,208298052497883 
 0,208298052497883 
 0,198983911939035 
 0,207451312447079 
 0,215918712955123 
 0,232853513971211 
 0,241320914479255 
 0,232006773920406 
 0,257408975444539 
 0,24047417442845 
 0,282811176968671 
 0,291278577476715 
 0,307366638441998 
 0,315834038950042 
 0,314987298899238 
 0,323454699407282 
 0,314140558848434 
 0,314140558848434 
 0,279424216765453 
 0,278577476714649 
 0,287044877222693 
 0,320067739204064 
 0,193056731583404 
 0,176121930567316 
 0,167654530059272 
 0,183742591024555 
 0,183742591024555 
 0,175275190516511 
 0,182895850973751 
 0,198983911939035 
 0,198983911939035 
 0,190516511430991 
 0,214225232853514 
 0,214225232853514 
 0,197290431837426 
 0,197290431837426 
 0,204911092294666 
 0,196443691786621 
 0,211685012701101 
 0,21930567315834 
 0,21930567315834 
 0,23454699407282 
 0,226079593564776 
 0,226079593564776 
 0,48264182895851 
 0,481795088907705 
 0,68077900084674 
 0,670618120237087 
 0,677392040643522 
 0,691786621507197 
 0,618120237087214 
 0,61727349703641 
 0,686706181202371 
 0,668924640135478 
 0,66723116003387 
 0,665537679932261 
 0,640135478408129 
 0,63844199830652 
 0,636748518204911 
 0,627434377646063 
 0,618120237087214 
 0,723962743437765 
 0,713801862828112 
 0,719729043183743 
 0,488569009314141 
 0,51735817104149 
 0,486028789161727 
 0,484335309060119 
 0,46740050804403 
 0,458933107535986 
 0,38272650296359 
 0,455546147332769 
 0,462320067739204 
 0,48264182895851 
 0,466553767993226 
 0,398814563928874 
 0,389500423370025 
 0,579170194750212 
 0,584250635055038 
 0,552921253175275 
 0,544453852667231 
 0,535139712108383 
 0,605419136325148 
 0,602878916172735 
 0,593564775613887 
 0,591871295512278 
 0,589331075359865 
 0,565622353937341 
 0,570702794242168 
 0,315834038950042 
 0,314987298899238 
 0,271803556308213 
 0,264182895850974 
 0,25571549534293 
 0,261642675698561 
 0,260795935647756 
 0,259949195596952 
 0,231160033869602 
 0,237087214225233 
 0,222692633361558 
 0,228619813717189 
 0,227773073666384 
 0,199830651989839 
 0,198983911939035 
 0,191363251481795 
 0,183742591024555 
 0,182895850973751 
 0,176121930567316 
 0,168501270110076 
 0,161727349703641 
 0,160880609652837 
 0,160033869602032 
 0,165114309906859 
 0,171041490262489 
 0,170194750211685 
 0,16342082980525 
 0,15580016934801 
 0,154953429297206 
 0,154953429297206 
 0,171888230313294 
 0,177815410668925 
 0,17696867061812 
 0,175275190516511 
 0,174428450465707 
 0,185436071126164 
 0,274343776460627 
 0,266723116003387 
 0,241320914479255 
 0,23454699407282 
 0,19813717188823 
 0,197290431837426 
 0,190516511430991 
 0,171888230313294 
 0,171041490262489 
 0,164267569856054 
 0,16342082980525 
 0,156646909398815 
 0,15580016934801 
 0,149026248941575 
 0,19813717188823 
 0,223539373412362 
 0,216765453005927 
 0,232006773920406 
 0,230313293818798 
 0,239627434377646 
 0,237933954276037 
 0,257408975444539 
 0,381033022861981 
 0,398814563928874 
 0,401354784081287 
 0,34801016088061 
 0,218458933107536 
 0,247248094834886 
 0,250635055038103 
 0,228619813717189 
 0,202370872142252 
 0,200677392040644 
 0,189669771380186 
 0,187976291278577 
 0,191363251481795 
 0,342082980524979 
 0,330228619813717 
 0,322607959356478 
 0,325148179508891 
 0,377646062658764 
 0,375105842506351 
 0,317527519051651 
 0,328535139712108 
 0,303132938187976 
 0,304826418289585 
 0,263336155800169 
 0,169348010160881 
 0,167654530059272 
 0,166807790008467 
 0,143945808636749 
 0,218458933107536 
 0,182895850973751 
 0,17696867061812 
 0,363251481795089 
 0,355630821337849 
 0,34801016088061 
 0,325148179508891 
 0,318374259102456 
 0,334462320067739 
 0,358171041490262 
 0,339542760372566 
 0,347163420829805 
 0,331922099915326 
 0,254868755292125 
 0,365791701947502 
 0,36155800169348 
 0,357324301439458 
 0,35393734123624 
 0,349703640982218 
 0,345469940728196 
 0,342082980524979 
 0,337849280270957 
 0,317527519051651 
 0,293818797629128 
 0,287044877222693 
 0,189669771380186 
 0,187976291278577 
 0,11346316680779 
 0,111769686706181 
 0,11346316680779 
 9,99153259949196E-02 
 0,104149026248942 
 9,39881456392887E-02 
 9,31414055884843E-02 
 8,55207451312447E-02 
 7,36663844199831E-02 
 7,19729043183743E-02 
 6,85859441151566E-02 
 0,056731583403895 
 5,58848433530906E-02 
 7,11261642675699E-02 
 7,19729043183743E-02 
 7,87468247248095E-02 
 7,79000846740051E-02 
 7,62066045723963E-02 
 7,28196443691787E-02 
 7,36663844199831E-02 
 7,28196443691787E-02 
 7,62066045723963E-02 
 7,45131244707875E-02 
 7,28196443691787E-02 
 7,19729043183743E-02 
 7,45131244707875E-02 
 7,53598645215919E-02 
 6,60457239627434E-02 
 0,060965283657917 
 6,68924640135478E-02 
 6,60457239627434E-02 
 7,19729043183743E-02 
 7,95935647756139E-02 
 0,132938187976291 
 0,124470787468247 
 0,161727349703641 
 0,158340389500423 
 0,153259949195597 
 9,56816257408975E-02 
 9,06011854360711E-02 
 0,154106689246401 
 0,150719729043184 
 0,146486028789162 
 0,143099068585944 
 0,138865368331922 
 0,135478408128704 
 0,110076206604572 
 0,10584250635055 
 0,102455546147333 
 8,97544453852667E-02 
 8,12870448772227E-02 
 7,62066045723963E-02 
 5,58848433530906E-02 
 4,91109229466554E-02 
 5,08044030482642E-02 
 4,99576629974598E-02 
 4,91109229466554E-02 
 4,74174428450466E-02 
 4,23370025402202E-02 
 4,23370025402202E-02 
 3,97967823878069E-02 
 4,06435224386113E-02 
 3,81033022861981E-02 
 3,47163420829805E-02 
 3,64098221845893E-02 
 3,64098221845893E-02 
 3,81033022861981E-02 
 3,55630821337849E-02 
 4,91109229466554E-02 
 3,81033022861981E-02 
 3,30228619813717E-02 
 3,13293818797629E-02 
 3,30228619813717E-02 
 3,13293818797629E-02 
 2,96359017781541E-02 
 2,70956816257409E-02 
 2,28619813717189E-02 
 2,03217612193057E-02 
 1,86282811176969E-02 
 1,52413209144793E-02 
 0,012701100762066 
 1,18543607112616E-02 
 9,31414055884843E-03 
 6,77392040643522E-03 
 5,92718035563082E-03 
 5,08044030482642E-03 
 4,23370025402202E-03 
 3,38696020321761E-03 
 3,38696020321761E-03 
 1,69348010160881E-03 
 1,69348010160881E-03 
 8,46740050804403E-04 
 8,46740050804403E-04 
 8,46740050804403E-04 
 8,46740050804403E-04 
 0 
 0 
 0 
 0 
 0 
 0 
 0 
 0 
 0 
 0 
 0 
 0 
 0 
 0 
 0 
 0 
 0 
 0 
 0 
 0 
 0 
 0 
 0 
 0 
 0 
 0 
 0 
 0 
 0 
 0 
 0 
 0 
 0 
 0 
 0 
 0 
 0 
 0 
 0 
 0 
 0 
 0 
 0 
 0 
 0 
 0 
 0 
 0 
 0 
 0 
 0 
 0 
 0 
 0 
 0 
 0 
 0 
 0 
 0 
 0 
 0 
 0 
 0 
 0 
 0 
 0 
 0 
 0 
 0 
 0 
 0 
 0 
 0 
 0 
 0 
 0 
 0 
 0 
 0 
 0 
 0 
 0 
 0 
 0 
 0 
 0 
 0 
 0 
 0 
 0 
 0 
 0 
 0 
 0 
 0 
 0 
 0 
 0 
 0 
 0 
 0 
 0 
 0 
 0 
 0 
 0 
 0 
 0 
 0 
 0 
 0 
 0 
 0 
 0 
 0 
 0 
 0 
 0 
 0 
 0 
 0 
 0 
 0 
 0 
 0 
 0 
 0 
 0 
 0 
 0 
 0 
 0 
 0 
 0 
 0 
 0 
 0 
 0 
 0 
 0 
 0 
 0 
 0 
 0 
 0 
 0 
 0 
 0 
 0 
 0 
 0 
 0 
 0 
 0 
 0 
 0 
 0 
 0 
 0 
 0 
 0 
 0 
 0 
 0 
 0 
 0 
 0 
 0 
 0 
 0 
 0 
 0 
 0 
 0 
 0 
 0 
 0 
 0 
 0 
 0 
 0 
 0 
 0 
 0 
 0 
 0 
 0 
 0 
 0 
 0 
 0 
 0 
 0 
 0 
 0 
 0 
 0 
 0 
 0 
 0 
 0 
 0 
 0 
 0 
 0 
 0 
 0 
 0 
 0 
 0 
 0 
 0 
 0 
 0 
 0 
 0 
 0 
 0 
 0 
 0 
 0 
 0 
 0 
 0 
 0 
 0 
 0 
 0 
 0 
 0 
 0 
 0 
 0 
 0 
 0 
 0 
 0 
 0 
 0 
 0 
 0 
 0 
 0 
 0 
 0 
 0 
 0 
 0 
 0 
 0 
 0 
 0 
 0 
 0 
 0 
 0 
 0 
 0 
 0 
 0 
 0 
 0 
 0 
 0 
 0 
 0 
 0 
 0 
 0 
 0 
 0 
 0 
 0 
 0 
 0 
 0 
 0 
 0 
 0 
 0 
 0 
 0 
 0 
 0 
 0 
 0 
 0 
 0 
 0 
 0 
 0 
 0 
 0 
 0 
 0 
 0 
 0 
 0 
 0 
 0 
 0 
 0 
 0 
 0 
 0 
 0 
 0 
 0 
 0 
 0 
 0 
 0 
 0 
