 0 
 0 
 0 
 0 
 0 
 0 
 0 
 0 
 0 
 0 
 0 
 0 
 0 
 0 
 0 
 0 
 0 
 0 
 0 
 0 
 0 
 0 
 0 
 0 
 0 
 0 
 0 
 0 
 0 
 0 
 0 
 0 
 0 
 0 
 0 
 0 
 0 
 0 
 0 
 0 
 0 
 0 
 0 
 0 
 0 
 0 
 0 
 0 
 0 
 0 
 0 
 0 
 0 
 0 
 0 
 0 
 0 
 0 
 0 
 0 
 0 
 0 
 0 
 0 
 0 
 0 
 0 
 0 
 0 
 0 
 0 
 0 
 0 
 0 
 0 
 0 
 0 
 0 
 0 
 0 
 0 
 0 
 0 
 0 
 0 
 0 
 0 
 0 
 0 
 0 
 0 
 0 
 0 
 0 
 0 
 0 
 0 
 0 
 0 
 0 
 0 
 0 
 0 
 0 
 0 
 0 
 0 
 0 
 0 
 0 
 0 
 0 
 0 
 0 
 0 
 0 
 0 
 0 
 0 
 0 
 0 
 0 
 0 
 0 
 0 
 0 
 0 
 0 
 0 
 0 
 0 
 0 
 0 
 0 
 0 
 0 
 0 
 0 
 0 
 0 
 0 
 0 
 0 
 0 
 0 
 0 
 0 
 0 
 0 
 0 
 0 
 0 
 0 
 0 
 0 
 0 
 0 
 0 
 0 
 0 
 0 
 0 
 0 
 0 
 0 
 0 
 0 
 0 
 0 
 0 
 0 
 0 
 0 
 0 
 0 
 0 
 0 
 0 
 0 
 0 
 0 
 0 
 0 
 0 
 0 
 0 
 0 
 0 
 0 
 0 
 0 
 0 
 0 
 0 
 0 
 0 
 0 
 0 
 0 
 0 
 0 
 0 
 0 
 0 
 0 
 0 
 0 
 0 
 0 
 0 
 0 
 0 
 0 
 0 
 0 
 0 
 0 
 0 
 0 
 0 
 0 
 0 
 0 
 0 
 0 
 0 
 0 
 0 
 0 
 0 
 0 
 0 
 0 
 0 
 0 
 0 
 0 
 0 
 0 
 0 
 0 
 0 
 0 
 0 
 0 
 0 
 0 
 0 
 0 
 0 
 0 
 0 
 0 
 0 
 0 
 0 
 0 
 0 
 0 
 0 
 0 
 0 
 0 
 0 
 0 
 0 
 0 
 0 
 0 
 0 
 0 
 0 
 0 
 0 
 0 
 0 
 0 
 0 
 0 
 0 
 0 
 0 
 0 
 0 
 0 
 0 
 0 
 0 
 0 
 0 
 0 
 0 
 0 
 0 
 0 
 0 
 0 
 0 
 0 
 0 
 0 
 0 
 0 
 0 
 0 
 0 
 0 
 0 
 0 
 0 
 0 
 0 
 0 
 0 
 0 
 0 
 0 
 0 
 0 
 0 
 0 
 0 
 0 
 0 
 0 
 0 
 0 
 0 
 0 
 0 
 0 
 0 
 0 
 0 
 0 
 0 
 0 
 0 
 0 
 0 
 0 
 0 
 0 
 0 
 0 
 0 
 0 
 0 
 0 
 0 
 0 
 0 
 0 
 0 
 0 
 0 
 0 
 0 
 0 
 0 
 0 
 0 
 0 
 0 
 0 
 0 
 0 
 0 
 0 
 0 
 0 
 0 
 0 
 0 
 0 
 0 
 0 
 0 
 0 
 0 
 0 
 0 
 0 
 0 
 0 
 0 
 0 
 0 
 0 
 0 
 0 
 0 
 0 
 0 
 0 
 0 
 0 
 0 
 0 
 0 
 0 
 0 
 0 
 0 
 0 
 0 
 0 
 0 
 0 
 0 
 0 
 0 
 0 
 0 
 0 
 0 
 0 
 0 
 0 
 0 
 0 
 0 
 0 
 0 
 0 
 0 
 0 
 0 
 0 
 0 
 0 
 0 
 0 
 0 
 0 
 0 
 8,46740050804403E-04 
 8,46740050804403E-04 
 8,46740050804403E-04 
 1,69348010160881E-03 
 1,69348010160881E-03 
 2,54022015241321E-03 
 2,54022015241321E-03 
 3,38696020321761E-03 
 3,38696020321761E-03 
 4,23370025402202E-03 
 5,08044030482642E-03 
 5,08044030482642E-03 
 5,92718035563082E-03 
 6,77392040643522E-03 
 5,92718035563082E-03 
 6,77392040643522E-03 
 8,46740050804403E-03 
 8,46740050804403E-03 
 9,31414055884843E-03 
 1,01608806096528E-02 
 1,10076206604572E-02 
 1,18543607112616E-02 
 0,012701100762066 
 1,35478408128704E-02 
 1,52413209144793E-02 
 1,69348010160881E-02 
 1,94750211685013E-02 
 1,94750211685013E-02 
 4,99576629974598E-02 
 5,50381033022862E-02 
 5,84250635055038E-02 
 6,77392040643522E-02 
 7,19729043183743E-02 
 7,53598645215919E-02 
 7,95935647756139E-02 
 8,29805249788315E-02 
 8,63674851820491E-02 
 9,06011854360711E-02 
 9,39881456392887E-02 
 8,46740050804403E-02 
 8,89077053344623E-02 
 9,39881456392887E-02 
 9,65283657917019E-02 
 9,82218458933107E-02 
 0,101608806096528 
 0,106689246401355 
 0,110076206604572 
 0,11346316680779 
 9,31414055884843E-02 
 9,56816257408975E-02 
 0,112616426756986 
 0,116850127011008 
 0,120237087214225 
 0,128704487722269 
 0,129551227773074 
 0,1346316680779 
 0,137171888230313 
 0,124470787468247 
 0,12701100762066 
 0,12701100762066 
 0,131244707874682 
 0,130397967823878 
 0,144792548687553 
 0,143945808636749 
 0,137171888230313 
 0,149872988992379 
 0,108382726502964 
 0,119390347163421 
 0,173581710414903 
 0,17696867061812 
 0,173581710414903 
 0,187976291278577 
 0,189669771380186 
 0,190516511430991 
 0,193903471634208 
 0,173581710414903 
 0,171041490262489 
 0,112616426756986 
 8,97544453852667E-02 
 8,38272650296359E-02 
 8,72142252328535E-02 
 8,89077053344623E-02 
 9,06011854360711E-02 
 9,14479254868755E-02 
 9,31414055884843E-02 
 8,63674851820491E-02 
 8,97544453852667E-02 
 9,39881456392887E-02 
 9,22946655376799E-02 
 9,39881456392887E-02 
 0,104149026248942 
 7,87468247248095E-02 
 8,21337849280271E-02 
 8,63674851820491E-02 
 8,46740050804403E-02 
 8,55207451312447E-02 
 8,97544453852667E-02 
 8,12870448772227E-02 
 7,87468247248095E-02 
 7,70533446232007E-02 
 8,12870448772227E-02 
 8,21337849280271E-02 
 7,95935647756139E-02 
 8,04403048264183E-02 
 7,79000846740051E-02 
 7,53598645215919E-02 
 7,62066045723963E-02 
 7,70533446232007E-02 
 0,103302286198137 
 9,65283657917019E-02 
 9,82218458933107E-02 
 9,48348856900931E-02 
 8,80609652836579E-02 
 9,31414055884843E-02 
 9,82218458933107E-02 
 0,106689246401355 
 0,108382726502964 
 0,11346316680779 
 0,118543607112616 
 0,110922946655377 
 0,111769686706181 
 0,129551227773074 
 0,12701100762066 
 0,132091447925487 
 0,150719729043184 
 0,156646909398815 
 0,12701100762066 
 0,137171888230313 
 0,138018628281118 
 0,138865368331922 
 0,16342082980525 
 0,160033869602032 
 0,156646909398815 
 0,157493649449619 
 0,182049110922947 
 0,188823031329382 
 0,189669771380186 
 0,196443691786621 
 0,202370872142252 
 0,198983911939035 
 0,195596951735817 
 0,202370872142252 
 0,208298052497883 
 0,215071972904318 
 0,211685012701101 
 0,21337849280271 
 0,214225232853514 
 0,215918712955123 
 0,212531752751905 
 0,224386113463167 
 0,215071972904318 
 0,200677392040644 
 0,202370872142252 
 0,203217612193057 
 0,198983911939035 
 0,222692633361558 
 0,212531752751905 
 0,241320914479255 
 0,237933954276037 
 0,194750211685013 
 0,212531752751905 
 0,214225232853514 
 0,226079593564776 
 0,210838272650296 
 0,211685012701101 
 0,224386113463167 
 0,208298052497883 
 0,204064352243861 
 0,216765453005927 
 0,165114309906859 
 0,171888230313294 
 0,178662150719729 
 0,209991532599492 
 0,204911092294666 
 0,302286198137172 
 0,303979678238781 
 0,544453852667231 
 0,541066892464014 
 0,481795088907705 
 0,490262489415749 
 0,492802709568163 
 0,495342929720576 
 0,497883149872989 
 0,500423370025402 
 0,49618966977138 
 0,498729889923793 
 0,501270110076207 
 0,516511430990686 
 0,505503810330229 
 0,351397121083827 
 0,287891617273497 
 0,571549534292972 
 0,547840812870449 
 0,576629974597799 
 0,572396274343776 
 0,568162574089754 
 0,591024555461473 
 0,593564775613887 
 0,237087214225233 
 0,224386113463167 
 0,204911092294666 
 0,198983911939035 
 0,193056731583404 
 0,179508890770533 
 0,187129551227773 
 0,194750211685013 
 0,188823031329382 
 0,189669771380186 
 0,176121930567316 
 0,148179508890771 
 0,14225232853514 
 0,164267569856054 
 0,193056731583404 
 0,243861134631668 
 0,237933954276037 
 0,231160033869602 
 0,232006773920406 
 0,218458933107536 
 0,211685012701101 
 0,176121930567316 
 0,183742591024555 
 0,191363251481795 
 0,192209991532599 
 0,200677392040644 
 0,208298052497883 
 0,171888230313294 
 0,202370872142252 
 0,187976291278577 
 0,188823031329382 
 0,23454699407282 
 0,235393734123624 
 0,236240474174428 
 0,251481795088908 
 0,259949195596952 
 0,276037256562235 
 0,508044030482642 
 0,509737510584251 
 0,502963590177815 
 0,504657070279424 
 0,545300592718036 
 0,405588484335309 
 0,398814563928874 
 0,360711261642676 
 0,370025402201524 
 0,370872142252329 
 0,371718882303133 
 0,388653683319221 
 0,381879762912786 
 0,287044877222693 
 0,287891617273497 
 0,271803556308213 
 0,297205757832345 
 0,305673158340389 
 0,322607959356478 
 0,307366638441998 
 0,34038950042337 
 0,348856900931414 
 0,602032176121931 
 0,595258255715495 
 0,522438611346317 
 0,818797629127858 
 0,820491109229467 
 0,822184589331075 
 0,823878069432684 
 0,825571549534293 
 0,827265029635902 
 0,828958509737511 
 0,829805249788315 
 0,82303132938188 
 0,800169348010161 
 0,834885690093141 
 0,685859441151566 
 0,662150719729043 
 0,671464860287892 
 0,672311600338696 
 0,429297205757832 
 0,438611346316681 
 0,616426756985605 
 0,702794242167655 
 0,703640982218459 
 0,704487722269263 
 0,706181202370872 
 0,757832345469941 
 0,767993226079594 
 0,777307366638442 
 0,778154106689246 
 0,779847586790855 
 0,78069432684166 
 0,77307366638442 
 0,834038950042337 
 0,861134631668078 
 0,862828111769687 
 0,863674851820491 
 0,864521591871296 
 0,8653683319221 
 0,867061812023709 
 0,867908552074513 
 0,868755292125318 
 0,869602032176122 
 0,870448772226926 
 0,871295512277731 
 0,872142252328535 
 0,87298899237934 
 0,874682472480948 
 0,875529212531753 
 0,876375952582557 
 0,754445385266723 
 0,754445385266723 
 0,755292125317528 
 0,773920406435224 
 0,783234546994073 
 0,784081287044877 
 0,872142252328535 
 0,87298899237934 
 0,882303132938188 
 0,785774767146486 
 0,795088907705334 
 0,17696867061812 
 0,17696867061812 
 0,186282811176969 
 0,17696867061812 
 0,159187129551228 
 0,160033869602032 
 0,14225232853514 
 0,150719729043184 
 0,14225232853514 
 0,14225232853514 
 0,124470787468247 
 0,169348010160881 
 0,195596951735817 
 0,177815410668925 
 0,169348010160881 
 0,169348010160881 
 0,177815410668925 
 0,151566469093988 
 0,151566469093988 
 0,160880609652837 
 0,169348010160881 
 0,143099068585944 
 0,187129551227773 
 0,196443691786621 
 0,232006773920406 
 0,232006773920406 
 0,249788314987299 
 0,267569856054191 
 0,27688399661304 
 0,285351397121084 
 0,27688399661304 
 0,27688399661304 
 0,27688399661304 
 0,27688399661304 
 0,267569856054191 
 0,259102455546147 
 0,258255715495343 
 0,24047417442845 
 0,258255715495343 
 0,267569856054191 
 0,276037256562235 
 0,285351397121084 
 0,285351397121084 
 0,248941574936494 
 0,24047417442845 
 0,248941574936494 
 0,258255715495343 
 0,275190516511431 
 0,284504657070279 
 0,302286198137172 
 0,283657917019475 
 0,301439458086367 
 0,31922099915326 
 0,292125317527519 
 0,283657917019475 
 0,256562235393734 
 0,274343776460627 
 0,344623200677392 
 0,388653683319221 
 0,379339542760373 
 0,370025402201524 
 0,431837425910246 
 0,448772226926334 
 0,448772226926334 
 0,36917866215072 
 0,386113463166808 
 0,456392887383573 
 0,569856054191363 
 0,560541913632515 
 0,577476714648603 
 0,55969517358171 
 0,594411515664691 
 0,593564775613887 
 0,348856900931414 
 0,38272650296359 
 0,435224386113463 
 0,434377646062659 
 0,468247248094835 
 0,563082133784928 
 0,407281964436918 
 0,389500423370025 
 0,414902624894157 
 0,422523285351397 
 0,396274343776461 
 0,386960203217612 
 0,412362404741744 
 0,36917866215072 
 0,359864521591871 
 0,342082980524979 
 0,333615580016935 
 0,341236240474174 
 0,366638441998307 
 0,357324301439458 
 0,424216765453006 
 0,449618966977138 
 0,491109229466554 
 0,346316680779001 
 0,370872142252329 
 0,379339542760373 
 0,378492802709568 
 0,50381033022862 
 0,511430990685859 
 0,217612193056732 
 0,216765453005927 
 0,275190516511431 
 0,258255715495343 
 0,281964436917866 
 0,29805249788315 
 0,314140558848434 
 0,272650296359018 
 0,296359017781541 
 0,386113463166808 
 0,36917866215072 
 0,524132091447925 
 0,547840812870449 
 0,81541066892464 
 0,813717188823031 
 0,812023708721422 
 0,810330228619814 
 0,8077900084674 
 0,806096528365792 
 0,804403048264183 
 0,802709568162574 
 0,801016088060965 
 0,798475867908552 
 0,796782387806943 
 0,795088907705334 
 0,793395427603726 
 0,790855207451312 
 0,789161727349704 
 0,78662150719729 
 0,784928027095682 
 0,783234546994073 
 0,78069432684166 
 0,779000846740051 
 0,776460626587638 
 0,774767146486029 
 0,772226926333616 
 0,770533446232007 
 0,491109229466554 
 0,46740050804403 
 0,679932260795936 
 0,555461473327688 
 0,524132091447925 
 0,491955969517358 
 0,48264182895851 
 0,451312447078747 
 0,457239627434378 
 0,500423370025402 
 0,350550381033023 
 0,356477561388654 
 0,377646062658764 
 0,280270956816257 
 0,279424216765453 
 0,270956816257409 
 0,277730736663844 
 0,2692633361558 
 0,276037256562235 
 0,281964436917866 
 0,273497036409822 
 0,258255715495343 
 0,243014394580864 
 0,235393734123624 
 0,22692633361558 
 0,226079593564776 
 0,232853513971211 
 0,232006773920406 
 0,237933954276037 
 0,355630821337849 
 0,555461473327688 
 0,55969517358171 
 0,578323454699407 
 0,535139712108383 
 0,403048264182896 
 0,265029635901778 
 0,277730736663844 
 0,310753598645216 
 0,275190516511431 
 0,260795935647756 
 0,253175275190517 
 0,331922099915326 
 0,343776460626588 
 0,309060118543607 
 0,307366638441998 
 0,325994919559695 
 0,317527519051651 
 0,354784081287045 
 0,359864521591871 
 0,364944961896698 
 0,356477561388654 
 0,323454699407282 
 0,283657917019475 
 0,288738357324301 
 0,293818797629128 
 0,366638441998307 
 0,321761219305673 
 0,363251481795089 
 0,458933107535986 
 0,511430990685859 
 0,508890770533446 
 0,512277730736664 
 0,515664690939881 
 0,512277730736664 
 0,509737510584251 
 0,507197290431837 
 0,521591871295512 
 0,36155800169348 
 0,342082980524979 
 0,386113463166808 
 0,337849280270957 
 0,336155800169348 
 0,328535139712108 
 0,314987298899238 
 0,274343776460627 
 0,289585097375106 
 0,27688399661304 
 0,280270956816257 
 0,273497036409822 
 0,292972057578323 
 0,291278577476715 
 0,466553767993226 
 0,420829805249788 
 0,185436071126164 
 0,178662150719729 
 0,171888230313294 
 0,181202370872142 
 0,175275190516511 
 0,388653683319221 
 0,386113463166808 
 0,388653683319221 
 0,370872142252329 
 0,363251481795089 
 0,256562235393734 
 0,254868755292125 
 0,253175275190517 
 0,25571549534293 
 0,254022015241321 
 0,385266723116003 
 0,381879762912786 
 0,379339542760373 
 0,381033022861981 
 0,377646062658764 
 0,397967823878069 
 0,335309060118544 
 0,408975444538527 
 0,409822184589331 
 0,415749364944962 
 0,42506350550381 
 0,399661303979678 
 0,383573243014395 
 0,286198137171888 
 0,330228619813717 
 0,3268416596105 
 0,324301439458086 
 0,320914479254869 
 0,318374259102456 
 0,314987298899238 
 0,328535139712108 
 0,320914479254869 
 0,29805249788315 
 0,295512277730737 
 0,288738357324301 
 0,289585097375106 
 0,373412362404742 
 0,365791701947502 
 0,354784081287045 
 0,354784081287045 
 0,310753598645216 
 0,303979678238781 
 0,303979678238781 
 0,349703640982218 
 0,345469940728196 
 0,342082980524979 
 0,337849280270957 
 0,333615580016935 
 0,330228619813717 
 0,325994919559695 
 0,321761219305673 
 0,318374259102456 
 0,314140558848434 
 0,309906858594412 
 0,306519898391194 
 0,302286198137172 
 0,29805249788315 
 0,293818797629128 
 0,29043183742591 
 0,286198137171888 
 0,281964436917866 
 0,277730736663844 
 0,274343776460627 
 0,270110076206605 
 0,265876375952583 
 0,248941574936494 
 0,245554614733277 
 0,243861134631668 
 0,162574089754445 
 0,160033869602032 
 0,132938187976291 
 0,114309906858594 
 0,110076206604572 
 9,65283657917019E-02 
 0,171888230313294 
 0,172734970364098 
 0,167654530059272 
 0,128704487722269 
 0,126164267569856 
 9,65283657917019E-02 
 9,65283657917019E-02 
 0,112616426756986 
 0,193903471634208 
 0,169348010160881 
 0,167654530059272 
 0,160033869602032 
 0,122777307366638 
 0,104149026248942 
 0,104149026248942 
 9,65283657917019E-02 
 9,56816257408975E-02 
 9,22946655376799E-02 
 9,22946655376799E-02 
 8,89077053344623E-02 
 9,22946655376799E-02 
 0,120237087214225 
 0,115156646909399 
 0,112616426756986 
 0,056731583403895 
 5,75783234546994E-02 
 5,58848433530906E-02 
 8,97544453852667E-02 
 0,116003386960203 
 0,112616426756986 
 0,109229466553768 
 9,56816257408975E-02 
 0,101608806096528 
 9,82218458933107E-02 
 9,39881456392887E-02 
 9,06011854360711E-02 
 8,72142252328535E-02 
 8,38272650296359E-02 
 8,04403048264183E-02 
 7,70533446232007E-02 
 7,36663844199831E-02 
 7,02794242167655E-02 
 6,68924640135478E-02 
 6,35055038103302E-02 
 6,01185436071126E-02 
 0,056731583403895 
 5,41913632514818E-02 
 5,08044030482642E-02 
 4,74174428450466E-02 
 4,48772226926334E-02 
 4,14902624894158E-02 
 3,89500423370025E-02 
 3,55630821337849E-02 
 3,30228619813717E-02 
 1,60880609652837E-02 
 1,43945808636749E-02 
 7,62066045723963E-03 
 6,77392040643522E-03 
 6,77392040643522E-03 
 5,92718035563082E-03 
 5,92718035563082E-03 
 5,08044030482642E-03 
 4,23370025402202E-03 
 3,38696020321761E-03 
 2,54022015241321E-03 
 2,54022015241321E-03 
 2,54022015241321E-03 
 1,69348010160881E-03 
 1,69348010160881E-03 
 8,46740050804403E-04 
 8,46740050804403E-04 
 8,46740050804403E-04 
 8,46740050804403E-04 
 0 
 0 
 0 
 0 
 0 
 0 
 0 
 0 
 0 
 0 
 0 
 0 
 0 
 0 
 0 
 0 
 0 
 0 
 0 
 0 
 0 
 0 
 0 
 0 
 0 
 0 
 0 
 0 
 0 
 0 
 0 
 0 
 0 
 0 
 0 
 0 
 0 
 0 
 0 
 0 
 0 
 0 
 0 
 0 
 0 
 0 
 0 
 0 
 0 
 0 
 0 
 0 
 0 
 0 
 0 
 0 
 0 
 0 
 0 
 0 
 0 
 0 
 0 
 0 
 0 
 0 
 0 
 0 
 0 
 0 
 0 
 0 
 0 
 0 
 0 
 0 
 0 
 0 
 0 
 0 
 0 
 0 
 0 
 0 
 0 
 0 
 0 
 0 
 0 
 0 
 0 
 0 
 0 
 0 
 0 
 0 
 0 
 0 
 0 
 0 
 0 
 0 
 0 
 0 
 0 
 0 
 0 
 0 
 0 
 0 
 0 
 0 
 0 
 0 
 0 
 0 
 0 
 0 
 0 
 0 
 0 
 0 
 0 
 0 
 0 
 0 
 0 
 0 
 0 
 0 
 0 
 0 
 0 
 0 
 0 
 0 
 0 
 0 
 0 
 0 
 0 
 0 
 0 
 0 
 0 
 0 
 0 
 0 
 0 
 0 
 0 
 0 
 0 
 0 
 0 
 0 
 0 
 0 
 0 
 0 
 0 
 0 
 0 
 0 
 0 
 0 
 0 
 0 
 0 
 0 
 0 
 0 
 0 
 0 
 0 
 0 
 0 
 0 
 0 
 0 
 0 
 0 
 0 
 0 
 0 
 0 
 0 
 0 
 0 
 0 
 0 
 0 
 0 
 0 
 0 
 0 
 0 
 0 
 0 
 0 
 0 
 0 
 0 
 0 
 0 
 0 
 0 
 0 
 0 
 0 
 0 
 0 
 0 
 0 
 0 
 0 
 0 
 0 
 0 
 0 
 0 
 0 
 0 
 0 
 0 
 0 
 0 
 0 
 0 
 0 
 0 
 0 
 0 
 0 
 0 
 0 
 0 
 0 
 0 
 0 
 0 
 0 
 0 
 0 
 0 
 0 
 0 
 0 
 0 
 0 
 0 
 0 
 0 
 0 
 0 
 0 
 0 
 0 
 0 
 0 
 0 
 0 
 0 
 0 
 0 
 0 
 0 
 0 
 0 
 0 
 0 
 0 
 0 
 0 
 0 
 0 
 0 
 0 
 0 
 0 
 0 
 0 
 0 
 0 
 0 
 0 
 0 
 0 
 0 
 0 
 0 
 0 
 0 
 0 
 0 
 0 
 0 
 0 
 0 
 0 
 0 
 0 
 0 
 0 
 0 
 0 
 0 
 0 
 0 
 0 
 0 
 0 
 0 
