 0 
 0 
 0 
 0 
 0 
 0 
 0 
 0 
 0 
 0 
 0 
 0 
 0 
 0 
 0 
 0 
 0 
 0 
 0 
 0 
 0 
 0 
 0 
 0 
 0 
 0 
 0 
 0 
 0 
 0 
 0 
 0 
 0 
 0 
 0 
 0 
 0 
 0 
 0 
 0 
 0 
 0 
 0 
 0 
 0 
 0 
 0 
 0 
 0 
 0 
 0 
 0 
 0 
 0 
 0 
 0 
 0 
 0 
 0 
 0 
 0 
 0 
 0 
 0 
 0 
 0 
 0 
 0 
 0 
 0 
 0 
 0 
 0 
 0 
 0 
 0 
 0 
 0 
 0 
 0 
 0 
 0 
 0 
 0 
 0 
 0 
 0 
 0 
 0 
 0 
 0 
 0 
 0 
 0 
 0 
 0 
 0 
 0 
 0 
 0 
 0 
 0 
 0 
 0 
 0 
 0 
 0 
 0 
 0 
 0 
 0 
 0 
 0 
 0 
 0 
 0 
 0 
 0 
 0 
 0 
 0 
 0 
 0 
 0 
 0 
 0 
 0 
 0 
 0 
 0 
 0 
 0 
 0 
 0 
 0 
 0 
 0 
 0 
 0 
 0 
 0 
 0 
 0 
 0 
 0 
 0 
 0 
 0 
 0 
 0 
 0 
 0 
 0 
 0 
 0 
 0 
 0 
 0 
 0 
 0 
 0 
 0 
 0 
 0 
 0 
 0 
 0 
 0 
 0 
 0 
 0 
 0 
 0 
 0 
 0 
 0 
 0 
 0 
 0 
 0 
 0 
 0 
 0 
 0 
 0 
 0 
 0 
 0 
 0 
 0 
 0 
 0 
 0 
 0 
 0 
 0 
 0 
 0 
 0 
 0 
 0 
 0 
 0 
 0 
 0 
 0 
 0 
 0 
 0 
 0 
 0 
 0 
 0 
 0 
 0 
 0 
 0 
 0 
 0 
 0 
 0 
 0 
 0 
 0 
 0 
 0 
 0 
 0 
 0 
 0 
 0 
 0 
 0 
 0 
 0 
 0 
 0 
 0 
 0 
 0 
 0 
 0 
 0 
 0 
 0 
 0 
 0 
 0 
 0 
 0 
 0 
 0 
 0 
 0 
 0 
 0 
 0 
 0 
 0 
 0 
 0 
 0 
 0 
 0 
 0 
 0 
 0 
 0 
 0 
 0 
 0 
 0 
 0 
 0 
 0 
 0 
 0 
 0 
 0 
 0 
 0 
 0 
 0 
 0 
 0 
 0 
 0 
 0 
 0 
 0 
 0 
 0 
 0 
 0 
 0 
 0 
 0 
 0 
 0 
 0 
 0 
 0 
 0 
 0 
 0 
 0 
 0 
 0 
 0 
 0 
 0 
 0 
 0 
 0 
 0 
 0 
 0 
 0 
 0 
 0 
 0 
 0 
 0 
 0 
 0 
 0 
 0 
 0 
 0 
 0 
 0 
 0 
 0 
 0 
 0 
 0 
 0 
 0 
 0 
 0 
 0 
 0 
 0 
 0 
 0 
 0 
 0 
 0 
 0 
 0 
 0 
 0 
 0 
 0 
 0 
 0 
 0 
 0 
 0 
 0 
 0 
 0 
 0 
 0 
 0 
 0 
 0 
 0 
 0 
 0 
 0 
 0 
 0 
 0 
 0 
 0 
 0 
 0 
 0 
 0 
 0 
 0 
 0 
 0 
 0 
 0 
 0 
 0 
 0 
 0 
 0 
 0 
 0 
 0 
 0 
 0 
 0 
 0 
 0 
 0 
 0 
 0 
 0 
 0 
 0 
 0 
 0 
 0 
 0 
 0 
 0 
 0 
 0 
 0 
 0 
 0 
 0 
 0 
 0 
 0 
 0 
 0 
 0 
 0 
 0 
 0 
 0 
 0 
 0 
 0 
 0 
 0 
 0 
 0 
 0 
 0 
 0 
 8,46740050804403E-04 
 8,46740050804403E-04 
 8,46740050804403E-04 
 1,69348010160881E-03 
 2,54022015241321E-03 
 3,38696020321761E-03 
 3,38696020321761E-03 
 4,23370025402202E-03 
 5,08044030482642E-03 
 5,08044030482642E-03 
 5,92718035563082E-03 
 6,77392040643522E-03 
 7,62066045723963E-03 
 8,46740050804403E-03 
 1,35478408128704E-02 
 1,43945808636749E-02 
 1,77815410668925E-02 
 1,86282811176969E-02 
 2,37087214225233E-02 
 3,55630821337849E-02 
 3,89500423370025E-02 
 4,14902624894158E-02 
 0,044030482641829 
 4,74174428450466E-02 
 4,99576629974598E-02 
 5,33446232006774E-02 
 0,056731583403895 
 5,92718035563082E-02 
 6,26587637595258E-02 
 6,60457239627434E-02 
 0,069432684165961 
 7,28196443691787E-02 
 7,62066045723963E-02 
 7,95935647756139E-02 
 8,29805249788315E-02 
 8,63674851820491E-02 
 9,06011854360711E-02 
 9,39881456392887E-02 
 9,73751058425063E-02 
 0,100762066045724 
 8,55207451312447E-02 
 9,39881456392887E-02 
 9,73751058425063E-02 
 0,100762066045724 
 0,102455546147333 
 0,10584250635055 
 0,109229466553768 
 0,110922946655377 
 0,116003386960203 
 0,119390347163421 
 0,123624047417443 
 0,12701100762066 
 0,132091447925487 
 0,154106689246401 
 0,157493649449619 
 0,161727349703641 
 0,165961049957663 
 0,169348010160881 
 0,173581710414903 
 0,177815410668925 
 0,181202370872142 
 0,185436071126164 
 0,189669771380186 
 0,193056731583404 
 0,197290431837426 
 0,201524132091448 
 0,20575783234547 
 0,209144792548688 
 0,21337849280271 
 0,217612193056732 
 0,220999153259949 
 0,225232853513971 
 0,229466553767993 
 0,233700254022015 
 0,237087214225233 
 0,241320914479255 
 0,245554614733277 
 0,249788314987299 
 0,253175275190517 
 0,249788314987299 
 0,256562235393734 
 0,228619813717189 
 0,239627434377646 
 0,24047417442845 
 0,247248094834886 
 0,250635055038103 
 0,251481795088908 
 0,252328535139712 
 0,258255715495343 
 0,267569856054191 
 0,177815410668925 
 0,207451312447079 
 0,207451312447079 
 0,204064352243861 
 0,203217612193057 
 0,27688399661304 
 0,280270956816257 
 0,266723116003387 
 0,130397967823878 
 0,131244707874682 
 0,129551227773074 
 0,141405588484335 
 0,139712108382726 
 0,159187129551228 
 0,157493649449619 
 0,339542760372566 
 0,346316680779001 
 0,317527519051651 
 0,320914479254869 
 0,297205757832345 
 0,292972057578323 
 0,292125317527519 
 0,295512277730737 
 0,293818797629128 
 0,300592718035563 
 0,339542760372566 
 0,339542760372566 
 0,346316680779001 
 0,197290431837426 
 0,224386113463167 
 0,217612193056732 
 0,266723116003387 
 0,25571549534293 
 0,262489415749365 
 0,334462320067739 
 0,328535139712108 
 0,243014394580864 
 0,222692633361558 
 0,224386113463167 
 0,221845893310754 
 0,265029635901778 
 0,248941574936494 
 0,245554614733277 
 0,233700254022015 
 0,235393734123624 
 0,232853513971211 
 0,210838272650296 
 0,202370872142252 
 0,209144792548688 
 0,215071972904318 
 0,221845893310754 
 0,223539373412362 
 0,230313293818798 
 0,237087214225233 
 0,218458933107536 
 0,193903471634208 
 0,185436071126164 
 0,171041490262489 
 0,135478408128704 
 0,309906858594412 
 0,417442845046571 
 0,425910245554615 
 0,455546147332769 
 0,350550381033023 
 0,358171041490262 
 0,354784081287045 
 0,324301439458086 
 0,370025402201524 
 0,41151566469094 
 0,403048264182896 
 0,489415749364945 
 0,492802709568163 
 0,484335309060119 
 0,486875529212532 
 0,483488569009314 
 0,480948348856901 
 0,489415749364945 
 0,491955969517358 
 0,530059271803556 
 0,533446232006774 
 0,535986452159187 
 0,563082133784928 
 0,602032176121931 
 0,605419136325148 
 0,608806096528366 
 0,611346316680779 
 0,614733276883997 
 0,618120237087214 
 0,620660457239627 
 0,624047417442845 
 0,627434377646063 
 0,629974597798476 
 0,633361558001693 
 0,635901778154107 
 0,639288738357324 
 0,642675698560542 
 0,645215918712955 
 0,648602878916173 
 0,651143099068586 
 0,654530059271804 
 0,657070279424217 
 0,607112616426757 
 0,616426756985605 
 0,618966977138019 
 0,615580016934801 
 0,563928873835732 
 0,566469093988146 
 0,569009314140559 
 0,49618966977138 
 0,450465707027942 
 0,507197290431837 
 0,530059271803556 
 0,476714648602879 
 0,693480101608806 
 0,696867061812024 
 0,699407281964437 
 0,70194750211685 
 0,704487722269263 
 0,707027942421677 
 0,70956816257409 
 0,712108382726503 
 0,714648602878916 
 0,717188823031329 
 0,719729043183743 
 0,722269263336156 
 0,724809483488569 
 0,727349703640982 
 0,729889923793395 
 0,732430143945809 
 0,734970364098222 
 0,737510584250635 
 0,740050804403048 
 0,742591024555461 
 0,670618120237087 
 0,635055038103302 
 0,629974597798476 
 0,631668077900085 
 0,633361558001693 
 0,642675698560542 
 0,622353937341236 
 0,578323454699407 
 0,602878916172735 
 0,635055038103302 
 0,645215918712955 
 0,639288738357324 
 0,579170194750212 
 0,286198137171888 
 0,287044877222693 
 0,272650296359018 
 0,320067739204064 
 0,281964436917866 
 0,259102455546147 
 0,267569856054191 
 0,276037256562235 
 0,292972057578323 
 0,292972057578323 
 0,270110076206605 
 0,270956816257409 
 0,271803556308213 
 0,208298052497883 
 0,208298052497883 
 0,209144792548688 
 0,209991532599492 
 0,323454699407282 
 0,324301439458086 
 0,438611346316681 
 0,39034716342083 
 0,399661303979678 
 0,653683319220999 
 0,654530059271804 
 0,656223539373412 
 0,665537679932261 
 0,66723116003387 
 0,610499576629975 
 0,504657070279424 
 0,513971210838273 
 0,530906011854361 
 0,524132091447925 
 0,591871295512278 
 0,767993226079594 
 0,761219305673158 
 0,745977984758679 
 0,755292125317528 
 0,76545300592718 
 0,766299745977985 
 0,742591024555461 
 0,66723116003387 
 0,677392040643522 
 0,745977984758679 
 0,738357324301439 
 0,748518204911092 
 0,749364944961897 
 0,75952582557155 
 0,743437764606266 
 0,74428450465707 
 0,745131244707875 
 0,745977984758679 
 0,747671464860288 
 0,748518204911092 
 0,749364944961897 
 0,560541913632515 
 0,613039796782388 
 0,302286198137172 
 0,31160033869602 
 0,31160033869602 
 0,329381879762913 
 0,330228619813717 
 0,2692633361558 
 0,260795935647756 
 0,22692633361558 
 0,244707874682472 
 0,279424216765453 
 0,253175275190517 
 0,201524132091448 
 0,201524132091448 
 0,201524132091448 
 0,201524132091448 
 0,202370872142252 
 0,193056731583404 
 0,158340389500423 
 0,193903471634208 
 0,176121930567316 
 0,167654530059272 
 0,167654530059272 
 0,167654530059272 
 0,159187129551228 
 0,17696867061812 
 0,185436071126164 
 0,186282811176969 
 0,168501270110076 
 0,17696867061812 
 0,194750211685013 
 0,168501270110076 
 0,168501270110076 
 0,160033869602032 
 0,160033869602032 
 0,160033869602032 
 0,160033869602032 
 0,151566469093988 
 0,124470787468247 
 0,124470787468247 
 0,116003386960203 
 0,116003386960203 
 0,124470787468247 
 0,116003386960203 
 0,124470787468247 
 0,124470787468247 
 0,143099068585944 
 0,125317527519052 
 0,116003386960203 
 0,116003386960203 
 0,116003386960203 
 0,151566469093988 
 0,143099068585944 
 0,151566469093988 
 0,143099068585944 
 0,151566469093988 
 0,133784928027096 
 0,133784928027096 
 0,125317527519052 
 0,116003386960203 
 0,116003386960203 
 0,116003386960203 
 0,116003386960203 
 0,106689246401355 
 9,82218458933107E-02 
 9,82218458933107E-02 
 8,89077053344623E-02 
 8,04403048264183E-02 
 8,89077053344623E-02 
 8,04403048264183E-02 
 8,04403048264183E-02 
 8,04403048264183E-02 
 9,73751058425063E-02 
 0,106689246401355 
 9,73751058425063E-02 
 9,73751058425063E-02 
 9,73751058425063E-02 
 9,73751058425063E-02 
 9,73751058425063E-02 
 9,73751058425063E-02 
 0,10584250635055 
 0,10584250635055 
 9,73751058425063E-02 
 0,10584250635055 
 9,73751058425063E-02 
 0,10584250635055 
 9,65283657917019E-02 
 9,65283657917019E-02 
 8,80609652836579E-02 
 8,80609652836579E-02 
 7,87468247248095E-02 
 7,87468247248095E-02 
 7,87468247248095E-02 
 8,72142252328535E-02 
 8,72142252328535E-02 
 9,65283657917019E-02 
 9,56816257408975E-02 
 8,72142252328535E-02 
 8,72142252328535E-02 
 8,72142252328535E-02 
 8,72142252328535E-02 
 8,72142252328535E-02 
 8,63674851820491E-02 
 8,63674851820491E-02 
 8,63674851820491E-02 
 9,48348856900931E-02 
 8,63674851820491E-02 
 9,48348856900931E-02 
 8,63674851820491E-02 
 9,48348856900931E-02 
 9,48348856900931E-02 
 0,103302286198137 
 0,102455546147333 
 9,39881456392887E-02 
 0,102455546147333 
 8,55207451312447E-02 
 9,39881456392887E-02 
 0,110922946655377 
 0,110076206604572 
 9,31414055884843E-02 
 0,101608806096528 
 0,110076206604572 
 0,101608806096528 
 0,100762066045724 
 0,117696867061812 
 0,126164267569856 
 0,133784928027096 
 0,125317527519052 
 0,116850127011008 
 0,132938187976291 
 0,141405588484335 
 0,141405588484335 
 0,124470787468247 
 0,132091447925487 
 0,132091447925487 
 0,123624047417443 
 0,115156646909399 
 9,82218458933107E-02 
 9,82218458933107E-02 
 0,10584250635055 
 0,121930567315834 
 0,114309906858594 
 0,10584250635055 
 0,104995766299746 
 9,73751058425063E-02 
 9,65283657917019E-02 
 9,65283657917019E-02 
 9,65283657917019E-02 
 0,104149026248942 
 0,104149026248942 
 9,56816257408975E-02 
 9,56816257408975E-02 
 0,103302286198137 
 0,102455546147333 
 0,102455546147333 
 9,48348856900931E-02 
 8,63674851820491E-02 
 8,63674851820491E-02 
 6,26587637595258E-02 
 6,26587637595258E-02 
 7,02794242167655E-02 
 0,069432684165961 
 0,069432684165961 
 0,069432684165961 
 0,069432684165961 
 7,62066045723963E-02 
 7,62066045723963E-02 
 7,62066045723963E-02 
 8,38272650296359E-02 
 7,53598645215919E-02 
 6,77392040643522E-02 
 6,77392040643522E-02 
 6,77392040643522E-02 
 7,45131244707875E-02 
 7,45131244707875E-02 
 6,68924640135478E-02 
 5,92718035563082E-02 
 5,92718035563082E-02 
 5,84250635055038E-02 
 5,84250635055038E-02 
 6,60457239627434E-02 
 0,065198983911939 
 7,28196443691787E-02 
 7,19729043183743E-02 
 7,19729043183743E-02 
 7,19729043183743E-02 
 7,11261642675699E-02 
 7,87468247248095E-02 
 7,79000846740051E-02 
 7,11261642675699E-02 
 6,35055038103302E-02 
 5,58848433530906E-02 
 4,23370025402202E-02 
 3,47163420829805E-02 
 3,47163420829805E-02 
 3,47163420829805E-02 
 4,14902624894158E-02 
 3,47163420829805E-02 
 2,70956816257409E-02 
 2,70956816257409E-02 
 2,70956816257409E-02 
 3,38696020321761E-02 
 4,06435224386113E-02 
 3,97967823878069E-02 
 3,97967823878069E-02 
 4,65707027942422E-02 
 3,97967823878069E-02 
 3,97967823878069E-02 
 3,89500423370025E-02 
 4,57239627434378E-02 
 4,57239627434378E-02 
 5,16511430990686E-02 
 5,16511430990686E-02 
 5,75783234546994E-02 
 5,75783234546994E-02 
 6,35055038103302E-02 
 6,26587637595258E-02 
 0,056731583403895 
 6,26587637595258E-02 
 6,18120237087214E-02 
 6,18120237087214E-02 
 6,18120237087214E-02 
 0,060965283657917 
 0,060965283657917 
 0,060965283657917 
 6,01185436071126E-02 
 5,41913632514818E-02 
 5,33446232006774E-02 
 5,33446232006774E-02 
 5,92718035563082E-02 
 5,84250635055038E-02 
 5,84250635055038E-02 
 0,052497883149873 
 5,16511430990686E-02 
 4,57239627434378E-02 
 4,57239627434378E-02 
 3,97967823878069E-02 
 3,38696020321761E-02 
 2,79424216765453E-02 
 2,20152413209145E-02 
 2,20152413209145E-02 
 1,60880609652837E-02 
 1,60880609652837E-02 
 1,60880609652837E-02 
 1,60880609652837E-02 
 1,60880609652837E-02 
 1,60880609652837E-02 
 1,60880609652837E-02 
 2,11685012701101E-02 
 1,52413209144793E-02 
 1,52413209144793E-02 
 1,52413209144793E-02 
 1,01608806096528E-02 
 1,01608806096528E-02 
 1,01608806096528E-02 
 1,01608806096528E-02 
 1,52413209144793E-02 
 1,94750211685013E-02 
 1,94750211685013E-02 
 1,94750211685013E-02 
 1,94750211685013E-02 
 2,37087214225233E-02 
 2,37087214225233E-02 
 2,37087214225233E-02 
 1,86282811176969E-02 
 1,86282811176969E-02 
 2,79424216765453E-02 
 2,70956816257409E-02 
 2,70956816257409E-02 
 2,70956816257409E-02 
 2,70956816257409E-02 
 2,62489415749365E-02 
 2,62489415749365E-02 
 2,62489415749365E-02 
 2,62489415749365E-02 
 2,96359017781541E-02 
 3,81033022861981E-02 
 4,23370025402202E-02 
 4,57239627434378E-02 
 4,91109229466554E-02 
 5,33446232006774E-02 
 0,052497883149873 
 5,16511430990686E-02 
 5,16511430990686E-02 
 4,31837425910246E-02 
 4,65707027942422E-02 
 4,99576629974598E-02 
 4,99576629974598E-02 
 6,43522438611346E-02 
 6,35055038103302E-02 
 5,92718035563082E-02 
 5,84250635055038E-02 
 6,18120237087214E-02 
 0,060965283657917 
 6,35055038103302E-02 
 6,26587637595258E-02 
 6,60457239627434E-02 
 0,065198983911939 
 0,060965283657917 
 6,35055038103302E-02 
 6,26587637595258E-02 
 6,18120237087214E-02 
 6,43522438611346E-02 
 6,01185436071126E-02 
 0,056731583403895 
 6,18120237087214E-02 
 5,16511430990686E-02 
 5,41913632514818E-02 
 5,33446232006774E-02 
 5,58848433530906E-02 
 0,052497883149873 
 0,048264182895851 
 5,33446232006774E-02 
 0,052497883149873 
 5,50381033022862E-02 
 0,056731583403895 
 5,33446232006774E-02 
 0,052497883149873 
 4,65707027942422E-02 
 4,57239627434378E-02 
 3,97967823878069E-02 
 0,044030482641829 
 4,57239627434378E-02 
 4,31837425910246E-02 
 3,72565622353937E-02 
 3,64098221845893E-02 
 3,64098221845893E-02 
 3,55630821337849E-02 
 3,47163420829805E-02 
 3,21761219305673E-02 
 3,38696020321761E-02 
 3,30228619813717E-02 
 3,04826418289585E-02 
 3,38696020321761E-02 
 3,13293818797629E-02 
 2,87891617273497E-02 
 3,13293818797629E-02 
 3,13293818797629E-02 
 3,21761219305673E-02 
 3,30228619813717E-02 
 3,55630821337849E-02 
 4,31837425910246E-02 
 3,89500423370025E-02 
 3,97967823878069E-02 
 3,89500423370025E-02 
 3,64098221845893E-02 
 3,81033022861981E-02 
 3,89500423370025E-02 
 3,47163420829805E-02 
 3,38696020321761E-02 
 3,55630821337849E-02 
 3,55630821337849E-02 
 3,30228619813717E-02 
 3,21761219305673E-02 
 3,64098221845893E-02 
 4,91109229466554E-02 
 6,35055038103302E-02 
 6,01185436071126E-02 
 6,68924640135478E-02 
 8,80609652836579E-02 
 0,065198983911939 
 7,36663844199831E-02 
 7,02794242167655E-02 
 6,85859441151566E-02 
 6,60457239627434E-02 
 6,26587637595258E-02 
 6,01185436071126E-02 
 5,75783234546994E-02 
 5,92718035563082E-02 
 5,92718035563082E-02 
 0,044030482641829 
 4,06435224386113E-02 
 3,81033022861981E-02 
 3,89500423370025E-02 
 3,72565622353937E-02 
 4,06435224386113E-02 
 3,81033022861981E-02 
 3,55630821337849E-02 
 3,04826418289585E-02 
 2,79424216765453E-02 
 2,62489415749365E-02 
 2,28619813717189E-02 
 2,62489415749365E-02 
 1,43945808636749E-02 
 1,43945808636749E-02 
 1,18543607112616E-02 
 1,01608806096528E-02 
 8,46740050804403E-03 
 0,012701100762066 
 1,10076206604572E-02 
 9,31414055884843E-03 
 6,77392040643522E-03 
 5,92718035563082E-03 
 5,08044030482642E-03 
 4,23370025402202E-03 
 3,38696020321761E-03 
 1,69348010160881E-03 
 1,69348010160881E-03 
 8,46740050804403E-04 
 8,46740050804403E-04 
 0 
 0 
 0 
 0 
 0 
 0 
 0 
 0 
 0 
 0 
 0 
 0 
 0 
 0 
 0 
 0 
 0 
 0 
 0 
 0 
 0 
 0 
 0 
 0 
 0 
 0 
 0 
 0 
 0 
 0 
 0 
 0 
 0 
 0 
 0 
 0 
 0 
 0 
 0 
 0 
 0 
 0 
 0 
 0 
 0 
 0 
 0 
 0 
 0 
 0 
 0 
 0 
 0 
 0 
 0 
 0 
 0 
 0 
 0 
 0 
 0 
 0 
 0 
 0 
 0 
 0 
 0 
 0 
 0 
 0 
 0 
 0 
 0 
 0 
 0 
 0 
 0 
 0 
 0 
 0 
 0 
 0 
 0 
 0 
 0 
 0 
 0 
 0 
 0 
 0 
 0 
 0 
 0 
 0 
 0 
 0 
 0 
 0 
 0 
 0 
 0 
 0 
 0 
 0 
 0 
 0 
 0 
 0 
 0 
 0 
 0 
 0 
 0 
 0 
 0 
 0 
 0 
 0 
 0 
 0 
 0 
 0 
 0 
 0 
 0 
 0 
 0 
 0 
 0 
 0 
 0 
 0 
 0 
 0 
 0 
 0 
 0 
 0 
 0 
 0 
 0 
 0 
 0 
 0 
 0 
 0 
 0 
 0 
 0 
 0 
 0 
 0 
 0 
 0 
 0 
 0 
 0 
 0 
 0 
 0 
 0 
 0 
 0 
 0 
 0 
 0 
 0 
 0 
 0 
 0 
 0 
 0 
 0 
 0 
 0 
 0 
 0 
 0 
 0 
 0 
 0 
 0 
 0 
 0 
 0 
 0 
 0 
 0 
 0 
 0 
 0 
 0 
 0 
 0 
 0 
 0 
 0 
 0 
 0 
 0 
 0 
 0 
 0 
 0 
 0 
 0 
 0 
 0 
 0 
 0 
 0 
 0 
 0 
 0 
 0 
 0 
 0 
 0 
 0 
 0 
 0 
 0 
 0 
 0 
 0 
 0 
 0 
 0 
 0 
 0 
 0 
 0 
 0 
 0 
 0 
 0 
 0 
 0 
 0 
 0 
 0 
 0 
 0 
 0 
 0 
 0 
 0 
 0 
 0 
 0 
 0 
 0 
 0 
 0 
 0 
 0 
 0 
 0 
 0 
 0 
 0 
 0 
 0 
 0 
 0 
 0 
 0 
 0 
 0 
 0 
 0 
 0 
 0 
 0 
 0 
 0 
 0 
 0 
 0 
 0 
 0 
 0 
 0 
 0 
 0 
 0 
 0 
 0 
 0 
 0 
 0 
 0 
 0 
 0 
 0 
 0 
 0 
 0 
 0 
 0 
 0 
 0 
 0 
 0 
 0 
 0 
 0 
 0 
 0 
 0 
 0 
 0 
