 0 
 0 
 0 
 0 
 0 
 0 
 0 
 0 
 0 
 0 
 0 
 0 
 0 
 0 
 0 
 0 
 0 
 0 
 0 
 0 
 0 
 0 
 0 
 0 
 0 
 0 
 0 
 0 
 0 
 0 
 0 
 0 
 0 
 0 
 0 
 0 
 0 
 0 
 0 
 0 
 0 
 0 
 0 
 0 
 0 
 0 
 0 
 0 
 0 
 0 
 0 
 0 
 0 
 0 
 0 
 0 
 0 
 0 
 0 
 0 
 0 
 0 
 0 
 0 
 0 
 0 
 0 
 0 
 0 
 0 
 0 
 0 
 0 
 0 
 0 
 0 
 0 
 0 
 0 
 0 
 0 
 0 
 0 
 0 
 0 
 0 
 0 
 0 
 0 
 0 
 0 
 0 
 0 
 0 
 0 
 0 
 0 
 0 
 0 
 0 
 0 
 0 
 0 
 0 
 0 
 0 
 0 
 0 
 0 
 0 
 0 
 0 
 0 
 0 
 0 
 0 
 0 
 0 
 0 
 0 
 0 
 0 
 0 
 0 
 0 
 0 
 0 
 0 
 0 
 0 
 0 
 0 
 0 
 0 
 0 
 0 
 0 
 0 
 0 
 0 
 0 
 0 
 0 
 0 
 0 
 0 
 0 
 0 
 0 
 0 
 0 
 0 
 0 
 0 
 0 
 0 
 0 
 0 
 0 
 0 
 0 
 0 
 0 
 0 
 0 
 0 
 0 
 0 
 0 
 0 
 0 
 0 
 0 
 0 
 0 
 0 
 0 
 0 
 0 
 0 
 0 
 0 
 0 
 0 
 0 
 0 
 0 
 0 
 0 
 0 
 0 
 0 
 0 
 0 
 0 
 0 
 0 
 0 
 0 
 0 
 0 
 0 
 0 
 0 
 0 
 0 
 0 
 0 
 0 
 0 
 0 
 0 
 0 
 0 
 0 
 0 
 0 
 0 
 0 
 0 
 0 
 0 
 0 
 0 
 0 
 0 
 0 
 0 
 0 
 0 
 0 
 0 
 0 
 0 
 0 
 0 
 0 
 0 
 0 
 0 
 0 
 0 
 0 
 0 
 0 
 0 
 0 
 0 
 0 
 0 
 0 
 0 
 0 
 0 
 0 
 0 
 0 
 0 
 0 
 0 
 0 
 0 
 0 
 0 
 0 
 0 
 0 
 0 
 0 
 0 
 0 
 0 
 0 
 0 
 0 
 0 
 0 
 0 
 0 
 0 
 0 
 0 
 0 
 0 
 0 
 0 
 0 
 0 
 0 
 0 
 0 
 0 
 0 
 0 
 0 
 0 
 0 
 0 
 0 
 0 
 0 
 0 
 0 
 0 
 0 
 0 
 0 
 0 
 0 
 0 
 0 
 0 
 0 
 0 
 0 
 0 
 0 
 0 
 0 
 0 
 0 
 0 
 0 
 0 
 0 
 0 
 0 
 0 
 0 
 0 
 0 
 0 
 0 
 0 
 0 
 0 
 0 
 0 
 0 
 0 
 0 
 0 
 0 
 0 
 0 
 0 
 0 
 0 
 0 
 0 
 0 
 0 
 0 
 0 
 0 
 0 
 0 
 0 
 0 
 0 
 0 
 0 
 0 
 0 
 0 
 0 
 0 
 0 
 0 
 0 
 0 
 0 
 0 
 0 
 0 
 0 
 0 
 0 
 0 
 0 
 0 
 0 
 0 
 0 
 0 
 0 
 0 
 0 
 0 
 0 
 0 
 0 
 0 
 0 
 0 
 0 
 0 
 0 
 0 
 0 
 0 
 0 
 0 
 0 
 0 
 0 
 0 
 0 
 0 
 0 
 0 
 0 
 0 
 0 
 0 
 0 
 0 
 0 
 0 
 0 
 0 
 0 
 0 
 0 
 0 
 0 
 0 
 0 
 0 
 0 
 0 
 0 
 0 
 0 
 0 
 0 
 8,46740050804403E-04 
 8,46740050804403E-04 
 8,46740050804403E-04 
 1,69348010160881E-03 
 1,69348010160881E-03 
 2,54022015241321E-03 
 3,38696020321761E-03 
 3,38696020321761E-03 
 4,23370025402202E-03 
 4,23370025402202E-03 
 5,92718035563082E-03 
 6,77392040643522E-03 
 7,62066045723963E-03 
 8,46740050804403E-03 
 1,01608806096528E-02 
 1,10076206604572E-02 
 0,012701100762066 
 1,43945808636749E-02 
 1,86282811176969E-02 
 1,94750211685013E-02 
 2,11685012701101E-02 
 2,03217612193057E-02 
 2,20152413209145E-02 
 2,54022015241321E-02 
 2,79424216765453E-02 
 2,87891617273497E-02 
 2,79424216765453E-02 
 4,99576629974598E-02 
 5,41913632514818E-02 
 0,056731583403895 
 6,60457239627434E-02 
 0,069432684165961 
 7,28196443691787E-02 
 7,62066045723963E-02 
 7,95935647756139E-02 
 8,29805249788315E-02 
 8,63674851820491E-02 
 9,06011854360711E-02 
 9,39881456392887E-02 
 9,73751058425063E-02 
 0,100762066045724 
 0,104995766299746 
 0,108382726502964 
 0,111769686706181 
 0,116003386960203 
 0,119390347163421 
 0,123624047417443 
 0,12701100762066 
 0,131244707874682 
 0,1346316680779 
 0,138865368331922 
 0,14225232853514 
 0,146486028789162 
 0,149872988992379 
 0,154106689246401 
 0,157493649449619 
 0,161727349703641 
 0,165961049957663 
 0,169348010160881 
 0,173581710414903 
 0,177815410668925 
 0,181202370872142 
 0,185436071126164 
 0,104149026248942 
 0,123624047417443 
 0,124470787468247 
 0,128704487722269 
 0,143945808636749 
 0,198983911939035 
 0,204911092294666 
 0,208298052497883 
 0,215071972904318 
 0,220999153259949 
 0,194750211685013 
 0,20575783234547 
 0,211685012701101 
 0,187976291278577 
 0,210838272650296 
 0,214225232853514 
 0,222692633361558 
 0,232006773920406 
 0,243014394580864 
 0,249788314987299 
 0,253175275190517 
 0,188823031329382 
 0,232853513971211 
 0,242167654530059 
 0,245554614733277 
 0,254868755292125 
 0,25571549534293 
 0,249788314987299 
 0,250635055038103 
 0,254022015241321 
 0,257408975444539 
 0,257408975444539 
 0,254022015241321 
 0,279424216765453 
 0,280270956816257 
 0,316680779000847 
 0,3268416596105 
 0,331075359864522 
 0,19813717188823 
 0,193056731583404 
 0,216765453005927 
 0,229466553767993 
 0,246401354784081 
 0,237933954276037 
 0,237087214225233 
 0,228619813717189 
 0,279424216765453 
 0,275190516511431 
 0,281964436917866 
 0,265029635901778 
 0,271803556308213 
 0,376799322607959 
 0,380186282811177 
 0,399661303979678 
 0,4038950042337 
 0,407281964436918 
 0,271803556308213 
 0,381879762912786 
 0,352243861134632 
 0,354784081287045 
 0,35393734123624 
 0,353090601185436 
 0,360711261642676 
 0,363251481795089 
 0,331075359864522 
 0,445385266723116 
 0,448772226926334 
 0,453005927180356 
 0,456392887383573 
 0,460626587637595 
 0,464013547840813 
 0,46740050804403 
 0,471634208298052 
 0,47502116850127 
 0,478408128704488 
 0,429297205757832 
 0,43268416596105 
 0,436071126164268 
 0,438611346316681 
 0,436917866215072 
 0,445385266723116 
 0,458086367485182 
 0,471634208298052 
 0,485182049110923 
 0,509737510584251 
 0,518204911092295 
 0,427603725656224 
 0,409822184589331 
 0,438611346316681 
 0,452159187129551 
 0,481795088907705 
 0,49618966977138 
 0,504657070279424 
 0,408975444538527 
 0,41151566469094 
 0,403048264182896 
 0,494496189669771 
 0,497883149872989 
 0,506350550381033 
 0,480948348856901 
 0,455546147332769 
 0,458086367485182 
 0,431837425910246 
 0,497883149872989 
 0,495342929720576 
 0,421676545300593 
 0,418289585097375 
 0,468247248094835 
 0,470787468247248 
 0,46740050804403 
 0,469940728196444 
 0,357324301439458 
 0,353090601185436 
 0,336155800169348 
 0,258255715495343 
 0,241320914479255 
 0,236240474174428 
 0,20575783234547 
 0,558001693480102 
 0,554614733276884 
 0,557154953429297 
 0,203217612193057 
 0,191363251481795 
 0,186282811176969 
 0,193903471634208 
 0,187976291278577 
 0,201524132091448 
 0,209144792548688 
 0,230313293818798 
 0,217612193056732 
 0,252328535139712 
 0,259949195596952 
 0,274343776460627 
 0,510584250635055 
 0,525825571549534 
 0,521591871295512 
 0,489415749364945 
 0,498729889923793 
 0,466553767993226 
 0,468247248094835 
 0,400508044030483 
 0,35393734123624 
 0,341236240474174 
 0,349703640982218 
 0,358171041490262 
 0,443691786621507 
 0,453005927180356 
 0,4614733276884 
 0,455546147332769 
 0,436071126164268 
 0,473327688399661 
 0,47502116850127 
 0,513124470787468 
 0,703640982218459 
 0,633361558001693 
 0,628281117696867 
 0,629974597798476 
 0,632514817950889 
 0,634208298052498 
 0,607112616426757 
 0,742591024555461 
 0,745131244707875 
 0,746824724809483 
 0,749364944961897 
 0,75190516511431 
 0,723962743437765 
 0,726502963590178 
 0,668077900084674 
 0,685012701100762 
 0,686706181202371 
 0,689246401354784 
 0,706181202370872 
 0,654530059271804 
 0,648602878916173 
 0,642675698560542 
 0,636748518204911 
 0,63844199830652 
 0,640135478408129 
 0,696867061812024 
 0,502116850127011 
 0,550381033022862 
 0,575783234546994 
 0,55376799322608 
 0,586790855207451 
 0,476714648602879 
 0,45385266723116 
 0,447078746824725 
 0,328535139712108 
 0,304826418289585 
 0,297205757832345 
 0,29805249788315 
 0,339542760372566 
 0,34038950042337 
 0,341236240474174 
 0,341236240474174 
 0,424216765453006 
 0,416596104995766 
 0,458086367485182 
 0,491955969517358 
 0,534292972057578 
 0,543607112616427 
 0,594411515664691 
 0,669771380186283 
 0,671464860287892 
 0,63082133784928 
 0,648602878916173 
 0,650296359017781 
 0,651143099068586 
 0,660457239627434 
 0,653683319220999 
 0,654530059271804 
 0,639288738357324 
 0,623200677392041 
 0,607112616426757 
 0,600338696020322 
 0,575783234546994 
 0,576629974597799 
 0,569009314140559 
 0,552921253175275 
 0,366638441998307 
 0,648602878916173 
 0,632514817950889 
 0,650296359017781 
 0,616426756985605 
 0,626587637595258 
 0,627434377646063 
 0,628281117696867 
 0,619813717188823 
 0,620660457239627 
 0,604572396274344 
 0,718035563082134 
 0,718882303132938 
 0,719729043183743 
 0,720575783234547 
 0,721422523285351 
 0,722269263336156 
 0,731583403895004 
 0,732430143945809 
 0,784928027095682 
 0,733276883996613 
 0,75190516511431 
 0,551227773073666 
 0,552074513124471 
 0,771380186282811 
 0,763759525825571 
 0,737510584250635 
 0,589331075359865 
 0,589331075359865 
 0,563928873835732 
 0,273497036409822 
 0,264182895850974 
 0,247248094834886 
 0,25571549534293 
 0,265029635901778 
 0,247248094834886 
 0,24809483488569 
 0,24809483488569 
 0,24809483488569 
 0,24809483488569 
 0,257408975444539 
 0,24809483488569 
 0,248941574936494 
 0,21337849280271 
 0,204064352243861 
 0,222692633361558 
 0,222692633361558 
 0,24047417442845 
 0,24047417442845 
 0,248941574936494 
 0,267569856054191 
 0,267569856054191 
 0,614733276883997 
 0,58848433530906 
 0,552921253175275 
 0,562235393734124 
 0,820491109229467 
 0,838272650296359 
 0,829805249788315 
 0,776460626587638 
 0,776460626587638 
 0,776460626587638 
 0,776460626587638 
 0,785774767146486 
 0,669771380186283 
 0,615580016934801 
 0,615580016934801 
 0,615580016934801 
 0,633361558001693 
 0,892464013547841 
 0,891617273497036 
 0,891617273497036 
 0,891617273497036 
 0,891617273497036 
 0,891617273497036 
 0,846740050804403 
 0,855207451312447 
 0,863674851820491 
 0,83657917019475 
 0,83657917019475 
 0,764606265876376 
 0,764606265876376 
 0,764606265876376 
 0,888230313293819 
 0,861134631668078 
 0,762912785774767 
 0,762912785774767 
 0,88653683319221 
 0,868755292125318 
 0,841659610499577 
 0,849280270956816 
 0,849280270956816 
 0,539373412362405 
 0,50381033022862 
 0,502963590177815 
 0,882303132938188 
 0,881456392887384 
 0,880609652836579 
 0,879762912785775 
 0,87891617273497 
 0,878069432684166 
 0,878069432684166 
 0,877222692633362 
 0,876375952582557 
 0,875529212531753 
 0,874682472480948 
 0,873835732430144 
 0,87298899237934 
 0,871295512277731 
 0,870448772226926 
 0,869602032176122 
 0,868755292125318 
 0,867908552074513 
 0,867061812023709 
 0,866215071972904 
 0,864521591871296 
 0,863674851820491 
 0,862828111769687 
 0,534292972057578 
 0,507197290431837 
 0,36917866215072 
 0,360711261642676 
 0,359864521591871 
 0,350550381033023 
 0,436071126164268 
 0,460626587637595 
 0,459779847586791 
 0,458933107535986 
 0,492802709568163 
 0,491955969517358 
 0,491109229466554 
 0,397121083827265 
 0,413209144792549 
 0,412362404741744 
 0,462320067739204 
 0,50381033022862 
 0,477561388653683 
 0,635901778154107 
 0,592718035563082 
 0,583403895004234 
 0,591024555461473 
 0,589331075359865 
 0,629974597798476 
 0,636748518204911 
 0,751058425063506 
 0,749364944961897 
 0,666384419983065 
 0,664690939881456 
 0,63844199830652 
 0,645215918712955 
 0,644369178662151 
 0,642675698560542 
 0,640982218458933 
 0,647756138865368 
 0,646909398814564 
 0,613039796782388 
 0,611346316680779 
 0,578323454699407 
 0,704487722269263 
 0,711261642675699 
 0,549534292972058 
 0,572396274343776 
 0,586790855207451 
 0,34801016088061 
 0,307366638441998 
 0,306519898391194 
 0,321761219305673 
 0,352243861134632 
 0,327688399661304 
 0,31160033869602 
 0,325994919559695 
 0,325148179508891 
 0,324301439458086 
 0,35393734123624 
 0,368331922099915 
 0,337002540220152 
 0,343776460626588 
 0,327688399661304 
 0,31160033869602 
 0,309906858594412 
 0,324301439458086 
 0,368331922099915 
 0,419983065198984 
 0,433530906011854 
 0,454699407281964 
 0,289585097375106 
 0,281117696867062 
 0,243861134631668 
 0,235393734123624 
 0,242167654530059 
 0,241320914479255 
 0,218458933107536 
 0,217612193056732 
 0,202370872142252 
 0,201524132091448 
 0,208298052497883 
 0,214225232853514 
 0,199830651989839 
 0,198983911939035 
 0,204911092294666 
 0,218458933107536 
 0,210838272650296 
 0,203217612193057 
 0,194750211685013 
 0,180355630821338 
 0,172734970364098 
 0,171888230313294 
 0,171888230313294 
 0,164267569856054 
 0,16342082980525 
 0,176121930567316 
 0,161727349703641 
 0,167654530059272 
 0,140558848433531 
 0,132938187976291 
 0,139712108382726 
 0,112616426756986 
 0,131244707874682 
 0,124470787468247 
 0,137171888230313 
 0,136325148179509 
 0,135478408128704 
 0,1346316680779 
 0,147332768839966 
 0,146486028789162 
 0,145639288738357 
 0,151566469093988 
 0,16342082980525 
 0,174428450465707 
 0,173581710414903 
 0,179508890770533 
 0,190516511430991 
 0,177815410668925 
 0,182895850973751 
 0,187976291278577 
 0,180355630821338 
 0,185436071126164 
 0,166807790008467 
 0,165961049957663 
 0,17696867061812 
 0,176121930567316 
 0,186282811176969 
 0,168501270110076 
 0,161727349703641 
 0,160880609652837 
 0,159187129551228 
 0,458933107535986 
 0,444538526672312 
 0,436917866215072 
 0,406435224386113 
 0,408975444538527 
 0,412362404741744 
 0,278577476714649 
 0,27688399661304 
 0,302286198137172 
 0,305673158340389 
 0,250635055038103 
 0,243014394580864 
 0,247248094834886 
 0,245554614733277 
 0,275190516511431 
 0,267569856054191 
 0,281117696867062 
 0,279424216765453 
 0,312447078746825 
 0,295512277730737 
 0,253175275190517 
 0,261642675698561 
 0,264182895850974 
 0,253175275190517 
 0,25571549534293 
 0,297205757832345 
 0,276037256562235 
 0,245554614733277 
 0,294665537679932 
 0,302286198137172 
 0,165961049957663 
 0,150719729043184 
 0,12701100762066 
 0,126164267569856 
 0,120237087214225 
 0,115156646909399 
 0,114309906858594 
 0,108382726502964 
 0,111769686706181 
 0,106689246401355 
 0,110076206604572 
 0,109229466553768 
 9,99153259949196E-02 
 9,90685859441152E-02 
 8,97544453852667E-02 
 8,89077053344623E-02 
 9,99153259949196E-02 
 9,90685859441152E-02 
 9,39881456392887E-02 
 8,97544453852667E-02 
 9,22946655376799E-02 
 9,14479254868755E-02 
 9,06011854360711E-02 
 8,97544453852667E-02 
 0,107535986452159 
 9,90685859441152E-02 
 8,29805249788315E-02 
 9,31414055884843E-02 
 8,80609652836579E-02 
 0,104995766299746 
 0,104149026248942 
 0,102455546147333 
 0,111769686706181 
 0,110076206604572 
 0,112616426756986 
 8,46740050804403E-02 
 9,65283657917019E-02 
 0,114309906858594 
 0,169348010160881 
 0,167654530059272 
 0,165114309906859 
 0,16342082980525 
 0,172734970364098 
 0,165114309906859 
 0,150719729043184 
 0,149026248941575 
 0,138018628281118 
 0,203217612193057 
 0,197290431837426 
 0,194750211685013 
 0,191363251481795 
 0,186282811176969 
 0,182895850973751 
 0,175275190516511 
 0,247248094834886 
 0,216765453005927 
 0,203217612193057 
 0,199830651989839 
 0,196443691786621 
 0,193056731583404 
 0,178662150719729 
 0,215071972904318 
 0,211685012701101 
 0,207451312447079 
 0,197290431837426 
 0,191363251481795 
 0,187976291278577 
 0,171888230313294 
 0,174428450465707 
 0,17696867061812 
 0,186282811176969 
 0,182049110922947 
 0,177815410668925 
 0,174428450465707 
 0,170194750211685 
 0,165961049957663 
 0,162574089754445 
 0,158340389500423 
 0,153259949195597 
 0,149026248941575 
 0,145639288738357 
 0,143099068585944 
 0,138865368331922 
 0,135478408128704 
 0,069432684165961 
 5,75783234546994E-02 
 5,58848433530906E-02 
 7,53598645215919E-02 
 7,28196443691787E-02 
 0,065198983911939 
 6,01185436071126E-02 
 6,01185436071126E-02 
 7,53598645215919E-02 
 7,79000846740051E-02 
 7,45131244707875E-02 
 7,36663844199831E-02 
 7,02794242167655E-02 
 5,58848433530906E-02 
 5,08044030482642E-02 
 4,74174428450466E-02 
 6,26587637595258E-02 
 6,01185436071126E-02 
 5,75783234546994E-02 
 5,41913632514818E-02 
 5,16511430990686E-02 
 4,91109229466554E-02 
 4,65707027942422E-02 
 0,044030482641829 
 0,044030482641829 
 4,14902624894158E-02 
 3,89500423370025E-02 
 3,30228619813717E-02 
 3,04826418289585E-02 
 2,79424216765453E-02 
 2,54022015241321E-02 
 2,28619813717189E-02 
 1,60880609652837E-02 
 1,52413209144793E-02 
 1,10076206604572E-02 
 1,10076206604572E-02 
 9,31414055884843E-03 
 8,46740050804403E-03 
 6,77392040643522E-03 
 5,08044030482642E-03 
 4,23370025402202E-03 
 3,38696020321761E-03 
 3,38696020321761E-03 
 2,54022015241321E-03 
 1,69348010160881E-03 
 1,69348010160881E-03 
 8,46740050804403E-04 
 8,46740050804403E-04 
 8,46740050804403E-04 
 0 
 0 
 0 
 0 
 0 
 0 
 0 
 0 
 0 
 0 
 0 
 0 
 0 
 0 
 0 
 0 
 0 
 0 
 0 
 0 
 0 
 0 
 0 
 0 
 0 
 0 
 0 
 0 
 0 
 0 
 0 
 0 
 0 
 0 
 0 
 0 
 0 
 0 
 0 
 0 
 0 
 0 
 0 
 0 
 0 
 0 
 0 
 0 
 0 
 0 
 0 
 0 
 0 
 0 
 0 
 0 
 0 
 0 
 0 
 0 
 0 
 0 
 0 
 0 
 0 
 0 
 0 
 0 
 0 
 0 
 0 
 0 
 0 
 0 
 0 
 0 
 0 
 0 
 0 
 0 
 0 
 0 
 0 
 0 
 0 
 0 
 0 
 0 
 0 
 0 
 0 
 0 
 0 
 0 
 0 
 0 
 0 
 0 
 0 
 0 
 0 
 0 
 0 
 0 
 0 
 0 
 0 
 0 
 0 
 0 
 0 
 0 
 0 
 0 
 0 
 0 
 0 
 0 
 0 
 0 
 0 
 0 
 0 
 0 
 0 
 0 
 0 
 0 
 0 
 0 
 0 
 0 
 0 
 0 
 0 
 0 
 0 
 0 
 0 
 0 
 0 
 0 
 0 
 0 
 0 
 0 
 0 
 0 
 0 
 0 
 0 
 0 
 0 
 0 
 0 
 0 
 0 
 0 
 0 
 0 
 0 
 0 
 0 
 0 
 0 
 0 
 0 
 0 
 0 
 0 
 0 
 0 
 0 
 0 
 0 
 0 
 0 
 0 
 0 
 0 
 0 
 0 
 0 
 0 
 0 
 0 
 0 
 0 
 0 
 0 
 0 
 0 
 0 
 0 
 0 
 0 
 0 
 0 
 0 
 0 
 0 
 0 
 0 
 0 
 0 
 0 
 0 
 0 
 0 
 0 
 0 
 0 
 0 
 0 
 0 
 0 
 0 
 0 
 0 
 0 
 0 
 0 
 0 
 0 
 0 
 0 
 0 
 0 
 0 
 0 
 0 
 0 
 0 
 0 
 0 
 0 
 0 
 0 
 0 
 0 
 0 
 0 
 0 
 0 
 0 
 0 
 0 
 0 
 0 
 0 
 0 
 0 
 0 
 0 
 0 
 0 
 0 
 0 
 0 
 0 
 0 
 0 
 0 
 0 
 0 
 0 
 0 
 0 
 0 
 0 
 0 
 0 
 0 
 0 
 0 
 0 
 0 
 0 
 0 
 0 
 0 
 0 
 0 
 0 
 0 
 0 
 0 
 0 
 0 
 0 
 0 
 0 
 0 
 0 
 0 
 0 
 0 
 0 
 0 
 0 
 0 
 0 
 0 
 0 
 0 
 0 
 0 
 0 
 0 
 0 
 0 
 0 
 0 
