 0 
 0 
 0 
 0 
 0 
 0 
 0 
 0 
 0 
 0 
 0 
 0 
 0 
 0 
 0 
 0 
 0 
 0 
 0 
 0 
 0 
 0 
 0 
 0 
 0 
 0 
 0 
 0 
 0 
 0 
 0 
 0 
 0 
 0 
 0 
 0 
 0 
 0 
 0 
 0 
 0 
 0 
 0 
 0 
 0 
 0 
 0 
 0 
 0 
 0 
 0 
 0 
 0 
 0 
 0 
 0 
 0 
 0 
 0 
 0 
 0 
 0 
 0 
 0 
 0 
 0 
 0 
 0 
 0 
 0 
 0 
 0 
 0 
 0 
 0 
 0 
 0 
 0 
 0 
 0 
 0 
 0 
 0 
 0 
 0 
 0 
 0 
 0 
 0 
 0 
 0 
 0 
 0 
 0 
 0 
 0 
 0 
 0 
 0 
 0 
 0 
 0 
 0 
 0 
 0 
 0 
 0 
 0 
 0 
 0 
 0 
 0 
 0 
 0 
 0 
 0 
 0 
 0 
 0 
 0 
 0 
 0 
 0 
 0 
 0 
 0 
 0 
 0 
 0 
 0 
 0 
 0 
 0 
 0 
 0 
 0 
 0 
 0 
 0 
 0 
 0 
 0 
 0 
 0 
 0 
 0 
 0 
 0 
 0 
 0 
 0 
 0 
 0 
 0 
 0 
 0 
 0 
 0 
 0 
 0 
 0 
 0 
 0 
 0 
 0 
 0 
 0 
 0 
 0 
 0 
 0 
 0 
 0 
 0 
 0 
 0 
 0 
 0 
 0 
 0 
 0 
 0 
 0 
 0 
 0 
 0 
 0 
 0 
 0 
 0 
 0 
 0 
 0 
 0 
 0 
 0 
 0 
 0 
 0 
 0 
 0 
 0 
 0 
 0 
 0 
 0 
 0 
 0 
 0 
 0 
 0 
 0 
 0 
 0 
 0 
 0 
 0 
 0 
 0 
 0 
 0 
 0 
 0 
 0 
 0 
 0 
 0 
 0 
 0 
 0 
 0 
 0 
 0 
 0 
 0 
 0 
 0 
 0 
 0 
 0 
 0 
 0 
 0 
 0 
 0 
 0 
 0 
 0 
 0 
 0 
 0 
 0 
 0 
 0 
 0 
 0 
 0 
 0 
 0 
 0 
 0 
 0 
 0 
 0 
 0 
 0 
 0 
 0 
 0 
 0 
 0 
 0 
 0 
 0 
 0 
 0 
 0 
 0 
 0 
 0 
 0 
 0 
 0 
 0 
 0 
 0 
 0 
 0 
 0 
 0 
 0 
 0 
 0 
 0 
 0 
 0 
 0 
 0 
 0 
 0 
 0 
 0 
 0 
 0 
 0 
 0 
 0 
 0 
 0 
 0 
 0 
 0 
 0 
 0 
 0 
 0 
 0 
 0 
 0 
 0 
 0 
 0 
 0 
 0 
 0 
 0 
 0 
 0 
 0 
 0 
 0 
 0 
 0 
 0 
 0 
 0 
 0 
 0 
 0 
 0 
 0 
 0 
 0 
 0 
 0 
 0 
 0 
 0 
 0 
 0 
 0 
 0 
 0 
 0 
 0 
 0 
 0 
 0 
 0 
 0 
 0 
 0 
 0 
 0 
 0 
 0 
 0 
 0 
 0 
 0 
 0 
 0 
 0 
 0 
 0 
 0 
 0 
 0 
 0 
 0 
 0 
 0 
 0 
 0 
 0 
 0 
 0 
 0 
 0 
 0 
 0 
 0 
 0 
 0 
 0 
 0 
 0 
 0 
 0 
 0 
 0 
 0 
 0 
 0 
 0 
 0 
 0 
 0 
 0 
 0 
 0 
 0 
 0 
 0 
 0 
 0 
 0 
 0 
 0 
 0 
 0 
 0 
 0 
 0 
 0 
 0 
 0 
 0 
 0 
 0 
 0 
 0 
 0 
 0 
 0 
 0 
 0 
 8,46740050804403E-04 
 8,46740050804403E-04 
 8,46740050804403E-04 
 1,69348010160881E-03 
 1,69348010160881E-03 
 2,54022015241321E-03 
 2,54022015241321E-03 
 3,38696020321761E-03 
 4,23370025402202E-03 
 5,08044030482642E-03 
 5,92718035563082E-03 
 8,46740050804403E-03 
 9,31414055884843E-03 
 9,31414055884843E-03 
 6,77392040643522E-03 
 6,77392040643522E-03 
 7,62066045723963E-03 
 1,10076206604572E-02 
 1,18543607112616E-02 
 1,35478408128704E-02 
 1,43945808636749E-02 
 1,60880609652837E-02 
 1,60880609652837E-02 
 1,77815410668925E-02 
 1,86282811176969E-02 
 2,03217612193057E-02 
 2,45554614733277E-02 
 2,62489415749365E-02 
 2,79424216765453E-02 
 2,79424216765453E-02 
 2,87891617273497E-02 
 3,04826418289585E-02 
 3,13293818797629E-02 
 5,92718035563082E-02 
 0,065198983911939 
 5,58848433530906E-02 
 0,052497883149873 
 5,33446232006774E-02 
 5,84250635055038E-02 
 3,97967823878069E-02 
 4,14902624894158E-02 
 4,31837425910246E-02 
 4,57239627434378E-02 
 7,28196443691787E-02 
 8,04403048264183E-02 
 8,46740050804403E-02 
 0,100762066045724 
 0,103302286198137 
 0,106689246401355 
 0,110922946655377 
 0,108382726502964 
 0,114309906858594 
 0,116003386960203 
 0,118543607112616 
 9,90685859441152E-02 
 0,136325148179509 
 0,14225232853514 
 0,169348010160881 
 0,173581710414903 
 0,177815410668925 
 0,123624047417443 
 0,140558848433531 
 0,143945808636749 
 0,144792548687553 
 0,148179508890771 
 0,108382726502964 
 0,110922946655377 
 0,11346316680779 
 0,21337849280271 
 0,217612193056732 
 0,220999153259949 
 0,225232853513971 
 0,229466553767993 
 0,233700254022015 
 0,237087214225233 
 0,241320914479255 
 0,245554614733277 
 0,249788314987299 
 0,253175275190517 
 0,257408975444539 
 0,261642675698561 
 0,265876375952583 
 0,2692633361558 
 0,273497036409822 
 0,277730736663844 
 0,281964436917866 
 0,285351397121084 
 0,289585097375106 
 0,293818797629128 
 0,29805249788315 
 0,262489415749365 
 0,305673158340389 
 0,309906858594412 
 0,313293818797629 
 0,317527519051651 
 0,321761219305673 
 0,325148179508891 
 0,329381879762913 
 0,333615580016935 
 0,337849280270957 
 0,324301439458086 
 0,342082980524979 
 0,276037256562235 
 0,279424216765453 
 0,278577476714649 
 0,281964436917866 
 0,292125317527519 
 0,295512277730737 
 0,283657917019475 
 0,29043183742591 
 0,274343776460627 
 0,261642675698561 
 0,276037256562235 
 0,278577476714649 
 0,245554614733277 
 0,271803556308213 
 0,294665537679932 
 0,305673158340389 
 0,391193903471634 
 0,414902624894157 
 0,41913632514818 
 0,418289585097375 
 0,405588484335309 
 0,396274343776461 
 0,342929720575783 
 0,42506350550381 
 0,43268416596105 
 0,431837425910246 
 0,448772226926334 
 0,453005927180356 
 0,456392887383573 
 0,460626587637595 
 0,464013547840813 
 0,46740050804403 
 0,41913632514818 
 0,327688399661304 
 0,315834038950042 
 0,168501270110076 
 0,170194750211685 
 0,171041490262489 
 0,167654530059272 
 0,164267569856054 
 0,165114309906859 
 0,15580016934801 
 0,137171888230313 
 0,138018628281118 
 0,133784928027096 
 0,1346316680779 
 0,140558848433531 
 0,141405588484335 
 0,148179508890771 
 0,149026248941575 
 0,144792548687553 
 0,166807790008467 
 0,249788314987299 
 0,392887383573243 
 0,505503810330229 
 0,508044030482642 
 0,51735817104149 
 0,55969517358171 
 0,563082133784928 
 0,566469093988146 
 0,569009314140559 
 0,572396274343776 
 0,575783234546994 
 0,579170194750212 
 0,582557154953429 
 0,585944115156647 
 0,589331075359865 
 0,592718035563082 
 0,595258255715495 
 0,598645215918713 
 0,602032176121931 
 0,605419136325148 
 0,608806096528366 
 0,611346316680779 
 0,614733276883997 
 0,618120237087214 
 0,620660457239627 
 0,624047417442845 
 0,627434377646063 
 0,629974597798476 
 0,633361558001693 
 0,635901778154107 
 0,632514817950889 
 0,430143945808637 
 0,406435224386113 
 0,402201524132091 
 0,481795088907705 
 0,405588484335309 
 0,657070279424217 
 0,65961049957663 
 0,662997459779848 
 0,658763759525826 
 0,662150719729043 
 0,644369178662151 
 0,640982218458933 
 0,650296359017781 
 0,652836579170195 
 0,655376799322608 
 0,356477561388654 
 0,358171041490262 
 0,338696020321761 
 0,360711261642676 
 0,320067739204064 
 0,314987298899238 
 0,301439458086367 
 0,373412362404742 
 0,375105842506351 
 0,45385266723116 
 0,690939881456393 
 0,714648602878916 
 0,717188823031329 
 0,719729043183743 
 0,722269263336156 
 0,724809483488569 
 0,727349703640982 
 0,729889923793395 
 0,732430143945809 
 0,734970364098222 
 0,457239627434378 
 0,443691786621507 
 0,47502116850127 
 0,469093988145639 
 0,478408128704488 
 0,419983065198984 
 0,413209144792549 
 0,347163420829805 
 0,309906858594412 
 0,348856900931414 
 0,410668924640135 
 0,480948348856901 
 0,306519898391194 
 0,314987298899238 
 0,300592718035563 
 0,301439458086367 
 0,286198137171888 
 0,325994919559695 
 0,3268416596105 
 0,320067739204064 
 0,430143945808637 
 0,415749364944962 
 0,416596104995766 
 0,370872142252329 
 0,426756985605419 
 0,792548687552921 
 0,795088907705334 
 0,796782387806943 
 0,798475867908552 
 0,800169348010161 
 0,802709568162574 
 0,804403048264183 
 0,806096528365792 
 0,8077900084674 
 0,809483488569009 
 0,811176968670618 
 0,813717188823031 
 0,81541066892464 
 0,817104149026249 
 0,818797629127858 
 0,820491109229467 
 0,715495342929721 
 0,683319220999153 
 0,685012701100762 
 0,413209144792549 
 0,372565622353937 
 0,373412362404742 
 0,374259102455546 
 0,358171041490262 
 0,384419983065199 
 0,23454699407282 
 0,23454699407282 
 0,235393734123624 
 0,277730736663844 
 0,286198137171888 
 0,295512277730737 
 0,287044877222693 
 0,270956816257409 
 0,254022015241321 
 0,254868755292125 
 0,254868755292125 
 0,238780694326842 
 0,230313293818798 
 0,24809483488569 
 0,24809483488569 
 0,24809483488569 
 0,248941574936494 
 0,24047417442845 
 0,232006773920406 
 0,232853513971211 
 0,232853513971211 
 0,224386113463167 
 0,233700254022015 
 0,250635055038103 
 0,268416596104996 
 0,2692633361558 
 0,277730736663844 
 0,374259102455546 
 0,435224386113463 
 0,426756985605419 
 0,41913632514818 
 0,41913632514818 
 0,367485182049111 
 0,359017781541067 
 0,359017781541067 
 0,386113463166808 
 0,368331922099915 
 0,465707027942422 
 0,360711261642676 
 0,378492802709568 
 0,343776460626588 
 0,352243861134632 
 0,335309060118544 
 0,335309060118544 
 0,335309060118544 
 0,274343776460627 
 0,274343776460627 
 0,274343776460627 
 0,274343776460627 
 0,274343776460627 
 0,301439458086367 
 0,310753598645216 
 0,31922099915326 
 0,310753598645216 
 0,284504657070279 
 0,302286198137172 
 0,293818797629128 
 0,293818797629128 
 0,293818797629128 
 0,276037256562235 
 0,276037256562235 
 0,258255715495343 
 0,267569856054191 
 0,276037256562235 
 0,258255715495343 
 0,249788314987299 
 0,356477561388654 
 0,490262489415749 
 0,481795088907705 
 0,410668924640135 
 0,392887383573243 
 0,375105842506351 
 0,375105842506351 
 0,383573243014395 
 0,392887383573243 
 0,383573243014395 
 0,580016934801016 
 0,552921253175275 
 0,892464013547841 
 0,892464013547841 
 0,892464013547841 
 0,891617273497036 
 0,891617273497036 
 0,891617273497036 
 0,891617273497036 
 0,891617273497036 
 0,890770533446232 
 0,890770533446232 
 0,890770533446232 
 0,889923793395428 
 0,889923793395428 
 0,889923793395428 
 0,889077053344623 
 0,889077053344623 
 0,888230313293819 
 0,888230313293819 
 0,887383573243014 
 0,887383573243014 
 0,88653683319221 
 0,885690093141406 
 0,885690093141406 
 0,884843353090601 
 0,884843353090601 
 0,883996613039797 
 0,883149872988992 
 0,882303132938188 
 0,882303132938188 
 0,881456392887384 
 0,880609652836579 
 0,879762912785775 
 0,87891617273497 
 0,878069432684166 
 0,878069432684166 
 0,877222692633362 
 0,876375952582557 
 0,875529212531753 
 0,874682472480948 
 0,768839966130398 
 0,767993226079594 
 0,758679085520745 
 0,784081287044877 
 0,773920406435224 
 0,790855207451312 
 0,833192209991533 
 0,814563928873836 
 0,831498729889924 
 0,640135478408129 
 0,639288738357324 
 0,6731583403895 
 0,662997459779848 
 0,662150719729043 
 0,627434377646063 
 0,626587637595258 
 0,61727349703641 
 0,616426756985605 
 0,5385266723116 
 0,529212531752752 
 0,511430990685859 
 0,603725656223539 
 0,585944115156647 
 0,585097375105842 
 0,575783234546994 
 0,566469093988146 
 0,615580016934801 
 0,682472480948349 
 0,5385266723116 
 0,537679932260796 
 0,511430990685859 
 0,426756985605419 
 0,425910245554615 
 0,450465707027942 
 0,291278577476715 
 0,423370025402202 
 0,803556308213379 
 0,802709568162574 
 0,801016088060965 
 0,799322607959357 
 0,789161727349704 
 0,762912785774767 
 0,687552921253175 
 0,669771380186283 
 0,758679085520745 
 0,77307366638442 
 0,755292125317528 
 0,745131244707875 
 0,8077900084674 
 0,806096528365792 
 0,804403048264183 
 0,802709568162574 
 0,801016088060965 
 0,790855207451312 
 0,789161727349704 
 0,78662150719729 
 0,793395427603726 
 0,790855207451312 
 0,789161727349704 
 0,78662150719729 
 0,784928027095682 
 0,783234546994073 
 0,78069432684166 
 0,779000846740051 
 0,776460626587638 
 0,766299745977985 
 0,772226926333616 
 0,770533446232007 
 0,767993226079594 
 0,76545300592718 
 0,763759525825571 
 0,761219305673158 
 0,758679085520745 
 0,756985605419136 
 0,754445385266723 
 0,75190516511431 
 0,614733276883997 
 0,597798475867909 
 0,611346316680779 
 0,601185436071126 
 0,607112616426757 
 0,605419136325148 
 0,58848433530906 
 0,615580016934801 
 0,642675698560542 
 0,640982218458933 
 0,624047417442845 
 0,556308213378493 
 0,554614733276884 
 0,516511430990686 
 0,522438611346317 
 0,548687552921253 
 0,546994072819644 
 0,573243014394581 
 0,570702794242168 
 0,596951735817104 
 0,384419983065199 
 0,39034716342083 
 0,409822184589331 
 0,428450465707028 
 0,413209144792549 
 0,397967823878069 
 0,375952582557155 
 0,285351397121084 
 0,338696020321761 
 0,337002540220152 
 0,342929720575783 
 0,334462320067739 
 0,3268416596105 
 0,285351397121084 
 0,303979678238781 
 0,2692633361558 
 0,281117696867062 
 0,260795935647756 
 0,253175275190517 
 0,258255715495343 
 0,533446232006774 
 0,543607112616427 
 0,541066892464014 
 0,53259949195597 
 0,530059271803556 
 0,527519051651143 
 0,524132091447925 
 0,534292972057578 
 0,562235393734124 
 0,55376799322608 
 0,557154953429297 
 0,608806096528366 
 0,605419136325148 
 0,602032176121931 
 0,599491955969517 
 0,5961049957663 
 0,592718035563082 
 0,589331075359865 
 0,585944115156647 
 0,583403895004234 
 0,580016934801016 
 0,576629974597799 
 0,573243014394581 
 0,569856054191363 
 0,566469093988146 
 0,563082133784928 
 0,55969517358171 
 0,556308213378493 
 0,552921253175275 
 0,549534292972058 
 0,54614733276884 
 0,542760372565622 
 0,539373412362405 
 0,535986452159187 
 0,53259949195597 
 0,529212531752752 
 0,525825571549534 
 0,521591871295512 
 0,518204911092295 
 0,514817950889077 
 0,511430990685859 
 0,508044030482642 
 0,504657070279424 
 0,500423370025402 
 0,497036409822185 
 0,493649449618967 
 0,490262489415749 
 0,486028789161727 
 0,48264182895851 
 0,344623200677392 
 0,323454699407282 
 0,325148179508891 
 0,294665537679932 
 0,297205757832345 
 0,294665537679932 
 0,209991532599492 
 0,21337849280271 
 0,206604572396274 
 0,187129551227773 
 0,185436071126164 
 0,162574089754445 
 0,177815410668925 
 0,17696867061812 
 0,175275190516511 
 0,177815410668925 
 0,197290431837426 
 0,261642675698561 
 0,172734970364098 
 0,175275190516511 
 0,169348010160881 
 0,15580016934801 
 0,150719729043184 
 0,149026248941575 
 0,143945808636749 
 0,146486028789162 
 0,121930567315834 
 0,132091447925487 
 0,130397967823878 
 0,125317527519052 
 0,120237087214225 
 0,116003386960203 
 0,121930567315834 
 0,123624047417443 
 0,122777307366638 
 0,107535986452159 
 0,116003386960203 
 0,111769686706181 
 0,110076206604572 
 0,10584250635055 
 9,48348856900931E-02 
 9,31414055884843E-02 
 9,56816257408975E-02 
 0,100762066045724 
 9,65283657917019E-02 
 9,48348856900931E-02 
 8,72142252328535E-02 
 8,97544453852667E-02 
 9,39881456392887E-02 
 8,38272650296359E-02 
 8,29805249788315E-02 
 7,36663844199831E-02 
 7,19729043183743E-02 
 7,11261642675699E-02 
 7,02794242167655E-02 
 6,68924640135478E-02 
 7,62066045723963E-02 
 0,069432684165961 
 7,36663844199831E-02 
 6,77392040643522E-02 
 7,87468247248095E-02 
 7,95935647756139E-02 
 8,12870448772227E-02 
 7,45131244707875E-02 
 8,04403048264183E-02 
 8,38272650296359E-02 
 8,21337849280271E-02 
 8,04403048264183E-02 
 8,38272650296359E-02 
 7,53598645215919E-02 
 7,62066045723963E-02 
 7,02794242167655E-02 
 3,38696020321761E-02 
 3,30228619813717E-02 
 3,21761219305673E-02 
 2,96359017781541E-02 
 2,87891617273497E-02 
 2,87891617273497E-02 
 3,13293818797629E-02 
 3,21761219305673E-02 
 3,13293818797629E-02 
 3,38696020321761E-02 
 3,81033022861981E-02 
 3,55630821337849E-02 
 3,64098221845893E-02 
 3,38696020321761E-02 
 3,30228619813717E-02 
 3,30228619813717E-02 
 3,38696020321761E-02 
 3,30228619813717E-02 
 3,30228619813717E-02 
 3,21761219305673E-02 
 3,13293818797629E-02 
 3,04826418289585E-02 
 3,81033022861981E-02 
 4,99576629974598E-02 
 5,08044030482642E-02 
 4,99576629974598E-02 
 5,16511430990686E-02 
 5,08044030482642E-02 
 4,99576629974598E-02 
 5,08044030482642E-02 
 6,77392040643522E-02 
 6,43522438611346E-02 
 6,18120237087214E-02 
 5,50381033022862E-02 
 5,41913632514818E-02 
 0,044030482641829 
 4,14902624894158E-02 
 3,81033022861981E-02 
 3,38696020321761E-02 
 3,21761219305673E-02 
 4,48772226926334E-02 
 4,23370025402202E-02 
 3,97967823878069E-02 
 3,64098221845893E-02 
 3,38696020321761E-02 
 2,96359017781541E-02 
 2,70956816257409E-02 
 2,54022015241321E-02 
 2,28619813717189E-02 
 2,11685012701101E-02 
 1,94750211685013E-02 
 1,69348010160881E-02 
 1,18543607112616E-02 
 1,01608806096528E-02 
 9,31414055884843E-03 
 7,62066045723963E-03 
 5,92718035563082E-03 
 4,23370025402202E-03 
 3,38696020321761E-03 
 3,38696020321761E-03 
 2,54022015241321E-03 
 2,54022015241321E-03 
 1,69348010160881E-03 
 1,69348010160881E-03 
 8,46740050804403E-04 
 8,46740050804403E-04 
 8,46740050804403E-04 
 0 
 0 
 0 
 0 
 0 
 0 
 0 
 0 
 0 
 0 
 0 
 0 
 0 
 0 
 0 
 0 
 0 
 0 
 0 
 0 
 0 
 0 
 0 
 0 
 0 
 0 
 0 
 0 
 0 
 0 
 0 
 0 
 0 
 0 
 0 
 0 
 0 
 0 
 0 
 0 
 0 
 0 
 0 
 0 
 0 
 0 
 0 
 0 
 0 
 0 
 0 
 0 
 0 
 0 
 0 
 0 
 0 
 0 
 0 
 0 
 0 
 0 
 0 
 0 
 0 
 0 
 0 
 0 
 0 
 0 
 0 
 0 
 0 
 0 
 0 
 0 
 0 
 0 
 0 
 0 
 0 
 0 
 0 
 0 
 0 
 0 
 0 
 0 
 0 
 0 
 0 
 0 
 0 
 0 
 0 
 0 
 0 
 0 
 0 
 0 
 0 
 0 
 0 
 0 
 0 
 0 
 0 
 0 
 0 
 0 
 0 
 0 
 0 
 0 
 0 
 0 
 0 
 0 
 0 
 0 
 0 
 0 
 0 
 0 
 0 
 0 
 0 
 0 
 0 
 0 
 0 
 0 
 0 
 0 
 0 
 0 
 0 
 0 
 0 
 0 
 0 
 0 
 0 
 0 
 0 
 0 
 0 
 0 
 0 
 0 
 0 
 0 
 0 
 0 
 0 
 0 
 0 
 0 
 0 
 0 
 0 
 0 
 0 
 0 
 0 
 0 
 0 
 0 
 0 
 0 
 0 
 0 
 0 
 0 
 0 
 0 
 0 
 0 
 0 
 0 
 0 
 0 
 0 
 0 
 0 
 0 
 0 
 0 
 0 
 0 
 0 
 0 
 0 
 0 
 0 
 0 
 0 
 0 
 0 
 0 
 0 
 0 
 0 
 0 
 0 
 0 
 0 
 0 
 0 
 0 
 0 
 0 
 0 
 0 
 0 
 0 
 0 
 0 
 0 
 0 
 0 
 0 
 0 
 0 
 0 
 0 
 0 
 0 
 0 
 0 
 0 
 0 
 0 
 0 
 0 
 0 
 0 
 0 
 0 
 0 
 0 
 0 
 0 
 0 
 0 
 0 
 0 
 0 
 0 
 0 
 0 
 0 
 0 
 0 
 0 
 0 
 0 
 0 
 0 
 0 
 0 
 0 
 0 
 0 
 0 
 0 
 0 
 0 
 0 
 0 
 0 
 0 
 0 
 0 
 0 
 0 
 0 
 0 
 0 
 0 
 0 
 0 
 0 
 0 
 0 
 0 
 0 
 0 
 0 
 0 
 0 
 0 
 0 
 0 
 0 
 0 
 0 
 0 
 0 
 0 
 0 
 0 
 0 
 0 
 0 
 0 
 0 
 0 
 0 
 0 
 0 
 0 
