 0 
 0 
 0 
 0 
 0 
 0 
 0 
 0 
 0 
 0 
 0 
 0 
 0 
 0 
 0 
 0 
 0 
 0 
 0 
 0 
 0 
 0 
 0 
 0 
 0 
 0 
 0 
 0 
 0 
 0 
 0 
 0 
 0 
 0 
 0 
 0 
 0 
 0 
 0 
 0 
 0 
 0 
 0 
 0 
 0 
 0 
 0 
 0 
 0 
 0 
 0 
 0 
 0 
 0 
 0 
 0 
 0 
 0 
 0 
 0 
 0 
 0 
 0 
 0 
 0 
 0 
 0 
 0 
 0 
 0 
 0 
 0 
 0 
 0 
 0 
 0 
 0 
 0 
 0 
 0 
 0 
 0 
 0 
 0 
 0 
 0 
 0 
 0 
 0 
 0 
 0 
 0 
 0 
 0 
 0 
 0 
 0 
 0 
 0 
 0 
 0 
 0 
 0 
 0 
 0 
 0 
 0 
 0 
 0 
 0 
 0 
 0 
 0 
 0 
 0 
 0 
 0 
 0 
 0 
 0 
 0 
 0 
 0 
 0 
 0 
 0 
 0 
 0 
 0 
 0 
 0 
 0 
 0 
 0 
 0 
 0 
 0 
 0 
 0 
 0 
 0 
 0 
 0 
 0 
 0 
 0 
 0 
 0 
 0 
 0 
 0 
 0 
 0 
 0 
 0 
 0 
 0 
 0 
 0 
 0 
 0 
 0 
 0 
 0 
 0 
 0 
 0 
 0 
 0 
 0 
 0 
 0 
 0 
 0 
 0 
 0 
 0 
 0 
 0 
 0 
 0 
 0 
 0 
 0 
 0 
 0 
 0 
 0 
 0 
 0 
 0 
 0 
 0 
 0 
 0 
 0 
 0 
 0 
 0 
 0 
 0 
 0 
 0 
 0 
 0 
 0 
 0 
 0 
 0 
 0 
 0 
 0 
 0 
 0 
 0 
 0 
 0 
 0 
 0 
 0 
 0 
 0 
 0 
 0 
 0 
 0 
 0 
 0 
 0 
 0 
 0 
 0 
 0 
 0 
 0 
 0 
 0 
 0 
 0 
 0 
 0 
 0 
 0 
 0 
 0 
 0 
 0 
 0 
 0 
 0 
 0 
 0 
 0 
 0 
 0 
 0 
 0 
 0 
 0 
 0 
 0 
 0 
 0 
 0 
 0 
 0 
 0 
 0 
 0 
 0 
 0 
 0 
 0 
 0 
 0 
 0 
 0 
 0 
 0 
 0 
 0 
 0 
 0 
 0 
 0 
 0 
 0 
 0 
 0 
 0 
 0 
 0 
 0 
 0 
 0 
 0 
 0 
 0 
 0 
 0 
 0 
 0 
 0 
 0 
 0 
 0 
 0 
 0 
 0 
 0 
 0 
 0 
 0 
 0 
 0 
 0 
 0 
 0 
 0 
 0 
 0 
 0 
 0 
 0 
 0 
 0 
 0 
 0 
 0 
 0 
 0 
 0 
 0 
 0 
 0 
 0 
 0 
 0 
 0 
 0 
 0 
 0 
 0 
 0 
 0 
 0 
 0 
 0 
 0 
 0 
 0 
 0 
 0 
 0 
 0 
 0 
 0 
 0 
 0 
 0 
 0 
 0 
 0 
 0 
 0 
 0 
 0 
 0 
 0 
 0 
 0 
 0 
 0 
 0 
 0 
 0 
 0 
 0 
 0 
 0 
 0 
 0 
 0 
 0 
 0 
 0 
 0 
 0 
 0 
 0 
 0 
 0 
 0 
 0 
 0 
 0 
 0 
 0 
 0 
 0 
 0 
 0 
 0 
 0 
 0 
 0 
 0 
 0 
 0 
 0 
 0 
 0 
 0 
 0 
 0 
 0 
 0 
 0 
 0 
 0 
 0 
 0 
 0 
 0 
 0 
 0 
 0 
 0 
 0 
 0 
 0 
 0 
 0 
 0 
 8,46740050804403E-04 
 8,46740050804403E-04 
 1,69348010160881E-03 
 1,69348010160881E-03 
 2,54022015241321E-03 
 3,38696020321761E-03 
 4,23370025402202E-03 
 5,08044030482642E-03 
 5,92718035563082E-03 
 6,77392040643522E-03 
 8,46740050804403E-03 
 9,31414055884843E-03 
 1,01608806096528E-02 
 1,18543607112616E-02 
 1,35478408128704E-02 
 1,10076206604572E-02 
 1,35478408128704E-02 
 1,52413209144793E-02 
 1,69348010160881E-02 
 2,28619813717189E-02 
 2,45554614733277E-02 
 2,62489415749365E-02 
 2,87891617273497E-02 
 3,04826418289585E-02 
 3,47163420829805E-02 
 3,55630821337849E-02 
 3,89500423370025E-02 
 4,14902624894158E-02 
 5,33446232006774E-02 
 0,056731583403895 
 5,92718035563082E-02 
 6,26587637595258E-02 
 6,60457239627434E-02 
 0,069432684165961 
 7,28196443691787E-02 
 7,62066045723963E-02 
 7,95935647756139E-02 
 8,29805249788315E-02 
 8,63674851820491E-02 
 9,06011854360711E-02 
 9,39881456392887E-02 
 9,73751058425063E-02 
 0,100762066045724 
 0,104995766299746 
 0,108382726502964 
 9,22946655376799E-02 
 9,48348856900931E-02 
 9,90685859441152E-02 
 0,102455546147333 
 0,106689246401355 
 0,108382726502964 
 0,109229466553768 
 0,115156646909399 
 9,14479254868755E-02 
 9,06011854360711E-02 
 9,48348856900931E-02 
 9,82218458933107E-02 
 0,104149026248942 
 9,90685859441152E-02 
 0,117696867061812 
 9,48348856900931E-02 
 7,11261642675699E-02 
 7,28196443691787E-02 
 9,06011854360711E-02 
 9,06011854360711E-02 
 9,48348856900931E-02 
 0,129551227773074 
 0,124470787468247 
 0,160880609652837 
 0,152413209144793 
 0,154953429297206 
 0,15580016934801 
 0,171888230313294 
 9,99153259949196E-02 
 7,45131244707875E-02 
 6,68924640135478E-02 
 7,19729043183743E-02 
 6,43522438611346E-02 
 6,26587637595258E-02 
 0,060965283657917 
 6,26587637595258E-02 
 6,60457239627434E-02 
 6,18120237087214E-02 
 3,64098221845893E-02 
 5,08044030482642E-02 
 0,056731583403895 
 6,26587637595258E-02 
 6,35055038103302E-02 
 6,18120237087214E-02 
 6,60457239627434E-02 
 6,35055038103302E-02 
 6,43522438611346E-02 
 0,065198983911939 
 6,60457239627434E-02 
 6,68924640135478E-02 
 6,77392040643522E-02 
 6,85859441151566E-02 
 7,02794242167655E-02 
 6,77392040643522E-02 
 0,065198983911939 
 6,60457239627434E-02 
 6,35055038103302E-02 
 6,43522438611346E-02 
 6,85859441151566E-02 
 7,95935647756139E-02 
 7,70533446232007E-02 
 7,79000846740051E-02 
 7,87468247248095E-02 
 7,95935647756139E-02 
 8,38272650296359E-02 
 7,70533446232007E-02 
 5,58848433530906E-02 
 6,01185436071126E-02 
 0,056731583403895 
 6,18120237087214E-02 
 5,84250635055038E-02 
 5,50381033022862E-02 
 5,16511430990686E-02 
 5,58848433530906E-02 
 0,056731583403895 
 0,056731583403895 
 5,33446232006774E-02 
 5,41913632514818E-02 
 5,84250635055038E-02 
 6,35055038103302E-02 
 6,43522438611346E-02 
 6,01185436071126E-02 
 0,065198983911939 
 7,45131244707875E-02 
 7,53598645215919E-02 
 8,46740050804403E-02 
 8,04403048264183E-02 
 8,63674851820491E-02 
 9,14479254868755E-02 
 9,22946655376799E-02 
 8,80609652836579E-02 
 8,89077053344623E-02 
 8,04403048264183E-02 
 8,55207451312447E-02 
 8,12870448772227E-02 
 7,19729043183743E-02 
 6,77392040643522E-02 
 7,36663844199831E-02 
 7,36663844199831E-02 
 7,45131244707875E-02 
 7,53598645215919E-02 
 7,53598645215919E-02 
 8,12870448772227E-02 
 8,21337849280271E-02 
 8,72142252328535E-02 
 8,80609652836579E-02 
 8,38272650296359E-02 
 7,87468247248095E-02 
 7,36663844199831E-02 
 7,95935647756139E-02 
 8,04403048264183E-02 
 9,73751058425063E-02 
 9,73751058425063E-02 
 8,21337849280271E-02 
 8,21337849280271E-02 
 0,287044877222693 
 0,288738357324301 
 0,229466553767993 
 0,264182895850974 
 0,299745977984759 
 0,324301439458086 
 0,24047417442845 
 0,259102455546147 
 0,266723116003387 
 0,22692633361558 
 0,228619813717189 
 0,229466553767993 
 0,237087214225233 
 0,237933954276037 
 0,215918712955123 
 0,222692633361558 
 0,217612193056732 
 0,231160033869602 
 0,220152413209145 
 0,227773073666384 
 0,228619813717189 
 0,292125317527519 
 0,31160033869602 
 0,533446232006774 
 0,523285351397121 
 0,253175275190517 
 0,254868755292125 
 0,25571549534293 
 0,250635055038103 
 0,238780694326842 
 0,239627434377646 
 0,260795935647756 
 0,268416596104996 
 0,243014394580864 
 0,257408975444539 
 0,252328535139712 
 0,239627434377646 
 0,24047417442845 
 0,275190516511431 
 0,263336155800169 
 0,277730736663844 
 0,367485182049111 
 0,628281117696867 
 0,685859441151566 
 0,68839966130398 
 0,690939881456393 
 0,693480101608806 
 0,696867061812024 
 0,699407281964437 
 0,70194750211685 
 0,704487722269263 
 0,707027942421677 
 0,70956816257409 
 0,712108382726503 
 0,714648602878916 
 0,710414902624894 
 0,690939881456393 
 0,722269263336156 
 0,724809483488569 
 0,727349703640982 
 0,729889923793395 
 0,732430143945809 
 0,734970364098222 
 0,737510584250635 
 0,740050804403048 
 0,742591024555461 
 0,647756138865368 
 0,635055038103302 
 0,689246401354784 
 0,519051651143099 
 0,520745131244708 
 0,536833192209991 
 0,599491955969517 
 0,593564775613887 
 0,534292972057578 
 0,551227773073666 
 0,530059271803556 
 0,554614733276884 
 0,602032176121931 
 0,58848433530906 
 0,605419136325148 
 0,529212531752752 
 0,55376799322608 
 0,555461473327688 
 0,384419983065199 
 0,448772226926334 
 0,449618966977138 
 0,27688399661304 
 0,237933954276037 
 0,246401354784081 
 0,38272650296359 
 0,335309060118544 
 0,192209991532599 
 0,200677392040644 
 0,200677392040644 
 0,201524132091448 
 0,209991532599492 
 0,218458933107536 
 0,235393734123624 
 0,243861134631668 
 0,244707874682472 
 0,253175275190517 
 0,245554614733277 
 0,254022015241321 
 0,254868755292125 
 0,287891617273497 
 0,387806943268417 
 0,388653683319221 
 0,488569009314141 
 0,589331075359865 
 0,590177815410669 
 0,491955969517358 
 0,55969517358171 
 0,560541913632515 
 0,578323454699407 
 0,579170194750212 
 0,563082133784928 
 0,674005080440305 
 0,649449618966977 
 0,616426756985605 
 0,618120237087214 
 0,847586790855207 
 0,849280270956816 
 0,850127011007621 
 0,851820491109229 
 0,852667231160034 
 0,854360711261643 
 0,855207451312447 
 0,856900931414056 
 0,85774767146486 
 0,859441151566469 
 0,860287891617273 
 0,732430143945809 
 0,733276883996613 
 0,751058425063506 
 0,75190516511431 
 0,762066045723963 
 0,754445385266723 
 0,755292125317528 
 0,746824724809483 
 0,756985605419136 
 0,757832345469941 
 0,758679085520745 
 0,767993226079594 
 0,733276883996613 
 0,725656223539373 
 0,726502963590178 
 0,718035563082134 
 0,710414902624894 
 0,657917019475021 
 0,650296359017781 
 0,834885690093141 
 0,773920406435224 
 0,774767146486029 
 0,766299745977985 
 0,811176968670618 
 0,882303132938188 
 0,883149872988992 
 0,883996613039797 
 0,883996613039797 
 0,884843353090601 
 0,885690093141406 
 0,885690093141406 
 0,88653683319221 
 0,887383573243014 
 0,887383573243014 
 0,888230313293819 
 0,888230313293819 
 0,889077053344623 
 0,889077053344623 
 0,889923793395428 
 0,889923793395428 
 0,872142252328535 
 0,650296359017781 
 0,685859441151566 
 0,677392040643522 
 0,685859441151566 
 0,58848433530906 
 0,668924640135478 
 0,704487722269263 
 0,668924640135478 
 0,686706181202371 
 0,686706181202371 
 0,705334462320068 
 0,589331075359865 
 0,607112616426757 
 0,669771380186283 
 0,615580016934801 
 0,669771380186283 
 0,713801862828112 
 0,713801862828112 
 0,713801862828112 
 0,713801862828112 
 0,713801862828112 
 0,704487722269263 
 0,686706181202371 
 0,686706181202371 
 0,766299745977985 
 0,766299745977985 
 0,775613886536833 
 0,784081287044877 
 0,76545300592718 
 0,658763759525826 
 0,658763759525826 
 0,613886536833192 
 0,604572396274344 
 0,613039796782388 
 0,603725656223539 
 0,763759525825571 
 0,762912785774767 
 0,754445385266723 
 0,549534292972058 
 0,522438611346317 
 0,74428450465707 
 0,743437764606266 
 0,530906011854361 
 0,636748518204911 
 0,627434377646063 
 0,3268416596105 
 0,317527519051651 
 0,317527519051651 
 0,387806943268417 
 0,378492802709568 
 0,377646062658764 
 0,474174428450466 
 0,474174428450466 
 0,499576629974598 
 0,525825571549534 
 0,551227773073666 
 0,393734123624047 
 0,402201524132091 
 0,558848433530906 
 0,444538526672312 
 0,38272650296359 
 0,34801016088061 
 0,373412362404742 
 0,364098221845893 
 0,39034716342083 
 0,389500423370025 
 0,380186282811177 
 0,423370025402202 
 0,422523285351397 
 0,48264182895851 
 0,568162574089754 
 0,679085520745131 
 0,695173581710415 
 0,69432684165961 
 0,658763759525826 
 0,657917019475021 
 0,648602878916173 
 0,55376799322608 
 0,773920406435224 
 0,77307366638442 
 0,771380186282811 
 0,762066045723963 
 0,760372565622354 
 0,751058425063506 
 0,749364944961897 
 0,840812870448772 
 0,839119390347163 
 0,838272650296359 
 0,83657917019475 
 0,834885690093141 
 0,833192209991533 
 0,657070279424217 
 0,656223539373412 
 0,223539373412362 
 0,232006773920406 
 0,272650296359018 
 0,271803556308213 
 0,246401354784081 
 0,246401354784081 
 0,237087214225233 
 0,228619813717189 
 0,236240474174428 
 0,227773073666384 
 0,21930567315834 
 0,218458933107536 
 0,193903471634208 
 0,193903471634208 
 0,193056731583404 
 0,224386113463167 
 0,199830651989839 
 0,191363251481795 
 0,231160033869602 
 0,214225232853514 
 0,20575783234547 
 0,20575783234547 
 0,204911092294666 
 0,204911092294666 
 0,282811176968671 
 0,297205757832345 
 0,281117696867062 
 0,303979678238781 
 0,193903471634208 
 0,186282811176969 
 0,177815410668925 
 0,18458933107536 
 0,192209991532599 
 0,183742591024555 
 0,167654530059272 
 0,160033869602032 
 0,174428450465707 
 0,174428450465707 
 0,181202370872142 
 0,187976291278577 
 0,202370872142252 
 0,216765453005927 
 0,231160033869602 
 0,230313293818798 
 0,251481795088908 
 0,250635055038103 
 0,257408975444539 
 0,22692633361558 
 0,284504657070279 
 0,254868755292125 
 0,239627434377646 
 0,238780694326842 
 0,252328535139712 
 0,272650296359018 
 0,271803556308213 
 0,277730736663844 
 0,291278577476715 
 0,276037256562235 
 0,288738357324301 
 0,309060118543607 
 0,308213378492803 
 0,299745977984759 
 0,31922099915326 
 0,193903471634208 
 0,193056731583404 
 0,164267569856054 
 0,157493649449619 
 0,16342082980525 
 0,162574089754445 
 0,161727349703641 
 0,154953429297206 
 0,154106689246401 
 0,153259949195597 
 0,165961049957663 
 0,171888230313294 
 0,164267569856054 
 0,16342082980525 
 0,169348010160881 
 0,143099068585944 
 0,135478408128704 
 0,141405588484335 
 0,1346316680779 
 0,133784928027096 
 0,120237087214225 
 0,11346316680779 
 0,119390347163421 
 0,118543607112616 
 0,111769686706181 
 0,110922946655377 
 0,104149026248942 
 0,104149026248942 
 9,14479254868755E-02 
 8,46740050804403E-02 
 7,19729043183743E-02 
 6,60457239627434E-02 
 0,065198983911939 
 5,92718035563082E-02 
 5,92718035563082E-02 
 5,84250635055038E-02 
 6,43522438611346E-02 
 5,75783234546994E-02 
 8,04403048264183E-02 
 8,04403048264183E-02 
 7,95935647756139E-02 
 7,36663844199831E-02 
 6,18120237087214E-02 
 5,58848433530906E-02 
 5,58848433530906E-02 
 5,50381033022862E-02 
 4,91109229466554E-02 
 0,044030482641829 
 4,31837425910246E-02 
 4,31837425910246E-02 
 0,048264182895851 
 4,23370025402202E-02 
 4,74174428450466E-02 
 4,23370025402202E-02 
 4,14902624894158E-02 
 4,65707027942422E-02 
 4,65707027942422E-02 
 5,08044030482642E-02 
 4,06435224386113E-02 
 4,06435224386113E-02 
 3,97967823878069E-02 
 3,47163420829805E-02 
 1,94750211685013E-02 
 1,94750211685013E-02 
 1,94750211685013E-02 
 2,45554614733277E-02 
 2,87891617273497E-02 
 2,87891617273497E-02 
 3,30228619813717E-02 
 3,30228619813717E-02 
 3,21761219305673E-02 
 3,21761219305673E-02 
 3,21761219305673E-02 
 3,13293818797629E-02 
 3,13293818797629E-02 
 3,13293818797629E-02 
 3,13293818797629E-02 
 3,47163420829805E-02 
 3,47163420829805E-02 
 4,31837425910246E-02 
 4,23370025402202E-02 
 4,23370025402202E-02 
 4,23370025402202E-02 
 4,14902624894158E-02 
 5,33446232006774E-02 
 4,91109229466554E-02 
 0,052497883149873 
 0,048264182895851 
 3,97967823878069E-02 
 3,89500423370025E-02 
 3,89500423370025E-02 
 4,23370025402202E-02 
 4,57239627434378E-02 
 4,48772226926334E-02 
 4,48772226926334E-02 
 5,16511430990686E-02 
 5,50381033022862E-02 
 5,41913632514818E-02 
 5,33446232006774E-02 
 0,056731583403895 
 5,92718035563082E-02 
 5,84250635055038E-02 
 5,50381033022862E-02 
 5,41913632514818E-02 
 5,33446232006774E-02 
 6,26587637595258E-02 
 6,18120237087214E-02 
 5,75783234546994E-02 
 6,01185436071126E-02 
 6,26587637595258E-02 
 6,18120237087214E-02 
 5,84250635055038E-02 
 0,048264182895851 
 4,74174428450466E-02 
 4,74174428450466E-02 
 4,65707027942422E-02 
 0,048264182895851 
 5,08044030482642E-02 
 7,53598645215919E-02 
 6,85859441151566E-02 
 7,28196443691787E-02 
 7,45131244707875E-02 
 6,77392040643522E-02 
 6,43522438611346E-02 
 6,60457239627434E-02 
 6,26587637595258E-02 
 0,056731583403895 
 6,01185436071126E-02 
 5,92718035563082E-02 
 5,84250635055038E-02 
 5,50381033022862E-02 
 5,41913632514818E-02 
 5,58848433530906E-02 
 0,052497883149873 
 5,16511430990686E-02 
 0,052497883149873 
 8,46740050804403E-02 
 0,060965283657917 
 0,065198983911939 
 6,18120237087214E-02 
 7,36663844199831E-02 
 7,45131244707875E-02 
 7,79000846740051E-02 
 7,62066045723963E-02 
 7,11261642675699E-02 
 6,77392040643522E-02 
 6,35055038103302E-02 
 0,065198983911939 
 5,84250635055038E-02 
 5,75783234546994E-02 
 4,99576629974598E-02 
 4,99576629974598E-02 
 0,048264182895851 
 5,84250635055038E-02 
 5,50381033022862E-02 
 5,50381033022862E-02 
 5,33446232006774E-02 
 5,08044030482642E-02 
 9,14479254868755E-02 
 9,31414055884843E-02 
 8,97544453852667E-02 
 8,63674851820491E-02 
 8,72142252328535E-02 
 8,21337849280271E-02 
 7,45131244707875E-02 
 6,85859441151566E-02 
 5,16511430990686E-02 
 7,02794242167655E-02 
 0,065198983911939 
 6,26587637595258E-02 
 6,77392040643522E-02 
 6,26587637595258E-02 
 0,052497883149873 
 5,33446232006774E-02 
 5,08044030482642E-02 
 0,048264182895851 
 4,65707027942422E-02 
 0,044030482641829 
 5,08044030482642E-02 
 4,74174428450466E-02 
 4,48772226926334E-02 
 4,14902624894158E-02 
 3,89500423370025E-02 
 3,64098221845893E-02 
 3,38696020321761E-02 
 3,04826418289585E-02 
 2,79424216765453E-02 
 2,62489415749365E-02 
 2,37087214225233E-02 
 2,11685012701101E-02 
 1,94750211685013E-02 
 1,69348010160881E-02 
 1,52413209144793E-02 
 1,35478408128704E-02 
 1,18543607112616E-02 
 1,01608806096528E-02 
 8,46740050804403E-03 
 6,77392040643522E-03 
 5,92718035563082E-03 
 4,23370025402202E-03 
 3,38696020321761E-03 
 2,54022015241321E-03 
 1,69348010160881E-03 
 1,69348010160881E-03 
 8,46740050804403E-04 
 8,46740050804403E-04 
 0 
 0 
 0 
 0 
 0 
 0 
 0 
 0 
 0 
 0 
 0 
 0 
 0 
 0 
 0 
 0 
 0 
 0 
 0 
 0 
 0 
 0 
 0 
 0 
 0 
 0 
 0 
 0 
 0 
 0 
 0 
 0 
 0 
 0 
 0 
 0 
 0 
 0 
 0 
 0 
 0 
 0 
 0 
 0 
 0 
 0 
 0 
 0 
 0 
 0 
 0 
 0 
 0 
 0 
 0 
 0 
 0 
 0 
 0 
 0 
 0 
 0 
 0 
 0 
 0 
 0 
 0 
 0 
 0 
 0 
 0 
 0 
 0 
 0 
 0 
 0 
 0 
 0 
 0 
 0 
 0 
 0 
 0 
 0 
 0 
 0 
 0 
 0 
 0 
 0 
 0 
 0 
 0 
 0 
 0 
 0 
 0 
 0 
 0 
 0 
 0 
 0 
 0 
 0 
 0 
 0 
 0 
 0 
 0 
 0 
 0 
 0 
 0 
 0 
 0 
 0 
 0 
 0 
 0 
 0 
 0 
 0 
 0 
 0 
 0 
 0 
 0 
 0 
 0 
 0 
 0 
 0 
 0 
 0 
 0 
 0 
 0 
 0 
 0 
 0 
 0 
 0 
 0 
 0 
 0 
 0 
 0 
 0 
 0 
 0 
 0 
 0 
 0 
 0 
 0 
 0 
 0 
 0 
 0 
 0 
 0 
 0 
 0 
 0 
 0 
 0 
 0 
 0 
 0 
 0 
 0 
 0 
 0 
 0 
 0 
 0 
 0 
 0 
 0 
 0 
 0 
 0 
 0 
 0 
 0 
 0 
 0 
 0 
 0 
 0 
 0 
 0 
 0 
 0 
 0 
 0 
 0 
 0 
 0 
 0 
 0 
 0 
 0 
 0 
 0 
 0 
 0 
 0 
 0 
 0 
 0 
 0 
 0 
 0 
 0 
 0 
 0 
 0 
 0 
 0 
 0 
 0 
 0 
 0 
 0 
 0 
 0 
 0 
 0 
 0 
 0 
 0 
 0 
 0 
 0 
 0 
 0 
 0 
 0 
 0 
 0 
 0 
 0 
 0 
 0 
 0 
 0 
 0 
 0 
 0 
 0 
 0 
 0 
 0 
 0 
 0 
 0 
 0 
 0 
 0 
 0 
 0 
 0 
 0 
 0 
 0 
 0 
 0 
 0 
 0 
 0 
 0 
 0 
 0 
 0 
 0 
 0 
 0 
 0 
 0 
 0 
 0 
 0 
 0 
 0 
 0 
 0 
 0 
 0 
 0 
 0 
 0 
 0 
 0 
 0 
 0 
 0 
 0 
 0 
 0 
 0 
 0 
 0 
 0 
 0 
 0 
 0 
 0 
 0 
 0 
 0 
