 0 
 0 
 0 
 0 
 0 
 0 
 0 
 0 
 0 
 0 
 0 
 0 
 0 
 0 
 0 
 0 
 0 
 0 
 0 
 0 
 0 
 0 
 0 
 0 
 0 
 0 
 0 
 0 
 0 
 0 
 0 
 0 
 0 
 0 
 0 
 0 
 0 
 0 
 0 
 0 
 0 
 0 
 0 
 0 
 0 
 0 
 0 
 0 
 0 
 0 
 0 
 0 
 0 
 0 
 0 
 0 
 0 
 0 
 0 
 0 
 0 
 0 
 0 
 0 
 0 
 0 
 0 
 0 
 0 
 0 
 0 
 0 
 0 
 0 
 0 
 0 
 0 
 0 
 0 
 0 
 0 
 0 
 0 
 0 
 0 
 0 
 0 
 0 
 0 
 0 
 0 
 0 
 0 
 0 
 0 
 0 
 0 
 0 
 0 
 0 
 0 
 0 
 0 
 0 
 0 
 0 
 0 
 0 
 0 
 0 
 0 
 0 
 0 
 0 
 0 
 0 
 0 
 0 
 0 
 0 
 0 
 0 
 0 
 0 
 0 
 0 
 0 
 0 
 0 
 0 
 0 
 0 
 0 
 0 
 0 
 0 
 0 
 0 
 0 
 0 
 0 
 0 
 0 
 0 
 0 
 0 
 0 
 0 
 0 
 0 
 0 
 0 
 0 
 0 
 0 
 0 
 0 
 0 
 0 
 0 
 0 
 0 
 0 
 0 
 0 
 0 
 0 
 0 
 0 
 0 
 0 
 0 
 0 
 0 
 0 
 0 
 0 
 0 
 0 
 0 
 0 
 0 
 0 
 0 
 0 
 0 
 0 
 0 
 0 
 0 
 0 
 0 
 0 
 0 
 0 
 0 
 0 
 0 
 0 
 0 
 0 
 0 
 0 
 0 
 0 
 0 
 0 
 0 
 0 
 0 
 0 
 0 
 0 
 0 
 0 
 0 
 0 
 0 
 0 
 0 
 0 
 0 
 0 
 0 
 0 
 0 
 0 
 0 
 0 
 0 
 0 
 0 
 0 
 0 
 0 
 0 
 0 
 0 
 0 
 0 
 0 
 0 
 0 
 0 
 0 
 0 
 0 
 0 
 0 
 0 
 0 
 0 
 0 
 0 
 0 
 0 
 0 
 0 
 0 
 0 
 0 
 0 
 0 
 0 
 0 
 0 
 0 
 0 
 0 
 0 
 0 
 0 
 0 
 0 
 0 
 0 
 0 
 0 
 0 
 0 
 0 
 0 
 0 
 0 
 0 
 0 
 0 
 0 
 0 
 0 
 0 
 0 
 0 
 0 
 0 
 0 
 0 
 0 
 0 
 0 
 0 
 0 
 0 
 0 
 0 
 0 
 0 
 0 
 0 
 0 
 0 
 0 
 0 
 0 
 0 
 0 
 0 
 0 
 0 
 0 
 0 
 0 
 0 
 0 
 0 
 0 
 0 
 0 
 0 
 0 
 0 
 0 
 0 
 0 
 0 
 0 
 0 
 0 
 0 
 0 
 0 
 0 
 0 
 0 
 0 
 0 
 0 
 0 
 0 
 0 
 0 
 0 
 0 
 0 
 0 
 0 
 0 
 0 
 0 
 0 
 0 
 0 
 0 
 0 
 0 
 0 
 0 
 0 
 0 
 0 
 0 
 0 
 0 
 0 
 0 
 0 
 0 
 0 
 0 
 0 
 0 
 0 
 0 
 0 
 0 
 0 
 0 
 0 
 0 
 0 
 0 
 0 
 0 
 0 
 0 
 0 
 0 
 0 
 0 
 0 
 0 
 0 
 0 
 0 
 0 
 0 
 0 
 0 
 0 
 0 
 0 
 0 
 0 
 0 
 0 
 0 
 0 
 0 
 0 
 0 
 0 
 0 
 0 
 0 
 0 
 0 
 0 
 0 
 0 
 0 
 0 
 0 
 0 
 0 
 8,46740050804403E-04 
 8,46740050804403E-04 
 8,46740050804403E-04 
 1,69348010160881E-03 
 1,69348010160881E-03 
 3,38696020321761E-03 
 4,23370025402202E-03 
 5,92718035563082E-03 
 6,77392040643522E-03 
 8,46740050804403E-03 
 9,31414055884843E-03 
 1,10076206604572E-02 
 0,012701100762066 
 1,43945808636749E-02 
 1,69348010160881E-02 
 1,86282811176969E-02 
 2,03217612193057E-02 
 2,20152413209145E-02 
 2,37087214225233E-02 
 2,54022015241321E-02 
 1,77815410668925E-02 
 1,94750211685013E-02 
 2,11685012701101E-02 
 1,69348010160881E-02 
 1,86282811176969E-02 
 2,20152413209145E-02 
 0,044030482641829 
 4,57239627434378E-02 
 5,16511430990686E-02 
 5,33446232006774E-02 
 0,056731583403895 
 6,26587637595258E-02 
 6,18120237087214E-02 
 6,43522438611346E-02 
 6,68924640135478E-02 
 0,069432684165961 
 7,36663844199831E-02 
 7,62066045723963E-02 
 8,12870448772227E-02 
 9,06011854360711E-02 
 9,39881456392887E-02 
 9,73751058425063E-02 
 5,75783234546994E-02 
 8,38272650296359E-02 
 8,89077053344623E-02 
 0,111769686706181 
 0,116003386960203 
 0,119390347163421 
 0,123624047417443 
 0,12701100762066 
 0,131244707874682 
 0,1346316680779 
 0,138865368331922 
 0,14225232853514 
 0,146486028789162 
 0,149872988992379 
 0,154106689246401 
 0,157493649449619 
 0,161727349703641 
 0,165961049957663 
 0,169348010160881 
 0,173581710414903 
 0,177815410668925 
 0,181202370872142 
 0,177815410668925 
 0,182049110922947 
 0,185436071126164 
 0,136325148179509 
 0,201524132091448 
 0,20575783234547 
 0,209144792548688 
 0,21337849280271 
 0,217612193056732 
 0,220999153259949 
 0,225232853513971 
 0,229466553767993 
 0,233700254022015 
 0,237087214225233 
 0,236240474174428 
 0,24047417442845 
 0,247248094834886 
 0,253175275190517 
 0,257408975444539 
 0,261642675698561 
 0,265876375952583 
 0,2692633361558 
 0,273497036409822 
 0,277730736663844 
 0,281964436917866 
 0,285351397121084 
 0,289585097375106 
 0,293818797629128 
 0,29805249788315 
 0,301439458086367 
 0,305673158340389 
 0,309906858594412 
 0,313293818797629 
 0,317527519051651 
 0,321761219305673 
 0,325148179508891 
 0,329381879762913 
 0,333615580016935 
 0,337849280270957 
 0,341236240474174 
 0,345469940728196 
 0,348856900931414 
 0,353090601185436 
 0,357324301439458 
 0,360711261642676 
 0,342929720575783 
 0,346316680779001 
 0,35393734123624 
 0,338696020321761 
 0,277730736663844 
 0,280270956816257 
 0,279424216765453 
 0,392040643522439 
 0,396274343776461 
 0,399661303979678 
 0,4038950042337 
 0,407281964436918 
 0,168501270110076 
 0,165961049957663 
 0,292972057578323 
 0,371718882303133 
 0,349703640982218 
 0,348856900931414 
 0,355630821337849 
 0,359017781541067 
 0,362404741744284 
 0,356477561388654 
 0,354784081287045 
 0,339542760372566 
 0,287891617273497 
 0,271803556308213 
 0,254868755292125 
 0,337002540220152 
 0,358171041490262 
 0,365791701947502 
 0,425910245554615 
 0,434377646062659 
 0,422523285351397 
 0,274343776460627 
 0,286198137171888 
 0,287891617273497 
 0,320067739204064 
 0,33276883996613 
 0,274343776460627 
 0,276037256562235 
 0,277730736663844 
 0,284504657070279 
 0,370025402201524 
 0,351397121083827 
 0,359017781541067 
 0,38272650296359 
 0,380186282811177 
 0,38272650296359 
 0,444538526672312 
 0,469093988145639 
 0,472480948348857 
 0,47502116850127 
 0,478408128704488 
 0,486875529212532 
 0,495342929720576 
 0,50381033022862 
 0,507197290431837 
 0,50381033022862 
 0,449618966977138 
 0,44623200677392 
 0,448772226926334 
 0,451312447078747 
 0,459779847586791 
 0,385266723116003 
 0,48264182895851 
 0,485182049110923 
 0,487722269263336 
 0,490262489415749 
 0,492802709568163 
 0,495342929720576 
 0,350550381033023 
 0,352243861134632 
 0,254868755292125 
 0,193056731583404 
 0,182049110922947 
 0,176121930567316 
 0,183742591024555 
 0,190516511430991 
 0,185436071126164 
 0,198983911939035 
 0,199830651989839 
 0,194750211685013 
 0,208298052497883 
 0,379339542760373 
 0,34801016088061 
 0,303979678238781 
 0,291278577476715 
 0,306519898391194 
 0,307366638441998 
 0,309060118543607 
 0,309906858594412 
 0,31160033869602 
 0,34038950042337 
 0,327688399661304 
 0,308213378492803 
 0,303132938187976 
 0,338696020321761 
 0,325994919559695 
 0,265029635901778 
 0,259102455546147 
 0,238780694326842 
 0,225232853513971 
 0,233700254022015 
 0,23454699407282 
 0,363251481795089 
 0,371718882303133 
 0,452159187129551 
 0,575783234546994 
 0,578323454699407 
 0,580016934801016 
 0,57493649449619 
 0,576629974597799 
 0,585944115156647 
 0,595258255715495 
 0,597798475867909 
 0,599491955969517 
 0,601185436071126 
 0,602878916172735 
 0,597798475867909 
 0,599491955969517 
 0,601185436071126 
 0,513124470787468 
 0,499576629974598 
 0,500423370025402 
 0,433530906011854 
 0,435224386113463 
 0,581710414902625 
 0,453005927180356 
 0,515664690939881 
 0,463166807790008 
 0,472480948348857 
 0,504657070279424 
 0,46740050804403 
 0,507197290431837 
 0,531752751905165 
 0,572396274343776 
 0,282811176968671 
 0,276037256562235 
 0,260795935647756 
 0,254022015241321 
 0,262489415749365 
 0,247248094834886 
 0,25571549534293 
 0,256562235393734 
 0,256562235393734 
 0,248941574936494 
 0,249788314987299 
 0,242167654530059 
 0,696020321761219 
 0,697713801862828 
 0,691786621507197 
 0,513124470787468 
 0,555461473327688 
 0,736663844199831 
 0,746824724809483 
 0,591871295512278 
 0,625740897544454 
 0,544453852667231 
 0,54614733276884 
 0,546994072819644 
 0,556308213378493 
 0,723962743437765 
 0,800169348010161 
 0,809483488569009 
 0,543607112616427 
 0,552921253175275 
 0,55376799322608 
 0,68077900084674 
 0,749364944961897 
 0,742591024555461 
 0,819644369178662 
 0,812870448772227 
 0,695173581710415 
 0,721422523285351 
 0,714648602878916 
 0,723962743437765 
 0,707874682472481 
 0,708721422523285 
 0,718882303132938 
 0,745131244707875 
 0,755292125317528 
 0,729889923793395 
 0,860287891617273 
 0,861134631668078 
 0,862828111769687 
 0,863674851820491 
 0,864521591871296 
 0,8653683319221 
 0,867061812023709 
 0,867908552074513 
 0,868755292125318 
 0,869602032176122 
 0,661303979678239 
 0,566469093988146 
 0,549534292972058 
 0,218458933107536 
 0,236240474174428 
 0,244707874682472 
 0,254022015241321 
 0,245554614733277 
 0,245554614733277 
 0,254868755292125 
 0,254868755292125 
 0,598645215918713 
 0,563928873835732 
 0,625740897544454 
 0,625740897544454 
 0,618120237087214 
 0,486028789161727 
 0,521591871295512 
 0,530906011854361 
 0,522438611346317 
 0,486875529212532 
 0,42506350550381 
 0,452159187129551 
 0,443691786621507 
 0,417442845046571 
 0,354784081287045 
 0,346316680779001 
 0,622353937341236 
 0,702794242167655 
 0,702794242167655 
 0,69432684165961 
 0,69432684165961 
 0,712108382726503 
 0,712955122777307 
 0,712955122777307 
 0,712955122777307 
 0,793395427603726 
 0,749364944961897 
 0,749364944961897 
 0,713801862828112 
 0,713801862828112 
 0,767146486028789 
 0,758679085520745 
 0,312447078746825 
 0,312447078746825 
 0,285351397121084 
 0,303132938187976 
 0,320914479254869 
 0,330228619813717 
 0,294665537679932 
 0,330228619813717 
 0,338696020321761 
 0,338696020321761 
 0,338696020321761 
 0,320914479254869 
 0,330228619813717 
 0,285351397121084 
 0,293818797629128 
 0,293818797629128 
 0,258255715495343 
 0,285351397121084 
 0,284504657070279 
 0,284504657070279 
 0,444538526672312 
 0,471634208298052 
 0,462320067739204 
 0,719729043183743 
 0,718882303132938 
 0,718882303132938 
 0,70956816257409 
 0,682472480948349 
 0,585097375105842 
 0,779000846740051 
 0,787468247248095 
 0,839966130397968 
 0,830651989839119 
 0,839119390347163 
 0,882303132938188 
 0,882303132938188 
 0,881456392887384 
 0,880609652836579 
 0,879762912785775 
 0,87891617273497 
 0,878069432684166 
 0,728196443691787 
 0,736663844199831 
 0,74428450465707 
 0,752751905165114 
 0,393734123624047 
 0,314140558848434 
 0,305673158340389 
 0,304826418289585 
 0,296359017781541 
 0,304826418289585 
 0,303979678238781 
 0,312447078746825 
 0,320914479254869 
 0,337849280270957 
 0,328535139712108 
 0,337002540220152 
 0,284504657070279 
 0,276037256562235 
 0,275190516511431 
 0,275190516511431 
 0,265876375952583 
 0,274343776460627 
 0,265029635901778 
 0,324301439458086 
 0,324301439458086 
 0,323454699407282 
 0,450465707027942 
 0,475867908552075 
 0,47502116850127 
 0,372565622353937 
 0,346316680779001 
 0,337849280270957 
 0,21930567315834 
 0,22692633361558 
 0,209991532599492 
 0,335309060118544 
 0,392887383573243 
 0,626587637595258 
 0,650296359017781 
 0,748518204911092 
 0,739204064352244 
 0,613039796782388 
 0,562235393734124 
 0,552921253175275 
 0,527519051651143 
 0,501270110076207 
 0,541913632514818 
 0,557154953429297 
 0,563928873835732 
 0,415749364944962 
 0,414902624894157 
 0,422523285351397 
 0,413209144792549 
 0,412362404741744 
 0,386960203217612 
 0,394580863674852 
 0,377646062658764 
 0,408128704487722 
 0,479254868755292 
 0,366638441998307 
 0,342082980524979 
 0,309060118543607 
 0,284504657070279 
 0,276037256562235 
 0,283657917019475 
 0,29043183742591 
 0,297205757832345 
 0,304826418289585 
 0,303979678238781 
 0,271803556308213 
 0,186282811176969 
 0,185436071126164 
 0,18458933107536 
 0,207451312447079 
 0,221845893310754 
 0,21337849280271 
 0,21337849280271 
 0,212531752751905 
 0,204064352243861 
 0,210838272650296 
 0,210838272650296 
 0,149872988992379 
 0,149872988992379 
 0,186282811176969 
 0,171041490262489 
 0,177815410668925 
 0,198983911939035 
 0,198983911939035 
 0,498729889923793 
 0,423370025402202 
 0,335309060118544 
 0,370025402201524 
 0,383573243014395 
 0,388653683319221 
 0,402201524132091 
 0,443691786621507 
 0,441998306519898 
 0,497036409822185 
 0,297205757832345 
 0,288738357324301 
 0,287891617273497 
 0,216765453005927 
 0,36917866215072 
 0,35393734123624 
 0,373412362404742 
 0,358171041490262 
 0,541913632514818 
 0,55376799322608 
 0,571549534292972 
 0,386113463166808 
 0,607112616426757 
 0,604572396274344 
 0,562235393734124 
 0,53259949195597 
 0,537679932260796 
 0,660457239627434 
 0,657070279424217 
 0,654530059271804 
 0,65198983911939 
 0,648602878916173 
 0,64606265876376 
 0,642675698560542 
 0,613886536833192 
 0,611346316680779 
 0,633361558001693 
 0,63082133784928 
 0,627434377646063 
 0,624047417442845 
 0,621507197290432 
 0,618120237087214 
 0,614733276883997 
 0,612193056731583 
 0,608806096528366 
 0,605419136325148 
 0,602032176121931 
 0,599491955969517 
 0,5961049957663 
 0,592718035563082 
 0,589331075359865 
 0,585944115156647 
 0,583403895004234 
 0,580016934801016 
 0,576629974597799 
 0,573243014394581 
 0,569856054191363 
 0,566469093988146 
 0,563082133784928 
 0,481795088907705 
 0,478408128704488 
 0,475867908552075 
 0,472480948348857 
 0,480948348856901 
 0,493649449618967 
 0,485182049110923 
 0,476714648602879 
 0,468247248094835 
 0,470787468247248 
 0,525825571549534 
 0,521591871295512 
 0,518204911092295 
 0,514817950889077 
 0,511430990685859 
 0,508044030482642 
 0,45385266723116 
 0,39034716342083 
 0,243861134631668 
 0,237087214225233 
 0,225232853513971 
 0,204064352243861 
 0,202370872142252 
 0,402201524132091 
 0,399661303979678 
 0,401354784081287 
 0,421676545300593 
 0,427603725656224 
 0,424216765453006 
 0,420829805249788 
 0,425910245554615 
 0,418289585097375 
 0,414902624894157 
 0,41151566469094 
 0,403048264182896 
 0,4038950042337 
 0,392040643522439 
 0,388653683319221 
 0,389500423370025 
 0,386113463166808 
 0,415749364944962 
 0,41151566469094 
 0,408128704487722 
 0,4038950042337 
 0,400508044030483 
 0,396274343776461 
 0,392887383573243 
 0,322607959356478 
 0,335309060118544 
 0,327688399661304 
 0,324301439458086 
 0,320914479254869 
 0,314140558848434 
 0,314140558848434 
 0,310753598645216 
 0,325148179508891 
 0,318374259102456 
 0,318374259102456 
 0,314987298899238 
 0,221845893310754 
 0,21930567315834 
 0,264182895850974 
 0,260795935647756 
 0,257408975444539 
 0,264182895850974 
 0,260795935647756 
 0,254868755292125 
 0,254022015241321 
 0,250635055038103 
 0,24809483488569 
 0,244707874682472 
 0,229466553767993 
 0,226079593564776 
 0,223539373412362 
 0,220152413209145 
 0,227773073666384 
 0,235393734123624 
 0,232006773920406 
 0,204911092294666 
 0,207451312447079 
 0,201524132091448 
 7,62066045723963E-02 
 7,28196443691787E-02 
 9,82218458933107E-02 
 8,97544453852667E-02 
 9,06011854360711E-02 
 9,39881456392887E-02 
 9,22946655376799E-02 
 9,22946655376799E-02 
 8,63674851820491E-02 
 8,04403048264183E-02 
 7,87468247248095E-02 
 0,102455546147333 
 7,02794242167655E-02 
 6,68924640135478E-02 
 0,065198983911939 
 6,43522438611346E-02 
 6,43522438611346E-02 
 9,48348856900931E-02 
 9,48348856900931E-02 
 0,161727349703641 
 0,16342082980525 
 0,156646909398815 
 0,153259949195597 
 0,150719729043184 
 0,147332768839966 
 0,143945808636749 
 5,75783234546994E-02 
 4,57239627434378E-02 
 0,044030482641829 
 4,31837425910246E-02 
 6,18120237087214E-02 
 6,26587637595258E-02 
 5,58848433530906E-02 
 5,16511430990686E-02 
 4,65707027942422E-02 
 4,57239627434378E-02 
 4,31837425910246E-02 
 4,06435224386113E-02 
 3,81033022861981E-02 
 3,64098221845893E-02 
 3,72565622353937E-02 
 3,55630821337849E-02 
 3,38696020321761E-02 
 3,30228619813717E-02 
 3,13293818797629E-02 
 4,74174428450466E-02 
 4,57239627434378E-02 
 4,65707027942422E-02 
 4,23370025402202E-02 
 3,30228619813717E-02 
 3,04826418289585E-02 
 2,62489415749365E-02 
 2,03217612193057E-02 
 1,94750211685013E-02 
 1,86282811176969E-02 
 1,77815410668925E-02 
 1,86282811176969E-02 
 1,60880609652837E-02 
 1,94750211685013E-02 
 3,04826418289585E-02 
 2,79424216765453E-02 
 2,62489415749365E-02 
 2,20152413209145E-02 
 2,03217612193057E-02 
 1,86282811176969E-02 
 1,86282811176969E-02 
 1,69348010160881E-02 
 1,35478408128704E-02 
 0,012701100762066 
 1,10076206604572E-02 
 1,01608806096528E-02 
 8,46740050804403E-03 
 6,77392040643522E-03 
 3,38696020321761E-03 
 3,38696020321761E-03 
 2,54022015241321E-03 
 2,54022015241321E-03 
 1,69348010160881E-03 
 1,69348010160881E-03 
 8,46740050804403E-04 
 8,46740050804403E-04 
 0 
 0 
 0 
 0 
 0 
 0 
 0 
 0 
 0 
 0 
 0 
 0 
 0 
 0 
 0 
 0 
 0 
 0 
 0 
 0 
 0 
 0 
 0 
 0 
 0 
 0 
 0 
 0 
 0 
 0 
 0 
 0 
 0 
 0 
 0 
 0 
 0 
 0 
 0 
 0 
 0 
 0 
 0 
 0 
 0 
 0 
 0 
 0 
 0 
 0 
 0 
 0 
 0 
 0 
 0 
 0 
 0 
 0 
 0 
 0 
 0 
 0 
 0 
 0 
 0 
 0 
 0 
 0 
 0 
 0 
 0 
 0 
 0 
 0 
 0 
 0 
 0 
 0 
 0 
 0 
 0 
 0 
 0 
 0 
 0 
 0 
 0 
 0 
 0 
 0 
 0 
 0 
 0 
 0 
 0 
 0 
 0 
 0 
 0 
 0 
 0 
 0 
 0 
 0 
 0 
 0 
 0 
 0 
 0 
 0 
 0 
 0 
 0 
 0 
 0 
 0 
 0 
 0 
 0 
 0 
 0 
 0 
 0 
 0 
 0 
 0 
 0 
 0 
 0 
 0 
 0 
 0 
 0 
 0 
 0 
 0 
 0 
 0 
 0 
 0 
 0 
 0 
 0 
 0 
 0 
 0 
 0 
 0 
 0 
 0 
 0 
 0 
 0 
 0 
 0 
 0 
 0 
 0 
 0 
 0 
 0 
 0 
 0 
 0 
 0 
 0 
 0 
 0 
 0 
 0 
 0 
 0 
 0 
 0 
 0 
 0 
 0 
 0 
 0 
 0 
 0 
 0 
 0 
 0 
 0 
 0 
 0 
 0 
 0 
 0 
 0 
 0 
 0 
 0 
 0 
 0 
 0 
 0 
 0 
 0 
 0 
 0 
 0 
 0 
 0 
 0 
 0 
 0 
 0 
 0 
 0 
 0 
 0 
 0 
 0 
 0 
 0 
 0 
 0 
 0 
 0 
 0 
 0 
 0 
 0 
 0 
 0 
 0 
 0 
 0 
 0 
 0 
 0 
 0 
 0 
 0 
 0 
 0 
 0 
 0 
 0 
 0 
 0 
 0 
 0 
 0 
 0 
 0 
 0 
 0 
 0 
 0 
 0 
 0 
 0 
 0 
 0 
 0 
 0 
 0 
 0 
 0 
 0 
 0 
 0 
 0 
 0 
 0 
 0 
 0 
 0 
 0 
 0 
 0 
 0 
 0 
 0 
 0 
 0 
 0 
 0 
 0 
 0 
 0 
 0 
 0 
 0 
 0 
 0 
 0 
 0 
 0 
 0 
 0 
 0 
 0 
 0 
 0 
 0 
 0 
 0 
 0 
 0 
 0 
 0 
 0 
 0 
 0 
 0 
 0 
 0 
 0 
