 0 
 0 
 0 
 0 
 0 
 0 
 0 
 0 
 0 
 0 
 0 
 0 
 0 
 0 
 0 
 0 
 0 
 0 
 0 
 0 
 0 
 0 
 0 
 0 
 0 
 0 
 0 
 0 
 0 
 0 
 0 
 0 
 0 
 0 
 0 
 0 
 0 
 0 
 0 
 0 
 0 
 0 
 0 
 0 
 0 
 0 
 0 
 0 
 0 
 0 
 0 
 0 
 0 
 0 
 0 
 0 
 0 
 0 
 0 
 0 
 0 
 0 
 0 
 0 
 0 
 0 
 0 
 0 
 0 
 0 
 0 
 0 
 0 
 0 
 0 
 0 
 0 
 0 
 0 
 0 
 0 
 0 
 0 
 0 
 0 
 0 
 0 
 0 
 0 
 0 
 0 
 0 
 0 
 0 
 0 
 0 
 0 
 0 
 0 
 0 
 0 
 0 
 0 
 0 
 0 
 0 
 0 
 0 
 0 
 0 
 0 
 0 
 0 
 0 
 0 
 0 
 0 
 0 
 0 
 0 
 0 
 0 
 0 
 0 
 0 
 0 
 0 
 0 
 0 
 0 
 0 
 0 
 0 
 0 
 0 
 0 
 0 
 0 
 0 
 0 
 0 
 0 
 0 
 0 
 0 
 0 
 0 
 0 
 0 
 0 
 0 
 0 
 0 
 0 
 0 
 0 
 0 
 0 
 0 
 0 
 0 
 0 
 0 
 0 
 0 
 0 
 0 
 0 
 0 
 0 
 0 
 0 
 0 
 0 
 0 
 0 
 0 
 0 
 0 
 0 
 0 
 0 
 0 
 0 
 0 
 0 
 0 
 0 
 0 
 0 
 0 
 0 
 0 
 0 
 0 
 0 
 0 
 0 
 0 
 0 
 0 
 0 
 0 
 0 
 0 
 0 
 0 
 0 
 0 
 0 
 0 
 0 
 0 
 0 
 0 
 0 
 0 
 0 
 0 
 0 
 0 
 0 
 0 
 0 
 0 
 0 
 0 
 0 
 0 
 0 
 0 
 0 
 0 
 0 
 0 
 0 
 0 
 0 
 0 
 0 
 0 
 0 
 0 
 0 
 0 
 0 
 0 
 0 
 0 
 0 
 0 
 0 
 0 
 0 
 0 
 0 
 0 
 0 
 0 
 0 
 0 
 0 
 0 
 0 
 0 
 0 
 0 
 0 
 0 
 0 
 0 
 0 
 0 
 0 
 0 
 0 
 0 
 0 
 0 
 0 
 0 
 0 
 0 
 0 
 0 
 0 
 0 
 0 
 0 
 0 
 0 
 0 
 0 
 0 
 0 
 0 
 0 
 0 
 0 
 0 
 0 
 0 
 0 
 0 
 0 
 0 
 0 
 0 
 0 
 0 
 0 
 0 
 0 
 0 
 0 
 0 
 0 
 0 
 0 
 0 
 0 
 0 
 0 
 0 
 0 
 0 
 0 
 0 
 0 
 0 
 0 
 0 
 0 
 0 
 0 
 0 
 0 
 0 
 0 
 0 
 0 
 0 
 0 
 0 
 0 
 0 
 0 
 0 
 0 
 0 
 0 
 0 
 0 
 0 
 0 
 0 
 0 
 0 
 0 
 0 
 0 
 0 
 0 
 0 
 0 
 0 
 0 
 0 
 0 
 0 
 0 
 0 
 0 
 0 
 0 
 0 
 0 
 0 
 0 
 0 
 0 
 0 
 0 
 0 
 0 
 0 
 0 
 0 
 0 
 0 
 0 
 0 
 0 
 0 
 0 
 0 
 0 
 0 
 0 
 0 
 0 
 0 
 0 
 0 
 0 
 0 
 0 
 0 
 0 
 0 
 0 
 0 
 0 
 0 
 0 
 0 
 0 
 0 
 0 
 0 
 0 
 0 
 0 
 0 
 0 
 0 
 0 
 0 
 0 
 0 
 0 
 0 
 0 
 0 
 8,46740050804403E-04 
 8,46740050804403E-04 
 8,46740050804403E-04 
 8,46740050804403E-04 
 1,69348010160881E-03 
 1,69348010160881E-03 
 3,38696020321761E-03 
 4,23370025402202E-03 
 5,92718035563082E-03 
 6,77392040643522E-03 
 6,77392040643522E-03 
 8,46740050804403E-03 
 9,31414055884843E-03 
 8,46740050804403E-03 
 1,01608806096528E-02 
 1,18543607112616E-02 
 1,35478408128704E-02 
 1,43945808636749E-02 
 1,52413209144793E-02 
 1,69348010160881E-02 
 1,77815410668925E-02 
 2,87891617273497E-02 
 2,79424216765453E-02 
 3,04826418289585E-02 
 2,70956816257409E-02 
 2,62489415749365E-02 
 2,79424216765453E-02 
 1,01608806096528E-02 
 1,35478408128704E-02 
 2,11685012701101E-02 
 2,54022015241321E-02 
 2,54022015241321E-02 
 2,54022015241321E-02 
 3,13293818797629E-02 
 3,21761219305673E-02 
 4,65707027942422E-02 
 5,84250635055038E-02 
 6,35055038103302E-02 
 7,11261642675699E-02 
 7,28196443691787E-02 
 7,70533446232007E-02 
 7,95935647756139E-02 
 8,29805249788315E-02 
 8,55207451312447E-02 
 8,89077053344623E-02 
 9,22946655376799E-02 
 9,48348856900931E-02 
 9,31414055884843E-02 
 9,48348856900931E-02 
 0,10584250635055 
 0,108382726502964 
 0,11346316680779 
 0,117696867061812 
 0,12108382726503 
 0,124470787468247 
 0,130397967823878 
 0,131244707874682 
 0,131244707874682 
 0,136325148179509 
 8,12870448772227E-02 
 9,99153259949196E-02 
 9,90685859441152E-02 
 0,103302286198137 
 0,130397967823878 
 0,143099068585944 
 0,145639288738357 
 0,149026248941575 
 0,149872988992379 
 0,154953429297206 
 0,20575783234547 
 0,209144792548688 
 0,21337849280271 
 0,217612193056732 
 0,220999153259949 
 0,225232853513971 
 0,229466553767993 
 0,233700254022015 
 0,237087214225233 
 0,241320914479255 
 0,235393734123624 
 0,242167654530059 
 0,24809483488569 
 0,244707874682472 
 0,251481795088908 
 0,249788314987299 
 0,253175275190517 
 0,246401354784081 
 0,232853513971211 
 0,236240474174428 
 0,239627434377646 
 0,23454699407282 
 0,246401354784081 
 0,249788314987299 
 0,256562235393734 
 0,226079593564776 
 0,229466553767993 
 0,24809483488569 
 0,250635055038103 
 0,257408975444539 
 0,270110076206605 
 0,27688399661304 
 0,280270956816257 
 0,239627434377646 
 0,245554614733277 
 0,314140558848434 
 0,320914479254869 
 0,325148179508891 
 0,325148179508891 
 0,336155800169348 
 0,336155800169348 
 0,203217612193057 
 0,197290431837426 
 0,203217612193057 
 0,232006773920406 
 0,230313293818798 
 0,237087214225233 
 0,235393734123624 
 0,241320914479255 
 0,223539373412362 
 0,221845893310754 
 0,204064352243861 
 0,201524132091448 
 0,211685012701101 
 0,259949195596952 
 0,388653683319221 
 0,209144792548688 
 0,223539373412362 
 0,247248094834886 
 0,175275190516511 
 0,181202370872142 
 0,204911092294666 
 0,183742591024555 
 0,185436071126164 
 0,187129551227773 
 0,179508890770533 
 0,181202370872142 
 0,168501270110076 
 0,165114309906859 
 0,156646909398815 
 0,153259949195597 
 0,154106689246401 
 0,194750211685013 
 0,171041490262489 
 0,177815410668925 
 0,178662150719729 
 0,175275190516511 
 0,242167654530059 
 0,254022015241321 
 0,434377646062659 
 0,277730736663844 
 0,237933954276037 
 0,229466553767993 
 0,220152413209145 
 0,22692633361558 
 0,212531752751905 
 0,209144792548688 
 0,209991532599492 
 0,211685012701101 
 0,114309906858594 
 0,115156646909399 
 0,104995766299746 
 0,10584250635055 
 0,111769686706181 
 0,106689246401355 
 0,11346316680779 
 0,125317527519052 
 0,143099068585944 
 0,18458933107536 
 0,214225232853514 
 0,215918712955123 
 0,222692633361558 
 0,223539373412362 
 0,243014394580864 
 0,208298052497883 
 0,227773073666384 
 0,247248094834886 
 0,259949195596952 
 0,55376799322608 
 0,562235393734124 
 0,55969517358171 
 0,556308213378493 
 0,558848433530906 
 0,542760372565622 
 0,545300592718036 
 0,510584250635055 
 0,506350550381033 
 0,508890770533446 
 0,511430990685859 
 0,449618966977138 
 0,458086367485182 
 0,434377646062659 
 0,449618966977138 
 0,451312447078747 
 0,34801016088061 
 0,342929720575783 
 0,337849280270957 
 0,186282811176969 
 0,166807790008467 
 0,167654530059272 
 0,175275190516511 
 0,223539373412362 
 0,265029635901778 
 0,211685012701101 
 0,21930567315834 
 0,241320914479255 
 0,227773073666384 
 0,256562235393734 
 0,265029635901778 
 0,265876375952583 
 0,245554614733277 
 0,254022015241321 
 0,261642675698561 
 0,270110076206605 
 0,270956816257409 
 0,236240474174428 
 0,689246401354784 
 0,698560541913632 
 0,693480101608806 
 0,689246401354784 
 0,690939881456393 
 0,46740050804403 
 0,307366638441998 
 0,367485182049111 
 0,391193903471634 
 0,354784081287045 
 0,364098221845893 
 0,372565622353937 
 0,664690939881456 
 0,622353937341236 
 0,624047417442845 
 0,625740897544454 
 0,627434377646063 
 0,668077900084674 
 0,761219305673158 
 0,69432684165961 
 0,413209144792549 
 0,445385266723116 
 0,492802709568163 
 0,494496189669771 
 0,689246401354784 
 0,636748518204911 
 0,63844199830652 
 0,640135478408129 
 0,610499576629975 
 0,706181202370872 
 0,700254022015241 
 0,77307366638442 
 0,774767146486029 
 0,776460626587638 
 0,683319220999153 
 0,668924640135478 
 0,686706181202371 
 0,68839966130398 
 0,681625740897544 
 0,683319220999153 
 0,685012701100762 
 0,686706181202371 
 0,631668077900085 
 0,633361558001693 
 0,626587637595258 
 0,627434377646063 
 0,637595258255716 
 0,63844199830652 
 0,640135478408129 
 0,640982218458933 
 0,642675698560542 
 0,65198983911939 
 0,661303979678239 
 0,671464860287892 
 0,672311600338696 
 0,648602878916173 
 0,650296359017781 
 0,651143099068586 
 0,65198983911939 
 0,653683319220999 
 0,713801862828112 
 0,714648602878916 
 0,286198137171888 
 0,287044877222693 
 0,303979678238781 
 0,287891617273497 
 0,287891617273497 
 0,288738357324301 
 0,29805249788315 
 0,29805249788315 
 0,33276883996613 
 0,281964436917866 
 0,265029635901778 
 0,265876375952583 
 0,265876375952583 
 0,266723116003387 
 0,266723116003387 
 0,241320914479255 
 0,232853513971211 
 0,232853513971211 
 0,285351397121084 
 0,27688399661304 
 0,294665537679932 
 0,320914479254869 
 0,295512277730737 
 0,61727349703641 
 0,731583403895004 
 0,72311600338696 
 0,776460626587638 
 0,864521591871296 
 0,874682472480948 
 0,875529212531753 
 0,876375952582557 
 0,876375952582557 
 0,877222692633362 
 0,878069432684166 
 0,87891617273497 
 0,879762912785775 
 0,880609652836579 
 0,881456392887384 
 0,882303132938188 
 0,882303132938188 
 0,883149872988992 
 0,883996613039797 
 0,867061812023709 
 0,840812870448772 
 0,876375952582557 
 0,664690939881456 
 0,611346316680779 
 0,523285351397121 
 0,558848433530906 
 0,514817950889077 
 0,639288738357324 
 0,70194750211685 
 0,702794242167655 
 0,702794242167655 
 0,702794242167655 
 0,703640982218459 
 0,703640982218459 
 0,658763759525826 
 0,606265876375953 
 0,596951735817104 
 0,65961049957663 
 0,552921253175275 
 0,570702794242168 
 0,749364944961897 
 0,633361558001693 
 0,58848433530906 
 0,686706181202371 
 0,72311600338696 
 0,731583403895004 
 0,731583403895004 
 0,72311600338696 
 0,713801862828112 
 0,705334462320068 
 0,705334462320068 
 0,668924640135478 
 0,776460626587638 
 0,767146486028789 
 0,776460626587638 
 0,767146486028789 
 0,775613886536833 
 0,775613886536833 
 0,80186282811177 
 0,606265876375953 
 0,890770533446232 
 0,890770533446232 
 0,889923793395428 
 0,773920406435224 
 0,773920406435224 
 0,773920406435224 
 0,755292125317528 
 0,417442845046571 
 0,417442845046571 
 0,399661303979678 
 0,398814563928874 
 0,363251481795089 
 0,327688399661304 
 0,336155800169348 
 0,336155800169348 
 0,3268416596105 
 0,309060118543607 
 0,335309060118544 
 0,370872142252329 
 0,370025402201524 
 0,352243861134632 
 0,316680779000847 
 0,316680779000847 
 0,298899237933954 
 0,570702794242168 
 0,596951735817104 
 0,613886536833192 
 0,578323454699407 
 0,542760372565622 
 0,541913632514818 
 0,707874682472481 
 0,697713801862828 
 0,697713801862828 
 0,601185436071126 
 0,608806096528366 
 0,512277730736664 
 0,502963590177815 
 0,693480101608806 
 0,831498729889924 
 0,761219305673158 
 0,768839966130398 
 0,716342082980525 
 0,714648602878916 
 0,645215918712955 
 0,515664690939881 
 0,600338696020322 
 0,771380186282811 
 0,769686706181202 
 0,854360711261643 
 0,853513971210838 
 0,851820491109229 
 0,850127011007621 
 0,849280270956816 
 0,847586790855207 
 0,474174428450466 
 0,61727349703641 
 0,497883149872989 
 0,463166807790008 
 0,470787468247248 
 0,453005927180356 
 0,460626587637595 
 0,493649449618967 
 0,542760372565622 
 0,508044030482642 
 0,515664690939881 
 0,622353937341236 
 0,696020321761219 
 0,520745131244708 
 0,363251481795089 
 0,280270956816257 
 0,296359017781541 
 0,295512277730737 
 0,327688399661304 
 0,335309060118544 
 0,350550381033023 
 0,38272650296359 
 0,341236240474174 
 0,331922099915326 
 0,371718882303133 
 0,363251481795089 
 0,691786621507197 
 0,666384419983065 
 0,656223539373412 
 0,527519051651143 
 0,717188823031329 
 0,715495342929721 
 0,729889923793395 
 0,68839966130398 
 0,749364944961897 
 0,755292125317528 
 0,745977984758679 
 0,75190516511431 
 0,515664690939881 
 0,412362404741744 
 0,497036409822185 
 0,558001693480102 
 0,53259949195597 
 0,523285351397121 
 0,491109229466554 
 0,329381879762913 
 0,336155800169348 
 0,335309060118544 
 0,235393734123624 
 0,242167654530059 
 0,241320914479255 
 0,263336155800169 
 0,262489415749365 
 0,261642675698561 
 0,253175275190517 
 0,259949195596952 
 0,266723116003387 
 0,280270956816257 
 0,301439458086367 
 0,300592718035563 
 0,591871295512278 
 0,487722269263336 
 0,398814563928874 
 0,397967823878069 
 0,388653683319221 
 0,408975444538527 
 0,371718882303133 
 0,370872142252329 
 0,34801016088061 
 0,417442845046571 
 0,443691786621507 
 0,624894157493649 
 0,622353937341236 
 0,627434377646063 
 0,583403895004234 
 0,58086367485182 
 0,578323454699407 
 0,575783234546994 
 0,574089754445385 
 0,571549534292972 
 0,521591871295512 
 0,519898391193903 
 0,51735817104149 
 0,521591871295512 
 0,526672311600339 
 0,524132091447925 
 0,528365791701948 
 0,519051651143099 
 0,556308213378493 
 0,55376799322608 
 0,525825571549534 
 0,523285351397121 
 0,520745131244708 
 0,518204911092295 
 0,286198137171888 
 0,285351397121084 
 0,34038950042337 
 0,33276883996613 
 0,324301439458086 
 0,316680779000847 
 0,327688399661304 
 0,491955969517358 
 0,495342929720576 
 0,511430990685859 
 0,502963590177815 
 0,512277730736664 
 0,527519051651143 
 0,530059271803556 
 0,539373412362405 
 0,530906011854361 
 0,527519051651143 
 0,414055884843353 
 0,41151566469094 
 0,455546147332769 
 0,447078746824725 
 0,398814563928874 
 0,265876375952583 
 0,253175275190517 
 0,263336155800169 
 0,266723116003387 
 0,292972057578323 
 0,264182895850974 
 0,267569856054191 
 0,260795935647756 
 0,237087214225233 
 0,289585097375106 
 0,314140558848434 
 0,402201524132091 
 0,452159187129551 
 0,458933107535986 
 0,451312447078747 
 0,447925486875529 
 0,460626587637595 
 0,441998306519898 
 0,438611346316681 
 0,435224386113463 
 0,43268416596105 
 0,439458086367485 
 0,298899237933954 
 0,306519898391194 
 0,33276883996613 
 0,320914479254869 
 0,204064352243861 
 0,203217612193057 
 0,201524132091448 
 0,199830651989839 
 0,19813717188823 
 0,192209991532599 
 0,190516511430991 
 0,202370872142252 
 0,196443691786621 
 0,194750211685013 
 0,249788314987299 
 0,256562235393734 
 0,353090601185436 
 0,324301439458086 
 0,317527519051651 
 0,306519898391194 
 0,307366638441998 
 0,304826418289585 
 0,318374259102456 
 0,364098221845893 
 0,360711261642676 
 0,360711261642676 
 0,357324301439458 
 0,264182895850974 
 0,281117696867062 
 0,21337849280271 
 0,215071972904318 
 0,216765453005927 
 0,210838272650296 
 0,208298052497883 
 0,20575783234547 
 0,204064352243861 
 0,187129551227773 
 0,175275190516511 
 0,176121930567316 
 0,122777307366638 
 0,149026248941575 
 0,140558848433531 
 0,115156646909399 
 0,114309906858594 
 0,116003386960203 
 0,104995766299746 
 0,103302286198137 
 0,108382726502964 
 0,110076206604572 
 0,111769686706181 
 0,104149026248942 
 8,21337849280271E-02 
 8,38272650296359E-02 
 8,55207451312447E-02 
 0,143945808636749 
 0,14225232853514 
 0,170194750211685 
 0,161727349703641 
 0,186282811176969 
 0,191363251481795 
 0,239627434377646 
 0,236240474174428 
 0,242167654530059 
 0,241320914479255 
 0,23454699407282 
 0,181202370872142 
 0,182895850973751 
 0,165961049957663 
 0,132938187976291 
 0,157493649449619 
 0,141405588484335 
 0,137171888230313 
 0,121930567315834 
 0,156646909398815 
 0,153259949195597 
 0,150719729043184 
 0,178662150719729 
 0,169348010160881 
 0,143099068585944 
 0,136325148179509 
 0,133784928027096 
 0,118543607112616 
 0,117696867061812 
 0,11346316680779 
 6,18120237087214E-02 
 5,84250635055038E-02 
 6,18120237087214E-02 
 5,84250635055038E-02 
 6,18120237087214E-02 
 5,58848433530906E-02 
 5,41913632514818E-02 
 5,16511430990686E-02 
 4,74174428450466E-02 
 6,01185436071126E-02 
 6,68924640135478E-02 
 0,060965283657917 
 0,104995766299746 
 0,101608806096528 
 9,82218458933107E-02 
 9,48348856900931E-02 
 0,101608806096528 
 9,82218458933107E-02 
 9,39881456392887E-02 
 9,06011854360711E-02 
 8,72142252328535E-02 
 8,38272650296359E-02 
 8,04403048264183E-02 
 7,70533446232007E-02 
 7,36663844199831E-02 
 7,02794242167655E-02 
 6,43522438611346E-02 
 6,35055038103302E-02 
 6,01185436071126E-02 
 0,056731583403895 
 5,41913632514818E-02 
 5,08044030482642E-02 
 4,74174428450466E-02 
 4,48772226926334E-02 
 4,14902624894158E-02 
 3,89500423370025E-02 
 3,47163420829805E-02 
 3,13293818797629E-02 
 2,87891617273497E-02 
 2,62489415749365E-02 
 2,37087214225233E-02 
 2,11685012701101E-02 
 1,94750211685013E-02 
 1,77815410668925E-02 
 1,60880609652837E-02 
 1,35478408128704E-02 
 1,18543607112616E-02 
 4,23370025402202E-03 
 5,08044030482642E-03 
 3,38696020321761E-03 
 3,38696020321761E-03 
 2,54022015241321E-03 
 2,54022015241321E-03 
 1,69348010160881E-03 
 1,69348010160881E-03 
 8,46740050804403E-04 
 0 
 0 
 0 
 0 
 0 
 0 
 0 
 0 
 0 
 0 
 0 
 0 
 0 
 0 
 0 
 0 
 0 
 0 
 0 
 0 
 0 
 0 
 0 
 0 
 0 
 0 
 0 
 0 
 0 
 0 
 0 
 0 
 0 
 0 
 0 
 0 
 0 
 0 
 0 
 0 
 0 
 0 
 0 
 0 
 0 
 0 
 0 
 0 
 0 
 0 
 0 
 0 
 0 
 0 
 0 
 0 
 0 
 0 
 0 
 0 
 0 
 0 
 0 
 0 
 0 
 0 
 0 
 0 
 0 
 0 
 0 
 0 
 0 
 0 
 0 
 0 
 0 
 0 
 0 
 0 
 0 
 0 
 0 
 0 
 0 
 0 
 0 
 0 
 0 
 0 
 0 
 0 
 0 
 0 
 0 
 0 
 0 
 0 
 0 
 0 
 0 
 0 
 0 
 0 
 0 
 0 
 0 
 0 
 0 
 0 
 0 
 0 
 0 
 0 
 0 
 0 
 0 
 0 
 0 
 0 
 0 
 0 
 0 
 0 
 0 
 0 
 0 
 0 
 0 
 0 
 0 
 0 
 0 
 0 
 0 
 0 
 0 
 0 
 0 
 0 
 0 
 0 
 0 
 0 
 0 
 0 
 0 
 0 
 0 
 0 
 0 
 0 
 0 
 0 
 0 
 0 
 0 
 0 
 0 
 0 
 0 
 0 
 0 
 0 
 0 
 0 
 0 
 0 
 0 
 0 
 0 
 0 
 0 
 0 
 0 
 0 
 0 
 0 
 0 
 0 
 0 
 0 
 0 
 0 
 0 
 0 
 0 
 0 
 0 
 0 
 0 
 0 
 0 
 0 
 0 
 0 
 0 
 0 
 0 
 0 
 0 
 0 
 0 
 0 
 0 
 0 
 0 
 0 
 0 
 0 
 0 
 0 
 0 
 0 
 0 
 0 
 0 
 0 
 0 
 0 
 0 
 0 
 0 
 0 
 0 
 0 
 0 
 0 
 0 
 0 
 0 
 0 
 0 
 0 
 0 
 0 
 0 
 0 
 0 
 0 
 0 
 0 
 0 
 0 
 0 
 0 
 0 
 0 
 0 
 0 
 0 
 0 
 0 
 0 
 0 
 0 
 0 
 0 
 0 
 0 
 0 
 0 
 0 
 0 
 0 
 0 
 0 
 0 
 0 
 0 
 0 
 0 
 0 
 0 
 0 
 0 
 0 
 0 
 0 
 0 
 0 
 0 
 0 
 0 
 0 
 0 
 0 
 0 
 0 
 0 
 0 
 0 
 0 
 0 
 0 
 0 
 0 
 0 
 0 
 0 
 0 
 0 
 0 
 0 
 0 
 0 
 0 
 0 
 0 
 0 
 0 
 0 
 0 
 0 
