 0 
 0 
 0 
 0 
 0 
 0 
 0 
 0 
 0 
 0 
 0 
 0 
 0 
 0 
 0 
 0 
 0 
 0 
 0 
 0 
 0 
 0 
 0 
 0 
 0 
 0 
 0 
 0 
 0 
 0 
 0 
 0 
 0 
 0 
 0 
 0 
 0 
 0 
 0 
 0 
 0 
 0 
 0 
 0 
 0 
 0 
 0 
 0 
 0 
 0 
 0 
 0 
 0 
 0 
 0 
 0 
 0 
 0 
 0 
 0 
 0 
 0 
 0 
 0 
 0 
 0 
 0 
 0 
 0 
 0 
 0 
 0 
 0 
 0 
 0 
 0 
 0 
 0 
 0 
 0 
 0 
 0 
 0 
 0 
 0 
 0 
 0 
 0 
 0 
 0 
 0 
 0 
 0 
 0 
 0 
 0 
 0 
 0 
 0 
 0 
 0 
 0 
 0 
 0 
 0 
 0 
 0 
 0 
 0 
 0 
 0 
 0 
 0 
 0 
 0 
 0 
 0 
 0 
 0 
 0 
 0 
 0 
 0 
 0 
 0 
 0 
 0 
 0 
 0 
 0 
 0 
 0 
 0 
 0 
 0 
 0 
 0 
 0 
 0 
 0 
 0 
 0 
 0 
 0 
 0 
 0 
 0 
 0 
 0 
 0 
 0 
 0 
 0 
 0 
 0 
 0 
 0 
 0 
 0 
 0 
 0 
 0 
 0 
 0 
 0 
 0 
 0 
 0 
 0 
 0 
 0 
 0 
 0 
 0 
 0 
 0 
 0 
 0 
 0 
 0 
 0 
 0 
 0 
 0 
 0 
 0 
 0 
 0 
 0 
 0 
 0 
 0 
 0 
 0 
 0 
 0 
 0 
 0 
 0 
 0 
 0 
 0 
 0 
 0 
 0 
 0 
 0 
 0 
 0 
 0 
 0 
 0 
 0 
 0 
 0 
 0 
 0 
 0 
 0 
 0 
 0 
 0 
 0 
 0 
 0 
 0 
 0 
 0 
 0 
 0 
 0 
 0 
 0 
 0 
 0 
 0 
 0 
 0 
 0 
 0 
 0 
 0 
 0 
 0 
 0 
 0 
 0 
 0 
 0 
 0 
 0 
 0 
 0 
 0 
 0 
 0 
 0 
 0 
 0 
 0 
 0 
 0 
 0 
 0 
 0 
 0 
 0 
 0 
 0 
 0 
 0 
 0 
 0 
 0 
 0 
 0 
 0 
 0 
 0 
 0 
 0 
 0 
 0 
 0 
 0 
 0 
 0 
 0 
 0 
 0 
 0 
 0 
 0 
 0 
 0 
 0 
 0 
 0 
 0 
 0 
 0 
 0 
 0 
 0 
 0 
 0 
 0 
 0 
 0 
 0 
 0 
 0 
 0 
 0 
 0 
 0 
 0 
 0 
 0 
 0 
 0 
 0 
 0 
 0 
 0 
 0 
 0 
 0 
 0 
 0 
 0 
 0 
 0 
 0 
 0 
 0 
 0 
 0 
 0 
 0 
 0 
 0 
 0 
 0 
 0 
 0 
 0 
 0 
 0 
 0 
 0 
 0 
 0 
 0 
 0 
 0 
 0 
 0 
 0 
 0 
 0 
 0 
 0 
 0 
 0 
 0 
 0 
 0 
 0 
 0 
 0 
 0 
 0 
 0 
 0 
 0 
 0 
 0 
 0 
 0 
 0 
 0 
 0 
 0 
 0 
 0 
 0 
 0 
 0 
 0 
 0 
 0 
 0 
 0 
 0 
 0 
 0 
 0 
 0 
 0 
 0 
 0 
 0 
 0 
 0 
 0 
 0 
 0 
 0 
 0 
 0 
 0 
 0 
 0 
 0 
 0 
 0 
 0 
 0 
 0 
 0 
 0 
 0 
 0 
 0 
 0 
 0 
 0 
 0 
 0 
 0 
 0 
 0 
 0 
 0 
 0 
 8,46740050804403E-04 
 8,46740050804403E-04 
 1,69348010160881E-03 
 8,46740050804403E-04 
 8,46740050804403E-04 
 1,69348010160881E-03 
 1,69348010160881E-03 
 1,69348010160881E-03 
 2,54022015241321E-03 
 4,23370025402202E-03 
 5,08044030482642E-03 
 5,92718035563082E-03 
 6,77392040643522E-03 
 7,62066045723963E-03 
 7,62066045723963E-03 
 9,31414055884843E-03 
 1,35478408128704E-02 
 0,012701100762066 
 1,43945808636749E-02 
 1,86282811176969E-02 
 2,03217612193057E-02 
 2,28619813717189E-02 
 2,45554614733277E-02 
 2,87891617273497E-02 
 2,96359017781541E-02 
 2,28619813717189E-02 
 3,55630821337849E-02 
 3,81033022861981E-02 
 4,23370025402202E-02 
 4,31837425910246E-02 
 4,65707027942422E-02 
 5,16511430990686E-02 
 4,31837425910246E-02 
 0,048264182895851 
 4,23370025402202E-02 
 2,70956816257409E-02 
 2,87891617273497E-02 
 2,70956816257409E-02 
 2,62489415749365E-02 
 2,70956816257409E-02 
 2,62489415749365E-02 
 2,70956816257409E-02 
 3,97967823878069E-02 
 4,06435224386113E-02 
 4,06435224386113E-02 
 4,14902624894158E-02 
 3,97967823878069E-02 
 4,48772226926334E-02 
 4,57239627434378E-02 
 4,74174428450466E-02 
 0,048264182895851 
 4,65707027942422E-02 
 4,23370025402202E-02 
 3,89500423370025E-02 
 4,74174428450466E-02 
 4,91109229466554E-02 
 4,06435224386113E-02 
 4,31837425910246E-02 
 3,72565622353937E-02 
 2,96359017781541E-02 
 3,21761219305673E-02 
 3,30228619813717E-02 
 3,55630821337849E-02 
 3,64098221845893E-02 
 4,23370025402202E-02 
 4,14902624894158E-02 
 4,65707027942422E-02 
 4,74174428450466E-02 
 0,056731583403895 
 6,01185436071126E-02 
 0,060965283657917 
 6,18120237087214E-02 
 0,060965283657917 
 5,92718035563082E-02 
 0,060965283657917 
 6,18120237087214E-02 
 6,01185436071126E-02 
 6,35055038103302E-02 
 7,70533446232007E-02 
 7,62066045723963E-02 
 7,19729043183743E-02 
 7,28196443691787E-02 
 7,70533446232007E-02 
 7,79000846740051E-02 
 7,36663844199831E-02 
 8,04403048264183E-02 
 7,87468247248095E-02 
 8,55207451312447E-02 
 8,72142252328535E-02 
 8,80609652836579E-02 
 8,63674851820491E-02 
 8,72142252328535E-02 
 8,55207451312447E-02 
 9,31414055884843E-02 
 9,73751058425063E-02 
 0,104995766299746 
 0,109229466553768 
 0,107535986452159 
 0,118543607112616 
 0,116850127011008 
 0,127857747671465 
 0,122777307366638 
 0,103302286198137 
 0,111769686706181 
 0,112616426756986 
 0,114309906858594 
 0,137171888230313 
 0,131244707874682 
 0,136325148179509 
 0,23454699407282 
 0,248941574936494 
 0,239627434377646 
 0,23454699407282 
 0,21337849280271 
 0,211685012701101 
 0,202370872142252 
 0,204064352243861 
 0,193903471634208 
 0,179508890770533 
 0,172734970364098 
 0,170194750211685 
 0,171888230313294 
 0,198983911939035 
 0,196443691786621 
 0,210838272650296 
 0,208298052497883 
 0,209991532599492 
 0,251481795088908 
 0,249788314987299 
 0,25571549534293 
 0,267569856054191 
 0,242167654530059 
 0,271803556308213 
 0,297205757832345 
 0,331922099915326 
 0,414902624894157 
 0,47502116850127 
 0,478408128704488 
 0,48264182895851 
 0,486028789161727 
 0,489415749364945 
 0,492802709568163 
 0,497036409822185 
 0,500423370025402 
 0,50381033022862 
 0,507197290431837 
 0,510584250635055 
 0,514817950889077 
 0,518204911092295 
 0,464013547840813 
 0,472480948348857 
 0,301439458086367 
 0,281964436917866 
 0,310753598645216 
 0,312447078746825 
 0,542760372565622 
 0,54614733276884 
 0,549534292972058 
 0,552921253175275 
 0,556308213378493 
 0,55969517358171 
 0,563082133784928 
 0,566469093988146 
 0,569009314140559 
 0,572396274343776 
 0,575783234546994 
 0,579170194750212 
 0,582557154953429 
 0,585944115156647 
 0,589331075359865 
 0,592718035563082 
 0,595258255715495 
 0,598645215918713 
 0,421676545300593 
 0,423370025402202 
 0,401354784081287 
 0,415749364944962 
 0,418289585097375 
 0,339542760372566 
 0,223539373412362 
 0,224386113463167 
 0,226079593564776 
 0,245554614733277 
 0,247248094834886 
 0,24809483488569 
 0,223539373412362 
 0,224386113463167 
 0,245554614733277 
 0,246401354784081 
 0,266723116003387 
 0,248941574936494 
 0,243014394580864 
 0,243861134631668 
 0,258255715495343 
 0,206604572396274 
 0,193903471634208 
 0,201524132091448 
 0,188823031329382 
 0,189669771380186 
 0,183742591024555 
 0,403048264182896 
 0,480101608806097 
 0,598645215918713 
 0,601185436071126 
 0,693480101608806 
 0,696867061812024 
 0,699407281964437 
 0,70194750211685 
 0,704487722269263 
 0,707027942421677 
 0,70956816257409 
 0,712108382726503 
 0,714648602878916 
 0,717188823031329 
 0,719729043183743 
 0,722269263336156 
 0,724809483488569 
 0,727349703640982 
 0,430990685859441 
 0,505503810330229 
 0,249788314987299 
 0,280270956816257 
 0,303132938187976 
 0,297205757832345 
 0,29043183742591 
 0,306519898391194 
 0,307366638441998 
 0,338696020321761 
 0,362404741744284 
 0,484335309060119 
 0,478408128704488 
 0,395427603725656 
 0,488569009314141 
 0,581710414902625 
 0,583403895004234 
 0,592718035563082 
 0,648602878916173 
 0,689246401354784 
 0,690939881456393 
 0,770533446232007 
 0,78069432684166 
 0,782387806943268 
 0,784928027095682 
 0,78662150719729 
 0,789161727349704 
 0,790855207451312 
 0,792548687552921 
 0,795088907705334 
 0,796782387806943 
 0,798475867908552 
 0,800169348010161 
 0,802709568162574 
 0,804403048264183 
 0,806096528365792 
 0,622353937341236 
 0,534292972057578 
 0,552074513124471 
 0,398814563928874 
 0,375105842506351 
 0,392040643522439 
 0,401354784081287 
 0,491955969517358 
 0,740050804403048 
 0,749364944961897 
 0,751058425063506 
 0,761219305673158 
 0,488569009314141 
 0,489415749364945 
 0,548687552921253 
 0,52497883149873 
 0,51735817104149 
 0,476714648602879 
 0,477561388653683 
 0,428450465707028 
 0,412362404741744 
 0,44623200677392 
 0,691786621507197 
 0,692633361558002 
 0,69432684165961 
 0,585097375105842 
 0,628281117696867 
 0,561388653683319 
 0,417442845046571 
 0,383573243014395 
 0,401354784081287 
 0,453005927180356 
 0,462320067739204 
 0,36917866215072 
 0,412362404741744 
 0,386960203217612 
 0,404741744284505 
 0,414055884843353 
 0,44030482641829 
 0,345469940728196 
 0,337849280270957 
 0,337849280270957 
 0,329381879762913 
 0,356477561388654 
 0,374259102455546 
 0,418289585097375 
 0,409822184589331 
 0,602032176121931 
 0,602878916172735 
 0,629127857747671 
 0,647756138865368 
 0,648602878916173 
 0,657917019475021 
 0,359864521591871 
 0,36917866215072 
 0,36917866215072 
 0,308213378492803 
 0,316680779000847 
 0,317527519051651 
 0,325994919559695 
 0,317527519051651 
 0,282811176968671 
 0,274343776460627 
 0,292125317527519 
 0,292125317527519 
 0,292125317527519 
 0,24809483488569 
 0,257408975444539 
 0,257408975444539 
 0,24809483488569 
 0,195596951735817 
 0,195596951735817 
 0,186282811176969 
 0,187129551227773 
 0,177815410668925 
 0,195596951735817 
 0,177815410668925 
 0,177815410668925 
 0,169348010160881 
 0,196443691786621 
 0,204911092294666 
 0,214225232853514 
 0,214225232853514 
 0,214225232853514 
 0,214225232853514 
 0,214225232853514 
 0,187129551227773 
 0,178662150719729 
 0,178662150719729 
 0,178662150719729 
 0,169348010160881 
 0,178662150719729 
 0,196443691786621 
 0,187129551227773 
 0,187129551227773 
 0,178662150719729 
 0,178662150719729 
 0,178662150719729 
 0,169348010160881 
 0,143099068585944 
 0,14225232853514 
 0,14225232853514 
 0,151566469093988 
 0,116003386960203 
 0,124470787468247 
 0,124470787468247 
 0,124470787468247 
 0,124470787468247 
 0,124470787468247 
 0,116003386960203 
 8,89077053344623E-02 
 8,89077053344623E-02 
 8,89077053344623E-02 
 9,73751058425063E-02 
 0,106689246401355 
 0,106689246401355 
 8,89077053344623E-02 
 9,73751058425063E-02 
 7,11261642675699E-02 
 7,11261642675699E-02 
 8,80609652836579E-02 
 8,80609652836579E-02 
 8,80609652836579E-02 
 7,95935647756139E-02 
 7,02794242167655E-02 
 7,02794242167655E-02 
 7,95935647756139E-02 
 8,80609652836579E-02 
 8,80609652836579E-02 
 8,80609652836579E-02 
 9,65283657917019E-02 
 0,104995766299746 
 0,11346316680779 
 0,122777307366638 
 0,11346316680779 
 0,121930567315834 
 0,121930567315834 
 0,104149026248942 
 0,11346316680779 
 0,112616426756986 
 0,112616426756986 
 0,12108382726503 
 0,12108382726503 
 0,112616426756986 
 0,12108382726503 
 0,129551227773074 
 0,103302286198137 
 0,103302286198137 
 0,111769686706181 
 0,120237087214225 
 0,111769686706181 
 0,119390347163421 
 0,119390347163421 
 0,127857747671465 
 0,119390347163421 
 0,110922946655377 
 0,118543607112616 
 0,110076206604572 
 0,101608806096528 
 0,118543607112616 
 0,118543607112616 
 9,22946655376799E-02 
 0,100762066045724 
 0,100762066045724 
 0,100762066045724 
 9,22946655376799E-02 
 9,14479254868755E-02 
 7,53598645215919E-02 
 8,29805249788315E-02 
 0,107535986452159 
 9,14479254868755E-02 
 9,06011854360711E-02 
 8,21337849280271E-02 
 7,45131244707875E-02 
 6,60457239627434E-02 
 6,60457239627434E-02 
 5,75783234546994E-02 
 5,75783234546994E-02 
 0,056731583403895 
 0,056731583403895 
 4,91109229466554E-02 
 0,048264182895851 
 4,06435224386113E-02 
 0,056731583403895 
 0,056731583403895 
 5,58848433530906E-02 
 5,58848433530906E-02 
 5,58848433530906E-02 
 6,35055038103302E-02 
 6,35055038103302E-02 
 5,58848433530906E-02 
 5,50381033022862E-02 
 5,50381033022862E-02 
 6,26587637595258E-02 
 6,26587637595258E-02 
 7,02794242167655E-02 
 8,55207451312447E-02 
 8,55207451312447E-02 
 7,79000846740051E-02 
 7,70533446232007E-02 
 7,70533446232007E-02 
 7,70533446232007E-02 
 9,22946655376799E-02 
 9,22946655376799E-02 
 8,38272650296359E-02 
 9,14479254868755E-02 
 9,90685859441152E-02 
 8,29805249788315E-02 
 8,29805249788315E-02 
 8,29805249788315E-02 
 8,97544453852667E-02 
 8,97544453852667E-02 
 8,97544453852667E-02 
 0,104149026248942 
 0,103302286198137 
 0,117696867061812 
 0,117696867061812 
 0,124470787468247 
 0,131244707874682 
 0,131244707874682 
 0,138018628281118 
 0,130397967823878 
 0,122777307366638 
 0,121930567315834 
 0,121930567315834 
 0,128704487722269 
 0,1346316680779 
 0,11346316680779 
 0,112616426756986 
 0,112616426756986 
 0,104995766299746 
 0,104149026248942 
 9,06011854360711E-02 
 8,97544453852667E-02 
 9,65283657917019E-02 
 9,56816257408975E-02 
 0,102455546147333 
 0,109229466553768 
 0,128704487722269 
 0,12108382726503 
 0,12108382726503 
 0,120237087214225 
 0,120237087214225 
 0,119390347163421 
 0,112616426756986 
 0,118543607112616 
 0,143945808636749 
 0,149872988992379 
 0,15580016934801 
 0,161727349703641 
 0,186282811176969 
 0,192209991532599 
 0,18458933107536 
 0,171041490262489 
 0,170194750211685 
 0,156646909398815 
 0,168501270110076 
 0,167654530059272 
 0,241320914479255 
 0,258255715495343 
 0,275190516511431 
 0,25571549534293 
 0,24809483488569 
 0,253175275190517 
 0,2692633361558 
 0,303979678238781 
 0,308213378492803 
 0,519051651143099 
 0,515664690939881 
 0,519051651143099 
 0,510584250635055 
 0,530059271803556 
 0,492802709568163 
 0,34801016088061 
 0,362404741744284 
 0,337849280270957 
 0,36917866215072 
 0,356477561388654 
 0,337002540220152 
 0,329381879762913 
 0,349703640982218 
 0,336155800169348 
 0,323454699407282 
 0,364098221845893 
 0,356477561388654 
 0,418289585097375 
 0,362404741744284 
 0,339542760372566 
 0,144792548687553 
 0,154106689246401 
 0,148179508890771 
 0,152413209144793 
 0,136325148179509 
 0,144792548687553 
 0,114309906858594 
 0,11346316680779 
 0,112616426756986 
 0,111769686706181 
 0,116003386960203 
 0,138865368331922 
 0,147332768839966 
 0,146486028789162 
 0,149872988992379 
 0,143945808636749 
 0,143099068585944 
 0,41151566469094 
 0,408128704487722 
 0,404741744284505 
 0,401354784081287 
 0,397967823878069 
 0,114309906858594 
 0,104149026248942 
 9,90685859441152E-02 
 0,110922946655377 
 0,12701100762066 
 0,121930567315834 
 0,128704487722269 
 0,123624047417443 
 0,3268416596105 
 0,351397121083827 
 0,34801016088061 
 0,348856900931414 
 0,349703640982218 
 0,3268416596105 
 0,3268416596105 
 0,324301439458086 
 0,354784081287045 
 0,350550381033023 
 0,27688399661304 
 0,277730736663844 
 0,259949195596952 
 0,175275190516511 
 0,24047417442845 
 0,272650296359018 
 0,270110076206605 
 0,187976291278577 
 0,169348010160881 
 0,180355630821338 
 0,168501270110076 
 0,169348010160881 
 0,289585097375106 
 0,260795935647756 
 0,260795935647756 
 0,260795935647756 
 0,263336155800169 
 0,265876375952583 
 0,149026248941575 
 0,149872988992379 
 0,162574089754445 
 0,145639288738357 
 0,154953429297206 
 0,144792548687553 
 0,150719729043184 
 0,156646909398815 
 0,156646909398815 
 0,172734970364098 
 0,157493649449619 
 0,254022015241321 
 0,249788314987299 
 0,246401354784081 
 0,242167654530059 
 0,237933954276037 
 0,233700254022015 
 0,230313293818798 
 0,226079593564776 
 0,221845893310754 
 0,217612193056732 
 0,214225232853514 
 0,209991532599492 
 0,20575783234547 
 0,201524132091448 
 0,19813717188823 
 0,193903471634208 
 0,189669771380186 
 0,186282811176969 
 0,182049110922947 
 0,177815410668925 
 0,174428450465707 
 0,170194750211685 
 0,165961049957663 
 0,162574089754445 
 0,158340389500423 
 0,154106689246401 
 0,150719729043184 
 0,146486028789162 
 0,143099068585944 
 0,138865368331922 
 0,135478408128704 
 0,131244707874682 
 9,06011854360711E-02 
 8,38272650296359E-02 
 7,79000846740051E-02 
 7,53598645215919E-02 
 6,43522438611346E-02 
 7,87468247248095E-02 
 7,87468247248095E-02 
 7,62066045723963E-02 
 7,11261642675699E-02 
 7,19729043183743E-02 
 0,069432684165961 
 6,77392040643522E-02 
 7,02794242167655E-02 
 6,77392040643522E-02 
 6,43522438611346E-02 
 0,060965283657917 
 5,84250635055038E-02 
 5,50381033022862E-02 
 0,044030482641829 
 5,33446232006774E-02 
 5,08044030482642E-02 
 4,65707027942422E-02 
 4,06435224386113E-02 
 3,72565622353937E-02 
 3,55630821337849E-02 
 3,30228619813717E-02 
 3,13293818797629E-02 
 2,96359017781541E-02 
 2,70956816257409E-02 
 2,03217612193057E-02 
 1,94750211685013E-02 
 1,69348010160881E-02 
 1,52413209144793E-02 
 1,86282811176969E-02 
 8,46740050804403E-03 
 6,77392040643522E-03 
 7,62066045723963E-03 
 6,77392040643522E-03 
 5,92718035563082E-03 
 5,08044030482642E-03 
 6,77392040643522E-03 
 5,92718035563082E-03 
 5,08044030482642E-03 
 3,38696020321761E-03 
 3,38696020321761E-03 
 2,54022015241321E-03 
 1,69348010160881E-03 
 1,69348010160881E-03 
 8,46740050804403E-04 
 8,46740050804403E-04 
 0 
 0 
 0 
 0 
 0 
 0 
 0 
 0 
 0 
 0 
 0 
 0 
 0 
 0 
 0 
 0 
 0 
 0 
 0 
 0 
 0 
 0 
 0 
 0 
 0 
 0 
 0 
 0 
 0 
 0 
 0 
 0 
 0 
 0 
 0 
 0 
 0 
 0 
 0 
 0 
 0 
 0 
 0 
 0 
 0 
 0 
 0 
 0 
 0 
 0 
 0 
 0 
 0 
 0 
 0 
 0 
 0 
 0 
 0 
 0 
 0 
 0 
 0 
 0 
 0 
 0 
 0 
 0 
 0 
 0 
 0 
 0 
 0 
 0 
 0 
 0 
 0 
 0 
 0 
 0 
 0 
 0 
 0 
 0 
 0 
 0 
 0 
 0 
 0 
 0 
 0 
 0 
 0 
 0 
 0 
 0 
 0 
 0 
 0 
 0 
 0 
 0 
 0 
 0 
 0 
 0 
 0 
 0 
 0 
 0 
 0 
 0 
 0 
 0 
 0 
 0 
 0 
 0 
 0 
 0 
 0 
 0 
 0 
 0 
 0 
 0 
 0 
 0 
 0 
 0 
 0 
 0 
 0 
 0 
 0 
 0 
 0 
 0 
 0 
 0 
 0 
 0 
 0 
 0 
 0 
 0 
 0 
 0 
 0 
 0 
 0 
 0 
 0 
 0 
 0 
 0 
 0 
 0 
 0 
 0 
 0 
 0 
 0 
 0 
 0 
 0 
 0 
 0 
 0 
 0 
 0 
 0 
 0 
 0 
 0 
 0 
 0 
 0 
 0 
 0 
 0 
 0 
 0 
 0 
 0 
 0 
 0 
 0 
 0 
 0 
 0 
 0 
 0 
 0 
 0 
 0 
 0 
 0 
 0 
 0 
 0 
 0 
 0 
 0 
 0 
 0 
 0 
 0 
 0 
 0 
 0 
 0 
 0 
 0 
 0 
 0 
 0 
 0 
 0 
 0 
 0 
 0 
 0 
 0 
 0 
 0 
 0 
 0 
 0 
 0 
 0 
 0 
 0 
 0 
 0 
 0 
 0 
 0 
 0 
 0 
 0 
 0 
 0 
 0 
 0 
 0 
 0 
 0 
 0 
 0 
 0 
 0 
 0 
 0 
 0 
 0 
 0 
 0 
 0 
 0 
 0 
 0 
 0 
 0 
 0 
 0 
 0 
 0 
 0 
 0 
 0 
 0 
 0 
 0 
 0 
 0 
 0 
 0 
 0 
 0 
 0 
 0 
 0 
 0 
 0 
 0 
 0 
 0 
 0 
 0 
 0 
 0 
 0 
 0 
 0 
 0 
 0 
 0 
 0 
 0 
 0 
 0 
 0 
 0 
 0 
 0 
 0 
 0 
 0 
 0 
 0 
