 0 
 0 
 0 
 0 
 0 
 0 
 0 
 0 
 0 
 0 
 0 
 0 
 0 
 0 
 0 
 0 
 0 
 0 
 0 
 0 
 0 
 0 
 0 
 0 
 0 
 0 
 0 
 0 
 0 
 0 
 0 
 0 
 0 
 0 
 0 
 0 
 0 
 0 
 0 
 0 
 0 
 0 
 0 
 0 
 0 
 0 
 0 
 0 
 0 
 0 
 0 
 0 
 0 
 0 
 0 
 0 
 0 
 0 
 0 
 0 
 0 
 0 
 0 
 0 
 0 
 0 
 0 
 0 
 0 
 0 
 0 
 0 
 0 
 0 
 0 
 0 
 0 
 0 
 0 
 0 
 0 
 0 
 0 
 0 
 0 
 0 
 0 
 0 
 0 
 0 
 0 
 0 
 0 
 0 
 0 
 0 
 0 
 0 
 0 
 0 
 0 
 0 
 0 
 0 
 0 
 0 
 0 
 0 
 0 
 0 
 0 
 0 
 0 
 0 
 0 
 0 
 0 
 0 
 0 
 0 
 0 
 0 
 0 
 0 
 0 
 0 
 0 
 0 
 0 
 0 
 0 
 0 
 0 
 0 
 0 
 0 
 0 
 0 
 0 
 0 
 0 
 0 
 0 
 0 
 0 
 0 
 0 
 0 
 0 
 0 
 0 
 0 
 0 
 0 
 0 
 0 
 0 
 0 
 0 
 0 
 0 
 0 
 0 
 0 
 0 
 0 
 0 
 0 
 0 
 0 
 0 
 0 
 0 
 0 
 0 
 0 
 0 
 0 
 0 
 0 
 0 
 0 
 0 
 0 
 0 
 0 
 0 
 0 
 0 
 0 
 0 
 0 
 0 
 0 
 0 
 0 
 0 
 0 
 0 
 0 
 0 
 0 
 0 
 0 
 0 
 0 
 0 
 0 
 0 
 0 
 0 
 0 
 0 
 0 
 0 
 0 
 0 
 0 
 0 
 0 
 0 
 0 
 0 
 0 
 0 
 0 
 0 
 0 
 0 
 0 
 0 
 0 
 0 
 0 
 0 
 0 
 0 
 0 
 0 
 0 
 0 
 0 
 0 
 0 
 0 
 0 
 0 
 0 
 0 
 0 
 0 
 0 
 0 
 0 
 0 
 0 
 0 
 0 
 0 
 0 
 0 
 0 
 0 
 0 
 0 
 0 
 0 
 0 
 0 
 0 
 0 
 0 
 0 
 0 
 0 
 0 
 0 
 0 
 0 
 0 
 0 
 0 
 0 
 0 
 0 
 0 
 0 
 0 
 0 
 0 
 0 
 0 
 0 
 0 
 0 
 0 
 0 
 0 
 0 
 0 
 0 
 0 
 0 
 0 
 0 
 0 
 0 
 0 
 0 
 0 
 0 
 0 
 0 
 0 
 0 
 0 
 0 
 0 
 0 
 0 
 0 
 0 
 0 
 0 
 0 
 0 
 0 
 0 
 0 
 0 
 0 
 0 
 0 
 0 
 0 
 0 
 0 
 0 
 0 
 0 
 0 
 0 
 0 
 0 
 0 
 0 
 0 
 0 
 0 
 0 
 0 
 0 
 0 
 0 
 0 
 0 
 0 
 0 
 0 
 0 
 0 
 0 
 0 
 0 
 0 
 0 
 0 
 0 
 0 
 0 
 0 
 0 
 0 
 0 
 0 
 0 
 0 
 0 
 0 
 0 
 0 
 0 
 0 
 0 
 0 
 0 
 0 
 0 
 0 
 0 
 0 
 0 
 0 
 0 
 0 
 0 
 0 
 0 
 0 
 0 
 0 
 0 
 0 
 0 
 0 
 0 
 0 
 0 
 0 
 0 
 0 
 0 
 0 
 0 
 0 
 0 
 0 
 0 
 0 
 0 
 0 
 0 
 0 
 0 
 0 
 0 
 0 
 0 
 0 
 0 
 0 
 0 
 0 
 0 
 0 
 0 
 8,46740050804403E-04 
 8,46740050804403E-04 
 8,46740050804403E-04 
 2,54022015241321E-03 
 2,54022015241321E-03 
 3,38696020321761E-03 
 4,23370025402202E-03 
 5,08044030482642E-03 
 6,77392040643522E-03 
 6,77392040643522E-03 
 8,46740050804403E-03 
 1,35478408128704E-02 
 1,52413209144793E-02 
 1,69348010160881E-02 
 1,86282811176969E-02 
 2,03217612193057E-02 
 2,54022015241321E-02 
 2,79424216765453E-02 
 3,04826418289585E-02 
 3,30228619813717E-02 
 3,55630821337849E-02 
 3,89500423370025E-02 
 4,06435224386113E-02 
 4,31837425910246E-02 
 4,65707027942422E-02 
 4,91109229466554E-02 
 5,16511430990686E-02 
 5,50381033022862E-02 
 5,92718035563082E-02 
 6,26587637595258E-02 
 6,60457239627434E-02 
 6,68924640135478E-02 
 7,28196443691787E-02 
 7,62066045723963E-02 
 7,95935647756139E-02 
 8,29805249788315E-02 
 8,63674851820491E-02 
 9,06011854360711E-02 
 9,39881456392887E-02 
 9,73751058425063E-02 
 0,100762066045724 
 0,104995766299746 
 0,108382726502964 
 0,111769686706181 
 0,116003386960203 
 0,119390347163421 
 0,123624047417443 
 0,12701100762066 
 0,131244707874682 
 0,1346316680779 
 0,138865368331922 
 0,14225232853514 
 0,146486028789162 
 0,149872988992379 
 0,121930567315834 
 4,74174428450466E-02 
 4,65707027942422E-02 
 4,99576629974598E-02 
 5,41913632514818E-02 
 5,75783234546994E-02 
 5,16511430990686E-02 
 5,08044030482642E-02 
 5,16511430990686E-02 
 0,056731583403895 
 5,84250635055038E-02 
 5,92718035563082E-02 
 6,60457239627434E-02 
 6,77392040643522E-02 
 6,68924640135478E-02 
 7,02794242167655E-02 
 7,62066045723963E-02 
 7,28196443691787E-02 
 0,218458933107536 
 0,225232853513971 
 0,216765453005927 
 0,21337849280271 
 0,217612193056732 
 0,223539373412362 
 0,21930567315834 
 0,225232853513971 
 0,21930567315834 
 0,259102455546147 
 0,259949195596952 
 0,261642675698561 
 0,262489415749365 
 0,263336155800169 
 0,259102455546147 
 0,285351397121084 
 0,289585097375106 
 0,293818797629128 
 0,29805249788315 
 0,301439458086367 
 0,305673158340389 
 0,309906858594412 
 0,313293818797629 
 0,317527519051651 
 0,321761219305673 
 0,325148179508891 
 0,329381879762913 
 0,333615580016935 
 0,337849280270957 
 0,341236240474174 
 0,345469940728196 
 0,348856900931414 
 0,353090601185436 
 0,357324301439458 
 0,360711261642676 
 0,364944961896698 
 0,36917866215072 
 0,372565622353937 
 0,376799322607959 
 0,380186282811177 
 0,384419983065199 
 0,388653683319221 
 0,392040643522439 
 0,396274343776461 
 0,399661303979678 
 0,4038950042337 
 0,407281964436918 
 0,41151566469094 
 0,414902624894157 
 0,41913632514818 
 0,422523285351397 
 0,25571549534293 
 0,292972057578323 
 0,295512277730737 
 0,437764606265876 
 0,441998306519898 
 0,445385266723116 
 0,448772226926334 
 0,453005927180356 
 0,456392887383573 
 0,460626587637595 
 0,464013547840813 
 0,46740050804403 
 0,471634208298052 
 0,47502116850127 
 0,478408128704488 
 0,48264182895851 
 0,486028789161727 
 0,489415749364945 
 0,492802709568163 
 0,481795088907705 
 0,480101608806097 
 0,448772226926334 
 0,451312447078747 
 0,454699407281964 
 0,442845046570703 
 0,445385266723116 
 0,391193903471634 
 0,383573243014395 
 0,528365791701948 
 0,531752751905165 
 0,535139712108383 
 0,5385266723116 
 0,542760372565622 
 0,54614733276884 
 0,549534292972058 
 0,552921253175275 
 0,556308213378493 
 0,55969517358171 
 0,563082133784928 
 0,566469093988146 
 0,569009314140559 
 0,572396274343776 
 0,575783234546994 
 0,579170194750212 
 0,582557154953429 
 0,585944115156647 
 0,589331075359865 
 0,592718035563082 
 0,595258255715495 
 0,598645215918713 
 0,5961049957663 
 0,605419136325148 
 0,608806096528366 
 0,611346316680779 
 0,614733276883997 
 0,618120237087214 
 0,620660457239627 
 0,624047417442845 
 0,43268416596105 
 0,428450465707028 
 0,360711261642676 
 0,413209144792549 
 0,39034716342083 
 0,436917866215072 
 0,41913632514818 
 0,45385266723116 
 0,449618966977138 
 0,451312447078747 
 0,473327688399661 
 0,402201524132091 
 0,530059271803556 
 0,53259949195597 
 0,535139712108383 
 0,469940728196444 
 0,472480948348857 
 0,480948348856901 
 0,558001693480102 
 0,55969517358171 
 0,555461473327688 
 0,564775613886537 
 0,566469093988146 
 0,569009314140559 
 0,563928873835732 
 0,55969517358171 
 0,561388653683319 
 0,549534292972058 
 0,636748518204911 
 0,64606265876376 
 0,648602878916173 
 0,714648602878916 
 0,717188823031329 
 0,719729043183743 
 0,722269263336156 
 0,724809483488569 
 0,727349703640982 
 0,729889923793395 
 0,732430143945809 
 0,705334462320068 
 0,671464860287892 
 0,68839966130398 
 0,742591024555461 
 0,745131244707875 
 0,746824724809483 
 0,749364944961897 
 0,75190516511431 
 0,754445385266723 
 0,756138865368332 
 0,758679085520745 
 0,53259949195597 
 0,534292972057578 
 0,543607112616427 
 0,437764606265876 
 0,423370025402202 
 0,478408128704488 
 0,58848433530906 
 0,527519051651143 
 0,536833192209991 
 0,397967823878069 
 0,4614733276884 
 0,423370025402202 
 0,448772226926334 
 0,441998306519898 
 0,435224386113463 
 0,443691786621507 
 0,429297205757832 
 0,414055884843353 
 0,495342929720576 
 0,504657070279424 
 0,545300592718036 
 0,418289585097375 
 0,362404741744284 
 0,363251481795089 
 0,388653683319221 
 0,389500423370025 
 0,528365791701948 
 0,570702794242168 
 0,563928873835732 
 0,573243014394581 
 0,640135478408129 
 0,633361558001693 
 0,634208298052498 
 0,363251481795089 
 0,371718882303133 
 0,364944961896698 
 0,373412362404742 
 0,374259102455546 
 0,333615580016935 
 0,325994919559695 
 0,351397121083827 
 0,352243861134632 
 0,360711261642676 
 0,353090601185436 
 0,387806943268417 
 0,312447078746825 
 0,312447078746825 
 0,558848433530906 
 0,551227773073666 
 0,543607112616427 
 0,552921253175275 
 0,5961049957663 
 0,571549534292972 
 0,614733276883997 
 0,581710414902625 
 0,574089754445385 
 0,583403895004234 
 0,635901778154107 
 0,550381033022862 
 0,508044030482642 
 0,663844199830652 
 0,682472480948349 
 0,683319220999153 
 0,684165961049958 
 0,685012701100762 
 0,685859441151566 
 0,686706181202371 
 0,678238780694327 
 0,679085520745131 
 0,645215918712955 
 0,610499576629975 
 0,742591024555461 
 0,760372565622354 
 0,770533446232007 
 0,876375952582557 
 0,876375952582557 
 0,877222692633362 
 0,878069432684166 
 0,87891617273497 
 0,879762912785775 
 0,880609652836579 
 0,881456392887384 
 0,882303132938188 
 0,882303132938188 
 0,883149872988992 
 0,715495342929721 
 0,787468247248095 
 0,884843353090601 
 0,885690093141406 
 0,885690093141406 
 0,88653683319221 
 0,887383573243014 
 0,887383573243014 
 0,888230313293819 
 0,692633361558002 
 0,693480101608806 
 0,560541913632515 
 0,52497883149873 
 0,507197290431837 
 0,507197290431837 
 0,507197290431837 
 0,685859441151566 
 0,685859441151566 
 0,650296359017781 
 0,606265876375953 
 0,561388653683319 
 0,58848433530906 
 0,606265876375953 
 0,454699407281964 
 0,678238780694327 
 0,705334462320068 
 0,615580016934801 
 0,580016934801016 
 0,55376799322608 
 0,55376799322608 
 0,535139712108383 
 0,428450465707028 
 0,44623200677392 
 0,44623200677392 
 0,428450465707028 
 0,41913632514818 
 0,41913632514818 
 0,464013547840813 
 0,196443691786621 
 0,232006773920406 
 0,232006773920406 
 0,232006773920406 
 0,232006773920406 
 0,231160033869602 
 0,24047417442845 
 0,24047417442845 
 0,24047417442845 
 0,222692633361558 
 0,221845893310754 
 0,221845893310754 
 0,21337849280271 
 0,21337849280271 
 0,212531752751905 
 0,221845893310754 
 0,194750211685013 
 0,186282811176969 
 0,300592718035563 
 0,300592718035563 
 0,282811176968671 
 0,256562235393734 
 0,282811176968671 
 0,273497036409822 
 0,29043183742591 
 0,29043183742591 
 0,308213378492803 
 0,29043183742591 
 0,289585097375106 
 0,289585097375106 
 0,29805249788315 
 0,342082980524979 
 0,349703640982218 
 0,358171041490262 
 0,41913632514818 
 0,409822184589331 
 0,331075359864522 
 0,304826418289585 
 0,295512277730737 
 0,295512277730737 
 0,286198137171888 
 0,268416596104996 
 0,242167654530059 
 0,346316680779001 
 0,337002540220152 
 0,525825571549534 
 0,568162574089754 
 0,568162574089754 
 0,627434377646063 
 0,635055038103302 
 0,805249788314987 
 0,812870448772227 
 0,512277730736664 
 0,520745131244708 
 0,5961049957663 
 0,586790855207451 
 0,653683319220999 
 0,661303979678239 
 0,635055038103302 
 0,600338696020322 
 0,607112616426757 
 0,623200677392041 
 0,639288738357324 
 0,671464860287892 
 0,821337849280271 
 0,811176968670618 
 0,75190516511431 
 0,767146486028789 
 0,832345469940728 
 0,830651989839119 
 0,828958509737511 
 0,785774767146486 
 0,70194750211685 
 0,700254022015241 
 0,690939881456393 
 0,689246401354784 
 0,687552921253175 
 0,686706181202371 
 0,685012701100762 
 0,651143099068586 
 0,649449618966977 
 0,583403895004234 
 0,622353937341236 
 0,636748518204911 
 0,772226926333616 
 0,722269263336156 
 0,720575783234547 
 0,718882303132938 
 0,749364944961897 
 0,342082980524979 
 0,364944961896698 
 0,767146486028789 
 0,789161727349704 
 0,78662150719729 
 0,784928027095682 
 0,783234546994073 
 0,78069432684166 
 0,779000846740051 
 0,776460626587638 
 0,774767146486029 
 0,772226926333616 
 0,770533446232007 
 0,767993226079594 
 0,76545300592718 
 0,763759525825571 
 0,761219305673158 
 0,758679085520745 
 0,756985605419136 
 0,754445385266723 
 0,75190516511431 
 0,749364944961897 
 0,747671464860288 
 0,745131244707875 
 0,742591024555461 
 0,740050804403048 
 0,737510584250635 
 0,735817104149026 
 0,733276883996613 
 0,7307366638442 
 0,728196443691787 
 0,725656223539373 
 0,72311600338696 
 0,720575783234547 
 0,718035563082134 
 0,715495342929721 
 0,712955122777307 
 0,710414902624894 
 0,707874682472481 
 0,704487722269263 
 0,70194750211685 
 0,699407281964437 
 0,696867061812024 
 0,69432684165961 
 0,691786621507197 
 0,68839966130398 
 0,685859441151566 
 0,683319220999153 
 0,68077900084674 
 0,677392040643522 
 0,674851820491109 
 0,672311600338696 
 0,668924640135478 
 0,666384419983065 
 0,662997459779848 
 0,587637595258256 
 0,585097375105842 
 0,582557154953429 
 0,364944961896698 
 0,370025402201524 
 0,329381879762913 
 0,34038950042337 
 0,300592718035563 
 0,337849280270957 
 0,380186282811177 
 0,302286198137172 
 0,314140558848434 
 0,412362404741744 
 0,409822184589331 
 0,414055884843353 
 0,405588484335309 
 0,453005927180356 
 0,462320067739204 
 0,45385266723116 
 0,452159187129551 
 0,527519051651143 
 0,518204911092295 
 0,426756985605419 
 0,459779847586791 
 0,23454699407282 
 0,238780694326842 
 0,237933954276037 
 0,242167654530059 
 0,206604572396274 
 0,210838272650296 
 0,19813717188823 
 0,191363251481795 
 0,218458933107536 
 0,222692633361558 
 0,215918712955123 
 0,258255715495343 
 0,256562235393734 
 0,254868755292125 
 0,441998306519898 
 0,418289585097375 
 0,34038950042337 
 0,333615580016935 
 0,341236240474174 
 0,313293818797629 
 0,342082980524979 
 0,350550381033023 
 0,444538526672312 
 0,441998306519898 
 0,438611346316681 
 0,430990685859441 
 0,417442845046571 
 0,404741744284505 
 0,392040643522439 
 0,408128704487722 
 0,405588484335309 
 0,436071126164268 
 0,43268416596105 
 0,429297205757832 
 0,430990685859441 
 0,413209144792549 
 0,386960203217612 
 0,375105842506351 
 0,335309060118544 
 0,337002540220152 
 0,334462320067739 
 0,419983065198984 
 0,416596104995766 
 0,413209144792549 
 0,348856900931414 
 0,328535139712108 
 0,330228619813717 
 0,322607959356478 
 0,145639288738357 
 0,132091447925487 
 0,110076206604572 
 0,109229466553768 
 0,108382726502964 
 0,106689246401355 
 9,39881456392887E-02 
 9,31414055884843E-02 
 8,89077053344623E-02 
 8,38272650296359E-02 
 8,29805249788315E-02 
 8,97544453852667E-02 
 9,22946655376799E-02 
 8,04403048264183E-02 
 7,62066045723963E-02 
 7,87468247248095E-02 
 7,79000846740051E-02 
 7,02794242167655E-02 
 6,60457239627434E-02 
 6,18120237087214E-02 
 5,75783234546994E-02 
 5,33446232006774E-02 
 0,052497883149873 
 5,50381033022862E-02 
 5,50381033022862E-02 
 5,41913632514818E-02 
 4,74174428450466E-02 
 4,65707027942422E-02 
 4,57239627434378E-02 
 4,57239627434378E-02 
 3,89500423370025E-02 
 3,81033022861981E-02 
 3,81033022861981E-02 
 2,87891617273497E-02 
 2,54022015241321E-02 
 3,04826418289585E-02 
 2,70956816257409E-02 
 2,96359017781541E-02 
 2,96359017781541E-02 
 3,13293818797629E-02 
 3,38696020321761E-02 
 3,30228619813717E-02 
 2,96359017781541E-02 
 3,21761219305673E-02 
 3,13293818797629E-02 
 2,87891617273497E-02 
 2,54022015241321E-02 
 2,54022015241321E-02 
 2,70956816257409E-02 
 2,62489415749365E-02 
 2,79424216765453E-02 
 2,54022015241321E-02 
 2,54022015241321E-02 
 2,45554614733277E-02 
 2,62489415749365E-02 
 2,37087214225233E-02 
 2,11685012701101E-02 
 2,11685012701101E-02 
 2,20152413209145E-02 
 2,37087214225233E-02 
 2,45554614733277E-02 
 2,45554614733277E-02 
 2,37087214225233E-02 
 2,28619813717189E-02 
 2,28619813717189E-02 
 2,03217612193057E-02 
 2,20152413209145E-02 
 2,28619813717189E-02 
 2,62489415749365E-02 
 3,72565622353937E-02 
 3,64098221845893E-02 
 3,55630821337849E-02 
 3,38696020321761E-02 
 3,47163420829805E-02 
 3,81033022861981E-02 
 3,64098221845893E-02 
 4,57239627434378E-02 
 4,06435224386113E-02 
 3,81033022861981E-02 
 4,06435224386113E-02 
 4,14902624894158E-02 
 3,89500423370025E-02 
 3,89500423370025E-02 
 5,16511430990686E-02 
 5,08044030482642E-02 
 4,31837425910246E-02 
 4,23370025402202E-02 
 4,48772226926334E-02 
 0,044030482641829 
 4,74174428450466E-02 
 5,84250635055038E-02 
 5,92718035563082E-02 
 5,50381033022862E-02 
 4,99576629974598E-02 
 0,048264182895851 
 4,57239627434378E-02 
 4,31837425910246E-02 
 3,97967823878069E-02 
 2,96359017781541E-02 
 2,45554614733277E-02 
 1,52413209144793E-02 
 1,35478408128704E-02 
 0,012701100762066 
 1,10076206604572E-02 
 8,46740050804403E-03 
 8,46740050804403E-03 
 8,46740050804403E-03 
 7,62066045723963E-03 
 5,92718035563082E-03 
 5,08044030482642E-03 
 4,23370025402202E-03 
 1,01608806096528E-02 
 8,46740050804403E-03 
 5,92718035563082E-03 
 4,23370025402202E-03 
 2,54022015241321E-03 
 1,69348010160881E-03 
 1,69348010160881E-03 
 8,46740050804403E-04 
 8,46740050804403E-04 
 8,46740050804403E-04 
 0 
 0 
 0 
 0 
 0 
 0 
 0 
 0 
 0 
 0 
 0 
 0 
 0 
 0 
 0 
 0 
 0 
 0 
 0 
 0 
 0 
 0 
 0 
 0 
 0 
 0 
 0 
 0 
 0 
 0 
 0 
 0 
 0 
 0 
 0 
 0 
 0 
 0 
 0 
 0 
 0 
 0 
 0 
 0 
 0 
 0 
 0 
 0 
 0 
 0 
 0 
 0 
 0 
 0 
 0 
 0 
 0 
 0 
 0 
 0 
 0 
 0 
 0 
 0 
 0 
 0 
 0 
 0 
 0 
 0 
 0 
 0 
 0 
 0 
 0 
 0 
 0 
 0 
 0 
 0 
 0 
 0 
 0 
 0 
 0 
 0 
 0 
 0 
 0 
 0 
 0 
 0 
 0 
 0 
 0 
 0 
 0 
 0 
 0 
 0 
 0 
 0 
 0 
 0 
 0 
 0 
 0 
 0 
 0 
 0 
 0 
 0 
 0 
 0 
 0 
 0 
 0 
 0 
 0 
 0 
 0 
 0 
 0 
 0 
 0 
 0 
 0 
 0 
 0 
 0 
 0 
 0 
 0 
 0 
 0 
 0 
 0 
 0 
 0 
 0 
 0 
 0 
 0 
 0 
 0 
 0 
 0 
 0 
 0 
 0 
 0 
 0 
 0 
 0 
 0 
 0 
 0 
 0 
 0 
 0 
 0 
 0 
 0 
 0 
 0 
 0 
 0 
 0 
 0 
 0 
 0 
 0 
 0 
 0 
 0 
 0 
 0 
 0 
 0 
 0 
 0 
 0 
 0 
 0 
 0 
 0 
 0 
 0 
 0 
 0 
 0 
 0 
 0 
 0 
 0 
 0 
 0 
 0 
 0 
 0 
 0 
 0 
 0 
 0 
 0 
 0 
 0 
 0 
 0 
 0 
 0 
 0 
 0 
 0 
 0 
 0 
 0 
 0 
 0 
 0 
 0 
 0 
 0 
 0 
 0 
 0 
 0 
 0 
 0 
 0 
 0 
 0 
 0 
 0 
 0 
 0 
 0 
 0 
 0 
 0 
 0 
 0 
 0 
 0 
 0 
 0 
 0 
 0 
 0 
 0 
 0 
 0 
 0 
 0 
 0 
 0 
 0 
 0 
 0 
 0 
 0 
 0 
 0 
 0 
 0 
 0 
 0 
 0 
 0 
 0 
 0 
 0 
 0 
 0 
 0 
 0 
 0 
 0 
 0 
 0 
 0 
 0 
 0 
 0 
 0 
 0 
 0 
 0 
 0 
 0 
 0 
 0 
 0 
 0 
 0 
 0 
 0 
 0 
 0 
 0 
 0 
 0 
 0 
 0 
 0 
 0 
 0 
 0 
 0 
 0 
 0 
 0 
 0 
