 0 
 0 
 0 
 0 
 0 
 0 
 0 
 0 
 0 
 0 
 0 
 0 
 0 
 0 
 0 
 0 
 0 
 0 
 0 
 0 
 0 
 0 
 0 
 0 
 0 
 0 
 0 
 0 
 0 
 0 
 0 
 0 
 0 
 0 
 0 
 0 
 0 
 0 
 0 
 0 
 0 
 0 
 0 
 0 
 0 
 0 
 0 
 0 
 0 
 0 
 0 
 0 
 0 
 0 
 0 
 0 
 0 
 0 
 0 
 0 
 0 
 0 
 0 
 0 
 0 
 0 
 0 
 0 
 0 
 0 
 0 
 0 
 0 
 0 
 0 
 0 
 0 
 0 
 0 
 0 
 0 
 0 
 0 
 0 
 0 
 0 
 0 
 0 
 0 
 0 
 0 
 0 
 0 
 0 
 0 
 0 
 0 
 0 
 0 
 0 
 0 
 0 
 0 
 0 
 0 
 0 
 0 
 0 
 0 
 0 
 0 
 0 
 0 
 0 
 0 
 0 
 0 
 0 
 0 
 0 
 0 
 0 
 0 
 0 
 0 
 0 
 0 
 0 
 0 
 0 
 0 
 0 
 0 
 0 
 0 
 0 
 0 
 0 
 0 
 0 
 0 
 0 
 0 
 0 
 0 
 0 
 0 
 0 
 0 
 0 
 0 
 0 
 0 
 0 
 0 
 0 
 0 
 0 
 0 
 0 
 0 
 0 
 0 
 0 
 0 
 0 
 0 
 0 
 0 
 0 
 0 
 0 
 0 
 0 
 0 
 0 
 0 
 0 
 0 
 0 
 0 
 0 
 0 
 0 
 0 
 0 
 0 
 0 
 0 
 0 
 0 
 0 
 0 
 0 
 0 
 0 
 0 
 0 
 0 
 0 
 0 
 0 
 0 
 0 
 0 
 0 
 0 
 0 
 0 
 0 
 0 
 0 
 0 
 0 
 0 
 0 
 0 
 0 
 0 
 0 
 0 
 0 
 0 
 0 
 0 
 0 
 0 
 0 
 0 
 0 
 0 
 0 
 0 
 0 
 0 
 0 
 0 
 0 
 0 
 0 
 0 
 0 
 0 
 0 
 0 
 0 
 0 
 0 
 0 
 0 
 0 
 0 
 0 
 0 
 0 
 0 
 0 
 0 
 0 
 0 
 0 
 0 
 0 
 0 
 0 
 0 
 0 
 0 
 0 
 0 
 0 
 0 
 0 
 0 
 0 
 0 
 0 
 0 
 0 
 0 
 0 
 0 
 0 
 0 
 0 
 0 
 0 
 0 
 0 
 0 
 0 
 0 
 0 
 0 
 0 
 0 
 0 
 0 
 0 
 0 
 0 
 0 
 0 
 0 
 0 
 0 
 0 
 0 
 0 
 0 
 0 
 0 
 0 
 0 
 0 
 0 
 0 
 0 
 0 
 0 
 0 
 0 
 0 
 0 
 0 
 0 
 0 
 0 
 0 
 0 
 0 
 0 
 0 
 0 
 0 
 0 
 0 
 0 
 0 
 0 
 0 
 0 
 0 
 0 
 0 
 0 
 0 
 0 
 0 
 0 
 0 
 0 
 0 
 0 
 0 
 0 
 0 
 0 
 0 
 0 
 0 
 0 
 0 
 0 
 0 
 0 
 0 
 0 
 0 
 0 
 0 
 0 
 0 
 0 
 0 
 0 
 0 
 0 
 0 
 0 
 0 
 0 
 0 
 0 
 0 
 0 
 0 
 0 
 0 
 0 
 0 
 0 
 0 
 0 
 0 
 0 
 0 
 0 
 0 
 0 
 0 
 0 
 0 
 0 
 0 
 0 
 0 
 0 
 0 
 0 
 0 
 0 
 0 
 0 
 0 
 0 
 0 
 0 
 0 
 0 
 0 
 0 
 0 
 0 
 0 
 0 
 0 
 0 
 0 
 0 
 0 
 0 
 0 
 0 
 0 
 0 
 0 
 8,46740050804403E-04 
 8,46740050804403E-04 
 8,46740050804403E-04 
 8,46740050804403E-04 
 1,69348010160881E-03 
 5,92718035563082E-03 
 5,92718035563082E-03 
 6,77392040643522E-03 
 8,46740050804403E-03 
 1,01608806096528E-02 
 1,01608806096528E-02 
 1,18543607112616E-02 
 1,35478408128704E-02 
 1,35478408128704E-02 
 1,52413209144793E-02 
 1,77815410668925E-02 
 2,03217612193057E-02 
 2,37087214225233E-02 
 2,54022015241321E-02 
 1,86282811176969E-02 
 2,11685012701101E-02 
 2,37087214225233E-02 
 3,21761219305673E-02 
 3,47163420829805E-02 
 3,55630821337849E-02 
 2,20152413209145E-02 
 2,11685012701101E-02 
 2,20152413209145E-02 
 2,37087214225233E-02 
 2,37087214225233E-02 
 4,74174428450466E-02 
 2,54022015241321E-02 
 2,62489415749365E-02 
 2,62489415749365E-02 
 2,70956816257409E-02 
 3,04826418289585E-02 
 3,13293818797629E-02 
 3,55630821337849E-02 
 7,11261642675699E-02 
 7,28196443691787E-02 
 8,04403048264183E-02 
 8,55207451312447E-02 
 8,38272650296359E-02 
 8,72142252328535E-02 
 8,80609652836579E-02 
 9,39881456392887E-02 
 9,65283657917019E-02 
 9,31414055884843E-02 
 9,39881456392887E-02 
 9,31414055884843E-02 
 8,97544453852667E-02 
 9,48348856900931E-02 
 7,62066045723963E-02 
 0,104995766299746 
 0,100762066045724 
 7,79000846740051E-02 
 8,97544453852667E-02 
 0,111769686706181 
 0,125317527519052 
 0,126164267569856 
 0,123624047417443 
 0,132091447925487 
 0,132938187976291 
 8,72142252328535E-02 
 9,06011854360711E-02 
 0,100762066045724 
 0,104995766299746 
 0,110922946655377 
 0,117696867061812 
 0,119390347163421 
 0,208298052497883 
 0,180355630821338 
 0,183742591024555 
 0,188823031329382 
 0,199830651989839 
 0,203217612193057 
 0,204064352243861 
 0,207451312447079 
 0,21337849280271 
 0,216765453005927 
 0,204064352243861 
 0,212531752751905 
 0,215918712955123 
 0,208298052497883 
 0,191363251481795 
 0,186282811176969 
 0,191363251481795 
 0,124470787468247 
 0,123624047417443 
 0,119390347163421 
 0,117696867061812 
 0,11346316680779 
 0,114309906858594 
 0,116003386960203 
 0,117696867061812 
 0,112616426756986 
 9,39881456392887E-02 
 9,56816257408975E-02 
 9,99153259949196E-02 
 0,104995766299746 
 0,112616426756986 
 0,114309906858594 
 0,118543607112616 
 0,12701100762066 
 0,125317527519052 
 9,73751058425063E-02 
 9,82218458933107E-02 
 9,99153259949196E-02 
 0,100762066045724 
 9,82218458933107E-02 
 9,48348856900931E-02 
 9,22946655376799E-02 
 0,100762066045724 
 0,10584250635055 
 0,110922946655377 
 0,271803556308213 
 0,266723116003387 
 0,2692633361558 
 0,271803556308213 
 0,274343776460627 
 0,284504657070279 
 0,279424216765453 
 0,307366638441998 
 0,305673158340389 
 0,434377646062659 
 0,403048264182896 
 0,441998306519898 
 0,445385266723116 
 0,448772226926334 
 0,453005927180356 
 0,456392887383573 
 0,460626587637595 
 0,464013547840813 
 0,46740050804403 
 0,471634208298052 
 0,47502116850127 
 0,478408128704488 
 0,48264182895851 
 0,486028789161727 
 0,489415749364945 
 0,492802709568163 
 0,497036409822185 
 0,500423370025402 
 0,50381033022862 
 0,507197290431837 
 0,510584250635055 
 0,514817950889077 
 0,518204911092295 
 0,464013547840813 
 0,46740050804403 
 0,470787468247248 
 0,473327688399661 
 0,481795088907705 
 0,485182049110923 
 0,48264182895851 
 0,486028789161727 
 0,510584250635055 
 0,513971210838273 
 0,51735817104149 
 0,525825571549534 
 0,529212531752752 
 0,543607112616427 
 0,541066892464014 
 0,366638441998307 
 0,374259102455546 
 0,364944961896698 
 0,337849280270957 
 0,316680779000847 
 0,364944961896698 
 0,444538526672312 
 0,547840812870449 
 0,557154953429297 
 0,23454699407282 
 0,230313293818798 
 0,237087214225233 
 0,244707874682472 
 0,264182895850974 
 0,265876375952583 
 0,24809483488569 
 0,355630821337849 
 0,370025402201524 
 0,415749364944962 
 0,430990685859441 
 0,528365791701948 
 0,530906011854361 
 0,591024555461473 
 0,58086367485182 
 0,531752751905165 
 0,534292972057578 
 0,536833192209991 
 0,5385266723116 
 0,534292972057578 
 0,530059271803556 
 0,539373412362405 
 0,541913632514818 
 0,543607112616427 
 0,283657917019475 
 0,284504657070279 
 0,271803556308213 
 0,389500423370025 
 0,383573243014395 
 0,330228619813717 
 0,303979678238781 
 0,305673158340389 
 0,418289585097375 
 0,594411515664691 
 0,463166807790008 
 0,471634208298052 
 0,615580016934801 
 0,681625740897544 
 0,669771380186283 
 0,607959356477561 
 0,60965283657917 
 0,612193056731583 
 0,607112616426757 
 0,674005080440305 
 0,676545300592718 
 0,437764606265876 
 0,439458086367485 
 0,463166807790008 
 0,530906011854361 
 0,540220152413209 
 0,519898391193903 
 0,745131244707875 
 0,746824724809483 
 0,749364944961897 
 0,75190516511431 
 0,754445385266723 
 0,756138865368332 
 0,758679085520745 
 0,761219305673158 
 0,762912785774767 
 0,76545300592718 
 0,767993226079594 
 0,769686706181202 
 0,772226926333616 
 0,773920406435224 
 0,776460626587638 
 0,778154106689246 
 0,78069432684166 
 0,782387806943268 
 0,784928027095682 
 0,78662150719729 
 0,789161727349704 
 0,790855207451312 
 0,792548687552921 
 0,78662150719729 
 0,788314987298899 
 0,782387806943268 
 0,392040643522439 
 0,392887383573243 
 0,425910245554615 
 0,443691786621507 
 0,508890770533446 
 0,591024555461473 
 0,746824724809483 
 0,789161727349704 
 0,472480948348857 
 0,514817950889077 
 0,548687552921253 
 0,615580016934801 
 0,633361558001693 
 0,247248094834886 
 0,25571549534293 
 0,24809483488569 
 0,256562235393734 
 0,24047417442845 
 0,249788314987299 
 0,241320914479255 
 0,250635055038103 
 0,259102455546147 
 0,251481795088908 
 0,268416596104996 
 0,2692633361558 
 0,277730736663844 
 0,278577476714649 
 0,270110076206605 
 0,270956816257409 
 0,287891617273497 
 0,322607959356478 
 0,323454699407282 
 0,306519898391194 
 0,238780694326842 
 0,265029635901778 
 0,273497036409822 
 0,616426756985605 
 0,463166807790008 
 0,429297205757832 
 0,430143945808637 
 0,464860287891617 
 0,457239627434378 
 0,466553767993226 
 0,380186282811177 
 0,354784081287045 
 0,329381879762913 
 0,364098221845893 
 0,364944961896698 
 0,364944961896698 
 0,357324301439458 
 0,348856900931414 
 0,348856900931414 
 0,34038950042337 
 0,305673158340389 
 0,270956816257409 
 0,271803556308213 
 0,263336155800169 
 0,245554614733277 
 0,254868755292125 
 0,263336155800169 
 0,264182895850974 
 0,211685012701101 
 0,229466553767993 
 0,237933954276037 
 0,247248094834886 
 0,247248094834886 
 0,247248094834886 
 0,238780694326842 
 0,24809483488569 
 0,256562235393734 
 0,265876375952583 
 0,265876375952583 
 0,275190516511431 
 0,283657917019475 
 0,266723116003387 
 0,239627434377646 
 0,239627434377646 
 0,24047417442845 
 0,222692633361558 
 0,222692633361558 
 0,222692633361558 
 0,222692633361558 
 0,21337849280271 
 0,232006773920406 
 0,232006773920406 
 0,222692633361558 
 0,204911092294666 
 0,204911092294666 
 0,196443691786621 
 0,24047417442845 
 0,222692633361558 
 0,204911092294666 
 0,214225232853514 
 0,214225232853514 
 0,214225232853514 
 0,204911092294666 
 0,187129551227773 
 0,160880609652837 
 0,160880609652837 
 0,160880609652837 
 0,116003386960203 
 0,106689246401355 
 0,106689246401355 
 0,106689246401355 
 8,89077053344623E-02 
 8,04403048264183E-02 
 7,11261642675699E-02 
 7,11261642675699E-02 
 8,04403048264183E-02 
 7,11261642675699E-02 
 7,11261642675699E-02 
 8,04403048264183E-02 
 8,04403048264183E-02 
 8,04403048264183E-02 
 6,18120237087214E-02 
 7,95935647756139E-02 
 0,106689246401355 
 0,106689246401355 
 0,106689246401355 
 0,106689246401355 
 0,115156646909399 
 0,115156646909399 
 0,10584250635055 
 0,115156646909399 
 0,10584250635055 
 0,10584250635055 
 0,115156646909399 
 0,123624047417443 
 0,123624047417443 
 0,132091447925487 
 0,140558848433531 
 0,140558848433531 
 0,140558848433531 
 0,140558848433531 
 0,149026248941575 
 0,166807790008467 
 0,149026248941575 
 0,149026248941575 
 0,121930567315834 
 0,148179508890771 
 0,148179508890771 
 0,148179508890771 
 0,148179508890771 
 0,173581710414903 
 0,173581710414903 
 0,165114309906859 
 0,15580016934801 
 0,138018628281118 
 0,138018628281118 
 0,146486028789162 
 0,138018628281118 
 0,146486028789162 
 0,137171888230313 
 0,137171888230313 
 0,128704487722269 
 0,128704487722269 
 0,127857747671465 
 0,127857747671465 
 0,144792548687553 
 0,144792548687553 
 0,12701100762066 
 0,143945808636749 
 0,143945808636749 
 0,12701100762066 
 0,1346316680779 
 0,143099068585944 
 0,143099068585944 
 0,143099068585944 
 0,133784928027096 
 0,125317527519052 
 0,125317527519052 
 0,125317527519052 
 0,124470787468247 
 0,132938187976291 
 0,132938187976291 
 0,132091447925487 
 0,132091447925487 
 0,123624047417443 
 0,123624047417443 
 0,122777307366638 
 9,82218458933107E-02 
 0,10584250635055 
 0,10584250635055 
 9,73751058425063E-02 
 9,73751058425063E-02 
 9,73751058425063E-02 
 8,89077053344623E-02 
 8,04403048264183E-02 
 8,04403048264183E-02 
 8,04403048264183E-02 
 8,80609652836579E-02 
 9,56816257408975E-02 
 9,56816257408975E-02 
 9,56816257408975E-02 
 9,48348856900931E-02 
 0,102455546147333 
 8,63674851820491E-02 
 7,87468247248095E-02 
 7,87468247248095E-02 
 8,63674851820491E-02 
 8,55207451312447E-02 
 8,55207451312447E-02 
 8,55207451312447E-02 
 9,31414055884843E-02 
 9,22946655376799E-02 
 9,22946655376799E-02 
 9,22946655376799E-02 
 9,22946655376799E-02 
 9,14479254868755E-02 
 9,90685859441152E-02 
 0,10584250635055 
 9,82218458933107E-02 
 9,06011854360711E-02 
 8,29805249788315E-02 
 6,77392040643522E-02 
 6,68924640135478E-02 
 6,68924640135478E-02 
 6,68924640135478E-02 
 5,92718035563082E-02 
 5,92718035563082E-02 
 5,16511430990686E-02 
 0,044030482641829 
 0,044030482641829 
 3,64098221845893E-02 
 3,64098221845893E-02 
 4,31837425910246E-02 
 3,64098221845893E-02 
 2,87891617273497E-02 
 2,87891617273497E-02 
 2,87891617273497E-02 
 2,87891617273497E-02 
 2,79424216765453E-02 
 2,79424216765453E-02 
 2,11685012701101E-02 
 2,11685012701101E-02 
 2,11685012701101E-02 
 2,11685012701101E-02 
 2,03217612193057E-02 
 2,03217612193057E-02 
 2,03217612193057E-02 
 2,03217612193057E-02 
 1,35478408128704E-02 
 1,35478408128704E-02 
 2,03217612193057E-02 
 2,03217612193057E-02 
 2,03217612193057E-02 
 2,03217612193057E-02 
 2,03217612193057E-02 
 1,94750211685013E-02 
 1,94750211685013E-02 
 2,62489415749365E-02 
 3,21761219305673E-02 
 3,89500423370025E-02 
 3,89500423370025E-02 
 3,21761219305673E-02 
 2,54022015241321E-02 
 2,54022015241321E-02 
 3,13293818797629E-02 
 3,13293818797629E-02 
 3,13293818797629E-02 
 3,72565622353937E-02 
 3,72565622353937E-02 
 3,72565622353937E-02 
 3,72565622353937E-02 
 3,04826418289585E-02 
 3,04826418289585E-02 
 2,45554614733277E-02 
 3,04826418289585E-02 
 2,37087214225233E-02 
 2,96359017781541E-02 
 2,96359017781541E-02 
 2,96359017781541E-02 
 2,96359017781541E-02 
 2,87891617273497E-02 
 2,87891617273497E-02 
 2,87891617273497E-02 
 2,87891617273497E-02 
 4,57239627434378E-02 
 4,57239627434378E-02 
 4,48772226926334E-02 
 5,08044030482642E-02 
 5,58848433530906E-02 
 0,044030482641829 
 0,044030482641829 
 4,91109229466554E-02 
 4,91109229466554E-02 
 0,048264182895851 
 0,048264182895851 
 4,23370025402202E-02 
 3,72565622353937E-02 
 4,23370025402202E-02 
 0,052497883149873 
 7,79000846740051E-02 
 7,70533446232007E-02 
 7,19729043183743E-02 
 6,60457239627434E-02 
 7,02794242167655E-02 
 8,55207451312447E-02 
 8,46740050804403E-02 
 8,38272650296359E-02 
 7,87468247248095E-02 
 7,28196443691787E-02 
 7,28196443691787E-02 
 6,26587637595258E-02 
 0,056731583403895 
 0,056731583403895 
 5,58848433530906E-02 
 6,01185436071126E-02 
 5,50381033022862E-02 
 6,85859441151566E-02 
 7,28196443691787E-02 
 8,55207451312447E-02 
 8,89077053344623E-02 
 8,80609652836579E-02 
 9,65283657917019E-02 
 8,72142252328535E-02 
 8,63674851820491E-02 
 8,55207451312447E-02 
 9,31414055884843E-02 
 9,65283657917019E-02 
 9,56816257408975E-02 
 9,06011854360711E-02 
 8,55207451312447E-02 
 8,46740050804403E-02 
 7,62066045723963E-02 
 7,11261642675699E-02 
 6,68924640135478E-02 
 6,60457239627434E-02 
 5,75783234546994E-02 
 5,75783234546994E-02 
 6,01185436071126E-02 
 5,58848433530906E-02 
 5,50381033022862E-02 
 5,08044030482642E-02 
 5,08044030482642E-02 
 4,99576629974598E-02 
 0,056731583403895 
 0,052497883149873 
 5,16511430990686E-02 
 5,50381033022862E-02 
 5,75783234546994E-02 
 6,35055038103302E-02 
 6,26587637595258E-02 
 5,50381033022862E-02 
 0,048264182895851 
 4,48772226926334E-02 
 4,06435224386113E-02 
 4,31837425910246E-02 
 4,57239627434378E-02 
 4,23370025402202E-02 
 3,89500423370025E-02 
 3,55630821337849E-02 
 3,81033022861981E-02 
 3,97967823878069E-02 
 3,13293818797629E-02 
 4,99576629974598E-02 
 0,052497883149873 
 0,048264182895851 
 5,08044030482642E-02 
 4,99576629974598E-02 
 0,056731583403895 
 5,08044030482642E-02 
 0,052497883149873 
 5,16511430990686E-02 
 5,33446232006774E-02 
 0,052497883149873 
 5,41913632514818E-02 
 0,052497883149873 
 5,16511430990686E-02 
 6,68924640135478E-02 
 6,35055038103302E-02 
 6,18120237087214E-02 
 6,68924640135478E-02 
 6,35055038103302E-02 
 6,43522438611346E-02 
 0,065198983911939 
 6,18120237087214E-02 
 0,060965283657917 
 5,75783234546994E-02 
 5,41913632514818E-02 
 5,33446232006774E-02 
 5,41913632514818E-02 
 0,052497883149873 
 4,14902624894158E-02 
 4,06435224386113E-02 
 4,31837425910246E-02 
 4,31837425910246E-02 
 4,06435224386113E-02 
 3,21761219305673E-02 
 2,87891617273497E-02 
 3,04826418289585E-02 
 2,54022015241321E-02 
 2,62489415749365E-02 
 2,28619813717189E-02 
 2,37087214225233E-02 
 2,28619813717189E-02 
 2,28619813717189E-02 
 2,28619813717189E-02 
 2,20152413209145E-02 
 2,11685012701101E-02 
 2,11685012701101E-02 
 2,03217612193057E-02 
 2,03217612193057E-02 
 2,11685012701101E-02 
 2,03217612193057E-02 
 2,28619813717189E-02 
 2,20152413209145E-02 
 2,11685012701101E-02 
 2,03217612193057E-02 
 2,03217612193057E-02 
 2,03217612193057E-02 
 2,03217612193057E-02 
 1,86282811176969E-02 
 1,60880609652837E-02 
 1,60880609652837E-02 
 1,35478408128704E-02 
 0,012701100762066 
 1,18543607112616E-02 
 1,18543607112616E-02 
 1,10076206604572E-02 
 1,01608806096528E-02 
 9,31414055884843E-03 
 9,31414055884843E-03 
 8,46740050804403E-03 
 9,31414055884843E-03 
 8,46740050804403E-03 
 7,62066045723963E-03 
 6,77392040643522E-03 
 5,92718035563082E-03 
 5,08044030482642E-03 
 5,08044030482642E-03 
 4,23370025402202E-03 
 3,38696020321761E-03 
 2,54022015241321E-03 
 2,54022015241321E-03 
 1,69348010160881E-03 
 2,54022015241321E-03 
 2,54022015241321E-03 
 8,46740050804403E-04 
 8,46740050804403E-04 
 8,46740050804403E-04 
 8,46740050804403E-04 
 0 
 0 
 0 
 0 
 0 
 0 
 0 
 0 
 0 
 0 
 0 
 0 
 0 
 0 
 0 
 0 
 0 
 0 
 0 
 0 
 0 
 0 
 0 
 0 
 0 
 0 
 0 
 0 
 0 
 0 
 0 
 0 
 0 
 0 
 0 
 0 
 0 
 0 
 0 
 0 
 0 
 0 
 0 
 0 
 0 
 0 
 0 
 0 
 0 
 0 
 0 
 0 
 0 
 0 
 0 
 0 
 0 
 0 
 0 
 0 
 0 
 0 
 0 
 0 
 0 
 0 
 0 
 0 
 0 
 0 
 0 
 0 
 0 
 0 
 0 
 0 
 0 
 0 
 0 
 0 
 0 
 0 
 0 
 0 
 0 
 0 
 0 
 0 
 0 
 0 
 0 
 0 
 0 
 0 
 0 
 0 
 0 
 0 
 0 
 0 
 0 
 0 
 0 
 0 
 0 
 0 
 0 
 0 
 0 
 0 
 0 
 0 
 0 
 0 
 0 
 0 
 0 
 0 
 0 
 0 
 0 
 0 
 0 
 0 
 0 
 0 
 0 
 0 
 0 
 0 
 0 
 0 
 0 
 0 
 0 
 0 
 0 
 0 
 0 
 0 
 0 
 0 
 0 
 0 
 0 
 0 
 0 
 0 
 0 
 0 
 0 
 0 
 0 
 0 
 0 
 0 
 0 
 0 
 0 
 0 
 0 
 0 
 0 
 0 
 0 
 0 
 0 
 0 
 0 
 0 
 0 
 0 
 0 
 0 
 0 
 0 
 0 
 0 
 0 
 0 
 0 
 0 
 0 
 0 
 0 
 0 
 0 
 0 
 0 
 0 
 0 
 0 
 0 
 0 
 0 
 0 
 0 
 0 
 0 
 0 
 0 
 0 
 0 
 0 
 0 
 0 
 0 
 0 
 0 
 0 
 0 
 0 
 0 
 0 
 0 
 0 
 0 
 0 
 0 
 0 
 0 
 0 
 0 
 0 
 0 
 0 
 0 
 0 
 0 
 0 
 0 
 0 
 0 
 0 
 0 
 0 
 0 
 0 
 0 
 0 
 0 
 0 
 0 
 0 
 0 
 0 
 0 
 0 
 0 
 0 
 0 
 0 
 0 
 0 
 0 
 0 
 0 
 0 
 0 
 0 
 0 
 0 
 0 
 0 
 0 
 0 
 0 
 0 
 0 
 0 
 0 
 0 
 0 
 0 
 0 
 0 
 0 
 0 
 0 
 0 
 0 
 0 
 0 
 0 
 0 
 0 
 0 
 0 
 0 
 0 
 0 
 0 
 0 
 0 
 0 
 0 
 0 
 0 
 0 
 0 
 0 
 0 
 0 
 0 
 0 
 0 
 0 
 0 
 0 
 0 
 0 
 0 
