 0 
 0 
 0 
 0 
 0 
 0 
 0 
 0 
 0 
 0 
 0 
 0 
 0 
 0 
 0 
 0 
 0 
 0 
 0 
 0 
 0 
 0 
 0 
 0 
 0 
 0 
 0 
 0 
 0 
 0 
 0 
 0 
 0 
 0 
 0 
 0 
 0 
 0 
 0 
 0 
 0 
 0 
 0 
 0 
 0 
 0 
 0 
 0 
 0 
 0 
 0 
 0 
 0 
 0 
 0 
 0 
 0 
 0 
 0 
 0 
 0 
 0 
 0 
 0 
 0 
 0 
 0 
 0 
 0 
 0 
 0 
 0 
 0 
 0 
 0 
 0 
 0 
 0 
 0 
 0 
 0 
 0 
 0 
 0 
 0 
 0 
 0 
 0 
 0 
 0 
 0 
 0 
 0 
 0 
 0 
 0 
 0 
 0 
 0 
 0 
 0 
 0 
 0 
 0 
 0 
 0 
 0 
 0 
 0 
 0 
 0 
 0 
 0 
 0 
 0 
 0 
 0 
 0 
 0 
 0 
 0 
 0 
 0 
 0 
 0 
 0 
 0 
 0 
 0 
 0 
 0 
 0 
 0 
 0 
 0 
 0 
 0 
 0 
 0 
 0 
 0 
 0 
 0 
 0 
 0 
 0 
 0 
 0 
 0 
 0 
 0 
 0 
 0 
 0 
 0 
 0 
 0 
 0 
 0 
 0 
 0 
 0 
 0 
 0 
 0 
 0 
 0 
 0 
 0 
 0 
 0 
 0 
 0 
 0 
 0 
 0 
 0 
 0 
 0 
 0 
 0 
 0 
 0 
 0 
 0 
 0 
 0 
 0 
 0 
 0 
 0 
 0 
 0 
 0 
 0 
 0 
 0 
 0 
 0 
 0 
 0 
 0 
 0 
 0 
 0 
 0 
 0 
 0 
 0 
 0 
 0 
 0 
 0 
 0 
 0 
 0 
 0 
 0 
 0 
 0 
 0 
 0 
 0 
 0 
 0 
 0 
 0 
 0 
 0 
 0 
 0 
 0 
 0 
 0 
 0 
 0 
 0 
 0 
 0 
 0 
 0 
 0 
 0 
 0 
 0 
 0 
 0 
 0 
 0 
 0 
 0 
 0 
 0 
 0 
 0 
 0 
 0 
 0 
 0 
 0 
 0 
 0 
 0 
 0 
 0 
 0 
 0 
 0 
 0 
 0 
 0 
 0 
 0 
 0 
 0 
 0 
 0 
 0 
 0 
 0 
 0 
 0 
 0 
 0 
 0 
 0 
 0 
 0 
 0 
 0 
 0 
 0 
 0 
 0 
 0 
 0 
 0 
 0 
 0 
 0 
 0 
 0 
 0 
 0 
 0 
 0 
 0 
 0 
 0 
 0 
 0 
 0 
 0 
 0 
 0 
 0 
 0 
 0 
 0 
 0 
 0 
 0 
 0 
 0 
 0 
 0 
 0 
 0 
 0 
 0 
 0 
 0 
 0 
 0 
 0 
 0 
 0 
 0 
 0 
 0 
 0 
 0 
 0 
 0 
 0 
 0 
 0 
 0 
 0 
 0 
 0 
 0 
 0 
 0 
 0 
 0 
 0 
 0 
 0 
 0 
 0 
 0 
 0 
 0 
 0 
 0 
 0 
 0 
 0 
 0 
 0 
 0 
 0 
 0 
 0 
 0 
 0 
 0 
 0 
 0 
 0 
 0 
 0 
 0 
 0 
 0 
 0 
 0 
 0 
 0 
 0 
 0 
 0 
 0 
 0 
 0 
 0 
 0 
 0 
 0 
 0 
 0 
 0 
 0 
 0 
 0 
 0 
 0 
 0 
 0 
 0 
 0 
 0 
 0 
 0 
 0 
 0 
 0 
 0 
 0 
 0 
 0 
 0 
 0 
 0 
 0 
 0 
 0 
 0 
 0 
 0 
 0 
 0 
 0 
 0 
 8,46740050804403E-04 
 8,46740050804403E-04 
 8,46740050804403E-04 
 8,46740050804403E-04 
 1,69348010160881E-03 
 1,69348010160881E-03 
 3,38696020321761E-03 
 5,08044030482642E-03 
 5,92718035563082E-03 
 7,62066045723963E-03 
 9,31414055884843E-03 
 1,01608806096528E-02 
 1,18543607112616E-02 
 1,35478408128704E-02 
 1,52413209144793E-02 
 1,69348010160881E-02 
 1,94750211685013E-02 
 2,11685012701101E-02 
 2,20152413209145E-02 
 2,45554614733277E-02 
 2,62489415749365E-02 
 2,87891617273497E-02 
 3,04826418289585E-02 
 3,30228619813717E-02 
 3,47163420829805E-02 
 3,64098221845893E-02 
 3,97967823878069E-02 
 4,31837425910246E-02 
 4,57239627434378E-02 
 4,74174428450466E-02 
 5,16511430990686E-02 
 3,47163420829805E-02 
 4,48772226926334E-02 
 4,65707027942422E-02 
 5,33446232006774E-02 
 5,75783234546994E-02 
 6,85859441151566E-02 
 7,11261642675699E-02 
 6,77392040643522E-02 
 7,02794242167655E-02 
 7,70533446232007E-02 
 7,95935647756139E-02 
 8,12870448772227E-02 
 8,46740050804403E-02 
 8,72142252328535E-02 
 8,89077053344623E-02 
 9,22946655376799E-02 
 8,46740050804403E-02 
 8,38272650296359E-02 
 8,46740050804403E-02 
 3,81033022861981E-02 
 3,72565622353937E-02 
 3,55630821337849E-02 
 3,21761219305673E-02 
 3,47163420829805E-02 
 3,55630821337849E-02 
 4,23370025402202E-02 
 4,57239627434378E-02 
 0,048264182895851 
 4,74174428450466E-02 
 4,31837425910246E-02 
 4,65707027942422E-02 
 0,052497883149873 
 5,16511430990686E-02 
 5,33446232006774E-02 
 0,052497883149873 
 5,33446232006774E-02 
 5,41913632514818E-02 
 5,50381033022862E-02 
 0,056731583403895 
 4,91109229466554E-02 
 4,74174428450466E-02 
 4,23370025402202E-02 
 5,16511430990686E-02 
 5,08044030482642E-02 
 5,16511430990686E-02 
 0,052497883149873 
 5,08044030482642E-02 
 5,41913632514818E-02 
 6,01185436071126E-02 
 6,35055038103302E-02 
 6,68924640135478E-02 
 7,02794242167655E-02 
 7,19729043183743E-02 
 6,77392040643522E-02 
 6,60457239627434E-02 
 0,060965283657917 
 6,18120237087214E-02 
 6,26587637595258E-02 
 7,53598645215919E-02 
 7,62066045723963E-02 
 7,11261642675699E-02 
 6,60457239627434E-02 
 6,68924640135478E-02 
 0,065198983911939 
 8,80609652836579E-02 
 8,89077053344623E-02 
 8,38272650296359E-02 
 8,46740050804403E-02 
 8,21337849280271E-02 
 8,63674851820491E-02 
 9,14479254868755E-02 
 8,55207451312447E-02 
 8,63674851820491E-02 
 8,72142252328535E-02 
 7,79000846740051E-02 
 8,21337849280271E-02 
 8,63674851820491E-02 
 9,14479254868755E-02 
 9,56816257408975E-02 
 9,65283657917019E-02 
 9,82218458933107E-02 
 9,90685859441152E-02 
 9,99153259949196E-02 
 0,100762066045724 
 0,101608806096528 
 0,103302286198137 
 0,108382726502964 
 0,109229466553768 
 0,10584250635055 
 0,102455546147333 
 0,107535986452159 
 0,109229466553768 
 0,114309906858594 
 0,132091447925487 
 0,111769686706181 
 9,14479254868755E-02 
 8,72142252328535E-02 
 8,80609652836579E-02 
 9,82218458933107E-02 
 0,103302286198137 
 0,104149026248942 
 0,100762066045724 
 0,10584250635055 
 0,116003386960203 
 0,107535986452159 
 0,11346316680779 
 0,118543607112616 
 0,119390347163421 
 0,110922946655377 
 0,106689246401355 
 0,107535986452159 
 0,118543607112616 
 0,114309906858594 
 0,110076206604572 
 0,116003386960203 
 0,132091447925487 
 0,132938187976291 
 0,133784928027096 
 0,139712108382726 
 0,135478408128704 
 0,131244707874682 
 0,132091447925487 
 0,122777307366638 
 0,331922099915326 
 0,344623200677392 
 0,358171041490262 
 0,261642675698561 
 0,329381879762913 
 0,331922099915326 
 0,333615580016935 
 0,347163420829805 
 0,337849280270957 
 0,19813717188823 
 0,193903471634208 
 0,188823031329382 
 0,190516511430991 
 0,167654530059272 
 0,174428450465707 
 0,146486028789162 
 0,159187129551228 
 0,165961049957663 
 0,160880609652837 
 0,167654530059272 
 0,168501270110076 
 0,16342082980525 
 0,164267569856054 
 0,165114309906859 
 0,153259949195597 
 0,154106689246401 
 0,143099068585944 
 0,15580016934801 
 0,156646909398815 
 0,151566469093988 
 0,151566469093988 
 0,139712108382726 
 0,147332768839966 
 0,154106689246401 
 0,154953429297206 
 0,129551227773074 
 0,123624047417443 
 0,131244707874682 
 0,138018628281118 
 0,138865368331922 
 0,172734970364098 
 0,172734970364098 
 0,166807790008467 
 0,174428450465707 
 0,182049110922947 
 0,121930567315834 
 0,129551227773074 
 0,102455546147333 
 0,102455546147333 
 0,110076206604572 
 9,65283657917019E-02 
 9,06011854360711E-02 
 9,73751058425063E-02 
 9,82218458933107E-02 
 0,104995766299746 
 0,112616426756986 
 0,120237087214225 
 0,127857747671465 
 0,127857747671465 
 0,135478408128704 
 0,115156646909399 
 0,115156646909399 
 0,137171888230313 
 0,144792548687553 
 0,152413209144793 
 0,160880609652837 
 0,168501270110076 
 0,169348010160881 
 0,169348010160881 
 0,177815410668925 
 0,16342082980525 
 0,164267569856054 
 0,171888230313294 
 0,149872988992379 
 0,127857747671465 
 0,135478408128704 
 0,136325148179509 
 0,143945808636749 
 0,152413209144793 
 0,160033869602032 
 0,138018628281118 
 0,145639288738357 
 0,146486028789162 
 0,146486028789162 
 0,139712108382726 
 0,132091447925487 
 0,124470787468247 
 0,132938187976291 
 0,117696867061812 
 0,101608806096528 
 0,126164267569856 
 0,133784928027096 
 0,118543607112616 
 0,103302286198137 
 0,103302286198137 
 9,56816257408975E-02 
 0,104149026248942 
 0,104149026248942 
 9,65283657917019E-02 
 0,104149026248942 
 0,112616426756986 
 0,11346316680779 
 0,104995766299746 
 0,10584250635055 
 0,10584250635055 
 8,97544453852667E-02 
 0,10584250635055 
 0,106689246401355 
 0,115156646909399 
 0,106689246401355 
 9,90685859441152E-02 
 9,06011854360711E-02 
 9,90685859441152E-02 
 0,107535986452159 
 9,99153259949196E-02 
 0,116850127011008 
 9,99153259949196E-02 
 9,99153259949196E-02 
 9,22946655376799E-02 
 9,22946655376799E-02 
 0,100762066045724 
 0,100762066045724 
 0,100762066045724 
 0,110076206604572 
 0,135478408128704 
 0,12701100762066 
 0,118543607112616 
 0,118543607112616 
 0,127857747671465 
 0,127857747671465 
 0,127857747671465 
 0,136325148179509 
 0,154106689246401 
 0,145639288738357 
 0,145639288738357 
 0,145639288738357 
 0,19813717188823 
 0,206604572396274 
 0,181202370872142 
 0,172734970364098 
 0,172734970364098 
 0,182049110922947 
 0,190516511430991 
 0,182049110922947 
 0,182049110922947 
 0,173581710414903 
 0,191363251481795 
 0,182895850973751 
 0,192209991532599 
 0,200677392040644 
 0,192209991532599 
 0,192209991532599 
 0,201524132091448 
 0,227773073666384 
 0,227773073666384 
 0,474174428450466 
 0,447925486875529 
 0,457239627434378 
 0,44030482641829 
 0,431837425910246 
 0,502963590177815 
 0,388653683319221 
 0,370872142252329 
 0,441998306519898 
 0,362404741744284 
 0,300592718035563 
 0,230313293818798 
 0,239627434377646 
 0,230313293818798 
 0,221845893310754 
 0,221845893310754 
 0,231160033869602 
 0,231160033869602 
 0,239627434377646 
 0,222692633361558 
 0,21337849280271 
 0,248941574936494 
 0,231160033869602 
 0,276037256562235 
 0,303132938187976 
 0,31160033869602 
 0,31160033869602 
 0,293818797629128 
 0,294665537679932 
 0,312447078746825 
 0,285351397121084 
 0,356477561388654 
 0,303132938187976 
 0,294665537679932 
 0,267569856054191 
 0,267569856054191 
 0,241320914479255 
 0,249788314987299 
 0,249788314987299 
 0,320914479254869 
 0,320914479254869 
 0,330228619813717 
 0,34801016088061 
 0,320914479254869 
 0,312447078746825 
 0,303132938187976 
 0,267569856054191 
 0,276037256562235 
 0,303132938187976 
 0,31160033869602 
 0,31160033869602 
 0,45385266723116 
 0,364944961896698 
 0,355630821337849 
 0,329381879762913 
 0,329381879762913 
 0,328535139712108 
 0,320067739204064 
 0,310753598645216 
 0,31922099915326 
 0,505503810330229 
 0,452159187129551 
 0,398814563928874 
 0,690939881456393 
 0,690093141405589 
 0,690093141405589 
 0,689246401354784 
 0,689246401354784 
 0,697713801862828 
 0,679085520745131 
 0,696020321761219 
 0,704487722269263 
 0,695173581710415 
 0,641828958509738 
 0,580016934801016 
 0,587637595258256 
 0,701100762066046 
 0,735817104149026 
 0,734970364098222 
 0,734123624047417 
 0,716342082980525 
 0,733276883996613 
 0,758679085520745 
 0,853513971210838 
 0,861134631668078 
 0,842506350550381 
 0,81541066892464 
 0,814563928873836 
 0,805249788314987 
 0,864521591871296 
 0,863674851820491 
 0,862828111769687 
 0,861134631668078 
 0,860287891617273 
 0,859441151566469 
 0,85774767146486 
 0,856900931414056 
 0,855207451312447 
 0,854360711261643 
 0,853513971210838 
 0,851820491109229 
 0,850127011007621 
 0,849280270956816 
 0,847586790855207 
 0,846740050804403 
 0,845046570702794 
 0,843353090601185 
 0,842506350550381 
 0,840812870448772 
 0,839119390347163 
 0,838272650296359 
 0,819644369178662 
 0,767993226079594 
 0,750211685012701 
 0,773920406435224 
 0,78069432684166 
 0,762066045723963 
 0,777307366638442 
 0,808636748518205 
 0,799322607959357 
 0,657917019475021 
 0,615580016934801 
 0,646909398814564 
 0,653683319220999 
 0,65198983911939 
 0,658763759525826 
 0,714648602878916 
 0,712955122777307 
 0,711261642675699 
 0,718035563082134 
 0,716342082980525 
 0,714648602878916 
 0,712955122777307 
 0,57493649449619 
 0,701100762066046 
 0,469093988145639 
 0,452159187129551 
 0,435224386113463 
 0,670618120237087 
 0,652836579170195 
 0,518204911092295 
 0,508890770533446 
 0,530906011854361 
 0,560541913632515 
 0,543607112616427 
 0,519051651143099 
 0,408975444538527 
 0,208298052497883 
 0,215071972904318 
 0,237087214225233 
 0,229466553767993 
 0,220999153259949 
 0,220152413209145 
 0,211685012701101 
 0,188823031329382 
 0,195596951735817 
 0,187129551227773 
 0,201524132091448 
 0,193903471634208 
 0,193056731583404 
 0,185436071126164 
 0,192209991532599 
 0,21337849280271 
 0,220152413209145 
 0,233700254022015 
 0,226079593564776 
 0,217612193056732 
 0,238780694326842 
 0,244707874682472 
 0,258255715495343 
 0,329381879762913 
 0,335309060118544 
 0,341236240474174 
 0,318374259102456 
 0,309906858594412 
 0,315834038950042 
 0,300592718035563 
 0,292972057578323 
 0,284504657070279 
 0,27688399661304 
 0,254868755292125 
 0,254022015241321 
 0,273497036409822 
 0,251481795088908 
 0,257408975444539 
 0,256562235393734 
 0,261642675698561 
 0,274343776460627 
 0,439458086367485 
 0,458086367485182 
 0,469093988145639 
 0,466553767993226 
 0,464860287891617 
 0,469093988145639 
 0,441151566469094 
 0,439458086367485 
 0,353090601185436 
 0,377646062658764 
 0,394580863674852 
 0,386113463166808 
 0,353090601185436 
 0,401354784081287 
 0,412362404741744 
 0,316680779000847 
 0,314987298899238 
 0,282811176968671 
 0,281117696867062 
 0,292125317527519 
 0,284504657070279 
 0,493649449618967 
 0,491109229466554 
 0,488569009314141 
 0,486028789161727 
 0,465707027942422 
 0,463166807790008 
 0,454699407281964 
 0,452159187129551 
 0,449618966977138 
 0,447078746824725 
 0,450465707027942 
 0,447925486875529 
 0,439458086367485 
 0,430990685859441 
 0,25571549534293 
 0,265876375952583 
 0,264182895850974 
 0,256562235393734 
 0,249788314987299 
 0,243014394580864 
 0,241320914479255 
 0,244707874682472 
 0,254022015241321 
 0,252328535139712 
 0,260795935647756 
 0,414902624894157 
 0,381033022861981 
 0,393734123624047 
 0,375952582557155 
 0,378492802709568 
 0,370872142252329 
 0,363251481795089 
 0,360711261642676 
 0,33276883996613 
 0,437764606265876 
 0,463166807790008 
 0,387806943268417 
 0,323454699407282 
 0,358171041490262 
 0,342082980524979 
 0,34801016088061 
 0,322607959356478 
 0,182895850973751 
 0,149872988992379 
 0,143945808636749 
 0,143099068585944 
 0,132938187976291 
 0,131244707874682 
 0,117696867061812 
 0,129551227773074 
 0,187976291278577 
 0,190516511430991 
 0,188823031329382 
 0,182895850973751 
 0,127857747671465 
 0,122777307366638 
 0,20575783234547 
 0,208298052497883 
 0,206604572396274 
 0,204064352243861 
 0,194750211685013 
 0,303979678238781 
 0,304826418289585 
 0,301439458086367 
 0,291278577476715 
 0,284504657070279 
 0,281117696867062 
 0,278577476714649 
 0,268416596104996 
 0,261642675698561 
 0,31160033869602 
 0,308213378492803 
 0,300592718035563 
 0,297205757832345 
 0,293818797629128 
 0,29043183742591 
 0,296359017781541 
 0,292972057578323 
 0,302286198137172 
 0,295512277730737 
 0,291278577476715 
 0,29043183742591 
 0,302286198137172 
 0,265029635901778 
 0,261642675698561 
 0,232006773920406 
 0,228619813717189 
 0,228619813717189 
 0,242167654530059 
 0,235393734123624 
 0,232006773920406 
 0,228619813717189 
 0,222692633361558 
 0,221845893310754 
 0,220999153259949 
 0,220152413209145 
 0,216765453005927 
 0,21337849280271 
 0,214225232853514 
 0,222692633361558 
 0,215918712955123 
 0,220999153259949 
 0,21930567315834 
 0,19813717188823 
 0,209991532599492 
 0,20575783234547 
 0,201524132091448 
 0,199830651989839 
 0,19813717188823 
 0,193903471634208 
 0,189669771380186 
 0,186282811176969 
 0,182049110922947 
 0,177815410668925 
 0,174428450465707 
 0,170194750211685 
 0,165961049957663 
 0,162574089754445 
 0,158340389500423 
 0,154106689246401 
 0,150719729043184 
 0,146486028789162 
 0,143099068585944 
 0,138865368331922 
 0,135478408128704 
 0,131244707874682 
 0,127857747671465 
 0,123624047417443 
 0,120237087214225 
 0,116003386960203 
 0,112616426756986 
 0,109229466553768 
 0,104995766299746 
 0,101608806096528 
 9,82218458933107E-02 
 9,39881456392887E-02 
 9,06011854360711E-02 
 8,72142252328535E-02 
 8,38272650296359E-02 
 8,04403048264183E-02 
 0,060965283657917 
 5,75783234546994E-02 
 5,41913632514818E-02 
 5,16511430990686E-02 
 0,048264182895851 
 4,57239627434378E-02 
 0,044030482641829 
 3,30228619813717E-02 
 2,96359017781541E-02 
 3,55630821337849E-02 
 3,30228619813717E-02 
 3,04826418289585E-02 
 2,87891617273497E-02 
 2,28619813717189E-02 
 2,11685012701101E-02 
 1,86282811176969E-02 
 1,77815410668925E-02 
 2,45554614733277E-02 
 2,37087214225233E-02 
 2,11685012701101E-02 
 1,94750211685013E-02 
 1,69348010160881E-02 
 1,52413209144793E-02 
 1,35478408128704E-02 
 1,18543607112616E-02 
 1,01608806096528E-02 
 8,46740050804403E-03 
 6,77392040643522E-03 
 5,92718035563082E-03 
 4,23370025402202E-03 
 1,69348010160881E-03 
 1,69348010160881E-03 
 8,46740050804403E-04 
 8,46740050804403E-04 
 8,46740050804403E-04 
 0 
 0 
 0 
 0 
 0 
 0 
 0 
 0 
 0 
 0 
 0 
 0 
 0 
 0 
 0 
 0 
 0 
 0 
 0 
 0 
 0 
 0 
 0 
 0 
 0 
 0 
 0 
 0 
 0 
 0 
 0 
 0 
 0 
 0 
 0 
 0 
 0 
 0 
 0 
 0 
 0 
 0 
 0 
 0 
 0 
 0 
 0 
 0 
 0 
 0 
 0 
 0 
 0 
 0 
 0 
 0 
 0 
 0 
 0 
 0 
 0 
 0 
 0 
 0 
 0 
 0 
 0 
 0 
 0 
 0 
 0 
 0 
 0 
 0 
 0 
 0 
 0 
 0 
 0 
 0 
 0 
 0 
 0 
 0 
 0 
 0 
 0 
 0 
 0 
 0 
 0 
 0 
 0 
 0 
 0 
 0 
 0 
 0 
 0 
 0 
 0 
 0 
 0 
 0 
 0 
 0 
 0 
 0 
 0 
 0 
 0 
 0 
 0 
 0 
 0 
 0 
 0 
 0 
 0 
 0 
 0 
 0 
 0 
 0 
 0 
 0 
 0 
 0 
 0 
 0 
 0 
 0 
 0 
 0 
 0 
 0 
 0 
 0 
 0 
 0 
 0 
 0 
 0 
 0 
 0 
 0 
 0 
 0 
 0 
 0 
 0 
 0 
 0 
 0 
 0 
 0 
 0 
 0 
 0 
 0 
 0 
 0 
 0 
 0 
 0 
 0 
 0 
 0 
 0 
 0 
 0 
 0 
 0 
 0 
 0 
 0 
 0 
 0 
 0 
 0 
 0 
 0 
 0 
 0 
 0 
 0 
 0 
 0 
 0 
 0 
 0 
 0 
 0 
 0 
 0 
 0 
 0 
 0 
 0 
 0 
 0 
 0 
 0 
 0 
 0 
 0 
 0 
 0 
 0 
 0 
 0 
 0 
 0 
 0 
 0 
 0 
 0 
 0 
 0 
 0 
 0 
 0 
 0 
 0 
 0 
 0 
 0 
 0 
 0 
 0 
 0 
 0 
 0 
 0 
 0 
 0 
 0 
 0 
 0 
 0 
 0 
 0 
 0 
 0 
 0 
 0 
 0 
 0 
 0 
 0 
 0 
 0 
 0 
 0 
 0 
 0 
 0 
 0 
 0 
 0 
 0 
 0 
 0 
 0 
 0 
 0 
 0 
 0 
 0 
 0 
 0 
 0 
 0 
 0 
 0 
 0 
 0 
 0 
 0 
 0 
 0 
 0 
 0 
 0 
 0 
 0 
 0 
 0 
 0 
 0 
 0 
 0 
 0 
 0 
 0 
 0 
 0 
 0 
 0 
 0 
 0 
 0 
 0 
 0 
 0 
 0 
 0 
 0 
 0 
 0 
 0 
 0 
