 0 
 0 
 0 
 0 
 0 
 0 
 0 
 0 
 0 
 0 
 0 
 0 
 0 
 0 
 0 
 0 
 0 
 0 
 0 
 0 
 0 
 0 
 0 
 0 
 0 
 0 
 0 
 0 
 0 
 0 
 0 
 0 
 0 
 0 
 0 
 0 
 0 
 0 
 0 
 0 
 0 
 0 
 0 
 0 
 0 
 0 
 0 
 0 
 0 
 0 
 0 
 0 
 0 
 0 
 0 
 0 
 0 
 0 
 0 
 0 
 0 
 0 
 0 
 0 
 0 
 0 
 0 
 0 
 0 
 0 
 0 
 0 
 0 
 0 
 0 
 0 
 0 
 0 
 0 
 0 
 0 
 0 
 0 
 0 
 0 
 0 
 0 
 0 
 0 
 0 
 0 
 0 
 0 
 0 
 0 
 0 
 0 
 0 
 0 
 0 
 0 
 0 
 0 
 0 
 0 
 0 
 0 
 0 
 0 
 0 
 0 
 0 
 0 
 0 
 0 
 0 
 0 
 0 
 0 
 0 
 0 
 0 
 0 
 0 
 0 
 0 
 0 
 0 
 0 
 0 
 0 
 0 
 0 
 0 
 0 
 0 
 0 
 0 
 0 
 0 
 0 
 0 
 0 
 0 
 0 
 0 
 0 
 0 
 0 
 0 
 0 
 0 
 0 
 0 
 0 
 0 
 0 
 0 
 0 
 0 
 0 
 0 
 0 
 0 
 0 
 0 
 0 
 0 
 0 
 0 
 0 
 0 
 0 
 0 
 0 
 0 
 0 
 0 
 0 
 0 
 0 
 0 
 0 
 0 
 0 
 0 
 0 
 0 
 0 
 0 
 0 
 0 
 0 
 0 
 0 
 0 
 0 
 0 
 0 
 0 
 0 
 0 
 0 
 0 
 0 
 0 
 0 
 0 
 0 
 0 
 0 
 0 
 0 
 0 
 0 
 0 
 0 
 0 
 0 
 0 
 0 
 0 
 0 
 0 
 0 
 0 
 0 
 0 
 0 
 0 
 0 
 0 
 0 
 0 
 0 
 0 
 0 
 0 
 0 
 0 
 0 
 0 
 0 
 0 
 0 
 0 
 0 
 0 
 0 
 0 
 0 
 0 
 0 
 0 
 0 
 0 
 0 
 0 
 0 
 0 
 0 
 0 
 0 
 0 
 0 
 0 
 0 
 0 
 0 
 0 
 0 
 0 
 0 
 0 
 0 
 0 
 0 
 0 
 0 
 0 
 0 
 0 
 0 
 0 
 0 
 0 
 0 
 0 
 0 
 0 
 0 
 0 
 0 
 0 
 0 
 0 
 0 
 0 
 0 
 0 
 0 
 0 
 0 
 0 
 0 
 0 
 0 
 0 
 0 
 0 
 0 
 0 
 0 
 0 
 0 
 0 
 0 
 0 
 0 
 0 
 0 
 0 
 0 
 0 
 0 
 0 
 0 
 0 
 0 
 0 
 0 
 0 
 0 
 0 
 0 
 0 
 0 
 0 
 0 
 0 
 0 
 0 
 0 
 0 
 0 
 0 
 0 
 0 
 0 
 0 
 0 
 0 
 0 
 0 
 0 
 0 
 0 
 0 
 0 
 0 
 0 
 0 
 0 
 0 
 0 
 0 
 0 
 0 
 0 
 0 
 0 
 0 
 0 
 0 
 0 
 0 
 0 
 0 
 0 
 0 
 0 
 0 
 0 
 0 
 0 
 0 
 0 
 0 
 0 
 0 
 0 
 0 
 0 
 0 
 0 
 0 
 0 
 0 
 0 
 0 
 0 
 0 
 0 
 0 
 0 
 0 
 0 
 0 
 0 
 0 
 0 
 0 
 0 
 0 
 0 
 0 
 0 
 0 
 0 
 0 
 0 
 0 
 0 
 0 
 0 
 0 
 0 
 0 
 0 
 0 
 0 
 0 
 0 
 0 
 0 
 0 
 8,46740050804403E-04 
 8,46740050804403E-04 
 8,46740050804403E-04 
 8,46740050804403E-04 
 8,46740050804403E-04 
 1,69348010160881E-03 
 1,69348010160881E-03 
 2,54022015241321E-03 
 2,54022015241321E-03 
 3,38696020321761E-03 
 3,38696020321761E-03 
 4,23370025402202E-03 
 5,92718035563082E-03 
 5,92718035563082E-03 
 6,77392040643522E-03 
 7,62066045723963E-03 
 1,43945808636749E-02 
 1,52413209144793E-02 
 1,52413209144793E-02 
 1,69348010160881E-02 
 1,86282811176969E-02 
 2,96359017781541E-02 
 3,89500423370025E-02 
 4,06435224386113E-02 
 4,23370025402202E-02 
 2,54022015241321E-02 
 4,74174428450466E-02 
 5,16511430990686E-02 
 5,33446232006774E-02 
 5,50381033022862E-02 
 5,92718035563082E-02 
 6,26587637595258E-02 
 6,35055038103302E-02 
 6,60457239627434E-02 
 0,069432684165961 
 7,19729043183743E-02 
 7,45131244707875E-02 
 7,95935647756139E-02 
 7,70533446232007E-02 
 8,89077053344623E-02 
 9,22946655376799E-02 
 8,46740050804403E-02 
 8,89077053344623E-02 
 9,06011854360711E-02 
 8,72142252328535E-02 
 9,06011854360711E-02 
 9,39881456392887E-02 
 0,12701100762066 
 0,131244707874682 
 0,116003386960203 
 0,119390347163421 
 0,122777307366638 
 0,126164267569856 
 0,130397967823878 
 0,135478408128704 
 0,138865368331922 
 0,150719729043184 
 0,10584250635055 
 0,108382726502964 
 0,116003386960203 
 0,118543607112616 
 0,12701100762066 
 0,104149026248942 
 0,100762066045724 
 0,114309906858594 
 0,120237087214225 
 0,122777307366638 
 0,112616426756986 
 0,116850127011008 
 0,200677392040644 
 0,204064352243861 
 0,208298052497883 
 0,225232853513971 
 0,229466553767993 
 0,233700254022015 
 0,237087214225233 
 0,241320914479255 
 0,245554614733277 
 0,249788314987299 
 0,253175275190517 
 0,257408975444539 
 0,261642675698561 
 0,265876375952583 
 0,2692633361558 
 0,273497036409822 
 0,277730736663844 
 0,281964436917866 
 0,285351397121084 
 0,289585097375106 
 0,293818797629128 
 0,29805249788315 
 0,271803556308213 
 0,277730736663844 
 0,278577476714649 
 0,285351397121084 
 0,270110076206605 
 0,273497036409822 
 0,303132938187976 
 0,306519898391194 
 0,309906858594412 
 0,317527519051651 
 0,317527519051651 
 0,320914479254869 
 0,320914479254869 
 0,325148179508891 
 0,328535139712108 
 0,317527519051651 
 0,251481795088908 
 0,140558848433531 
 0,149026248941575 
 0,150719729043184 
 0,15580016934801 
 0,154106689246401 
 0,139712108382726 
 0,144792548687553 
 0,146486028789162 
 0,151566469093988 
 0,153259949195597 
 0,16342082980525 
 0,164267569856054 
 0,170194750211685 
 0,217612193056732 
 0,228619813717189 
 0,230313293818798 
 0,241320914479255 
 0,238780694326842 
 0,245554614733277 
 0,282811176968671 
 0,169348010160881 
 0,161727349703641 
 0,158340389500423 
 0,154953429297206 
 0,160880609652837 
 0,181202370872142 
 0,168501270110076 
 0,202370872142252 
 0,189669771380186 
 0,167654530059272 
 0,164267569856054 
 0,170194750211685 
 0,156646909398815 
 0,157493649449619 
 0,154106689246401 
 0,160033869602032 
 0,160880609652837 
 0,162574089754445 
 0,158340389500423 
 0,170194750211685 
 0,165961049957663 
 0,166807790008467 
 0,178662150719729 
 0,18458933107536 
 0,292972057578323 
 0,337002540220152 
 0,312447078746825 
 0,249788314987299 
 0,278577476714649 
 0,313293818797629 
 0,314987298899238 
 0,316680779000847 
 0,491955969517358 
 0,500423370025402 
 0,566469093988146 
 0,569009314140559 
 0,572396274343776 
 0,575783234546994 
 0,579170194750212 
 0,582557154953429 
 0,585944115156647 
 0,589331075359865 
 0,592718035563082 
 0,595258255715495 
 0,598645215918713 
 0,602032176121931 
 0,33276883996613 
 0,359017781541067 
 0,379339542760373 
 0,405588484335309 
 0,592718035563082 
 0,223539373412362 
 0,237087214225233 
 0,21930567315834 
 0,22692633361558 
 0,227773073666384 
 0,242167654530059 
 0,243014394580864 
 0,276037256562235 
 0,270956816257409 
 0,408128704487722 
 0,430143945808637 
 0,42506350550381 
 0,420829805249788 
 0,408975444538527 
 0,404741744284505 
 0,292972057578323 
 0,293818797629128 
 0,268416596104996 
 0,303132938187976 
 0,304826418289585 
 0,278577476714649 
 0,259102455546147 
 0,260795935647756 
 0,254868755292125 
 0,25571549534293 
 0,263336155800169 
 0,285351397121084 
 0,300592718035563 
 0,294665537679932 
 0,324301439458086 
 0,297205757832345 
 0,291278577476715 
 0,298899237933954 
 0,292972057578323 
 0,301439458086367 
 0,302286198137172 
 0,281964436917866 
 0,275190516511431 
 0,2692633361558 
 0,25571549534293 
 0,242167654530059 
 0,249788314987299 
 0,700254022015241 
 0,6731583403895 
 0,690093141405589 
 0,685012701100762 
 0,687552921253175 
 0,727349703640982 
 0,729043183742591 
 0,754445385266723 
 0,756138865368332 
 0,622353937341236 
 0,624047417442845 
 0,625740897544454 
 0,627434377646063 
 0,729043183742591 
 0,646909398814564 
 0,648602878916173 
 0,657917019475021 
 0,65198983911939 
 0,653683319220999 
 0,616426756985605 
 0,610499576629975 
 0,612193056731583 
 0,613886536833192 
 0,575783234546994 
 0,435224386113463 
 0,507197290431837 
 0,66723116003387 
 0,668924640135478 
 0,710414902624894 
 0,704487722269263 
 0,697713801862828 
 0,699407281964437 
 0,70956816257409 
 0,727349703640982 
 0,647756138865368 
 0,292125317527519 
 0,292972057578323 
 0,790855207451312 
 0,767993226079594 
 0,646909398814564 
 0,631668077900085 
 0,649449618966977 
 0,642675698560542 
 0,577476714648603 
 0,619813717188823 
 0,613039796782388 
 0,829805249788315 
 0,82303132938188 
 0,758679085520745 
 0,767993226079594 
 0,778154106689246 
 0,787468247248095 
 0,797629127857748 
 0,77307366638442 
 0,774767146486029 
 0,742591024555461 
 0,734970364098222 
 0,762066045723963 
 0,703640982218459 
 0,39034716342083 
 0,42506350550381 
 0,195596951735817 
 0,196443691786621 
 0,196443691786621 
 0,179508890770533 
 0,171041490262489 
 0,171888230313294 
 0,171888230313294 
 0,16342082980525 
 0,171888230313294 
 0,172734970364098 
 0,164267569856054 
 0,164267569856054 
 0,164267569856054 
 0,164267569856054 
 0,165114309906859 
 0,156646909398815 
 0,165114309906859 
 0,182895850973751 
 0,191363251481795 
 0,174428450465707 
 0,183742591024555 
 0,175275190516511 
 0,192209991532599 
 0,21930567315834 
 0,227773073666384 
 0,21930567315834 
 0,66723116003387 
 0,668077900084674 
 0,668924640135478 
 0,572396274343776 
 0,572396274343776 
 0,573243014394581 
 0,564775613886537 
 0,600338696020322 
 0,812870448772227 
 0,849280270956816 
 0,681625740897544 
 0,681625740897544 
 0,6731583403895 
 0,806943268416596 
 0,798475867908552 
 0,8077900084674 
 0,834885690093141 
 0,728196443691787 
 0,729043183742591 
 0,738357324301439 
 0,738357324301439 
 0,729889923793395 
 0,739204064352244 
 0,739204064352244 
 0,739204064352244 
 0,739204064352244 
 0,7307366638442 
 0,704487722269263 
 0,704487722269263 
 0,704487722269263 
 0,704487722269263 
 0,704487722269263 
 0,696020321761219 
 0,705334462320068 
 0,705334462320068 
 0,392887383573243 
 0,383573243014395 
 0,392887383573243 
 0,776460626587638 
 0,776460626587638 
 0,776460626587638 
 0,767146486028789 
 0,767146486028789 
 0,784928027095682 
 0,713801862828112 
 0,704487722269263 
 0,704487722269263 
 0,641828958509738 
 0,704487722269263 
 0,695173581710415 
 0,855207451312447 
 0,863674851820491 
 0,863674851820491 
 0,862828111769687 
 0,862828111769687 
 0,871295512277731 
 0,871295512277731 
 0,870448772226926 
 0,861134631668078 
 0,887383573243014 
 0,887383573243014 
 0,381033022861981 
 0,416596104995766 
 0,416596104995766 
 0,42506350550381 
 0,459779847586791 
 0,477561388653683 
 0,450465707027942 
 0,450465707027942 
 0,458933107535986 
 0,423370025402202 
 0,510584250635055 
 0,47502116850127 
 0,465707027942422 
 0,465707027942422 
 0,447925486875529 
 0,447078746824725 
 0,473327688399661 
 0,464013547840813 
 0,436917866215072 
 0,45385266723116 
 0,506350550381033 
 0,497036409822185 
 0,522438611346317 
 0,435224386113463 
 0,425910245554615 
 0,442845046570703 
 0,433530906011854 
 0,563082133784928 
 0,55376799322608 
 0,621507197290432 
 0,716342082980525 
 0,714648602878916 
 0,740050804403048 
 0,721422523285351 
 0,712108382726503 
 0,711261642675699 
 0,769686706181202 
 0,734970364098222 
 0,784928027095682 
 0,774767146486029 
 0,824724809483489 
 0,81541066892464 
 0,805249788314987 
 0,779000846740051 
 0,270110076206605 
 0,278577476714649 
 0,648602878916173 
 0,613886536833192 
 0,722269263336156 
 0,720575783234547 
 0,752751905165114 
 0,685012701100762 
 0,817104149026249 
 0,81541066892464 
 0,822184589331075 
 0,820491109229467 
 0,810330228619814 
 0,808636748518205 
 0,823878069432684 
 0,822184589331075 
 0,820491109229467 
 0,818797629127858 
 0,817104149026249 
 0,81541066892464 
 0,813717188823031 
 0,519898391193903 
 0,477561388653683 
 0,428450465707028 
 0,363251481795089 
 0,426756985605419 
 0,42506350550381 
 0,656223539373412 
 0,646909398814564 
 0,733276883996613 
 0,795088907705334 
 0,793395427603726 
 0,790855207451312 
 0,789161727349704 
 0,78662150719729 
 0,784928027095682 
 0,783234546994073 
 0,78069432684166 
 0,779000846740051 
 0,776460626587638 
 0,774767146486029 
 0,772226926333616 
 0,770533446232007 
 0,767993226079594 
 0,76545300592718 
 0,763759525825571 
 0,761219305673158 
 0,758679085520745 
 0,756985605419136 
 0,754445385266723 
 0,75190516511431 
 0,749364944961897 
 0,747671464860288 
 0,745131244707875 
 0,742591024555461 
 0,740050804403048 
 0,737510584250635 
 0,735817104149026 
 0,733276883996613 
 0,7307366638442 
 0,633361558001693 
 0,624047417442845 
 0,614733276883997 
 0,619813717188823 
 0,610499576629975 
 0,615580016934801 
 0,598645215918713 
 0,624894157493649 
 0,615580016934801 
 0,591871295512278 
 0,491955969517358 
 0,48264182895851 
 0,619813717188823 
 0,618120237087214 
 0,622353937341236 
 0,633361558001693 
 0,562235393734124 
 0,683319220999153 
 0,68077900084674 
 0,677392040643522 
 0,674851820491109 
 0,672311600338696 
 0,555461473327688 
 0,552921253175275 
 0,543607112616427 
 0,541913632514818 
 0,611346316680779 
 0,654530059271804 
 0,65198983911939 
 0,648602878916173 
 0,64606265876376 
 0,642675698560542 
 0,639288738357324 
 0,49618966977138 
 0,487722269263336 
 0,479254868755292 
 0,420829805249788 
 0,418289585097375 
 0,4038950042337 
 0,370872142252329 
 0,387806943268417 
 0,385266723116003 
 0,322607959356478 
 0,320914479254869 
 0,355630821337849 
 0,251481795088908 
 0,220152413209145 
 0,207451312447079 
 0,224386113463167 
 0,222692633361558 
 0,227773073666384 
 0,226079593564776 
 0,201524132091448 
 0,200677392040644 
 0,187976291278577 
 0,181202370872142 
 0,16342082980525 
 0,151566469093988 
 0,149872988992379 
 0,149026248941575 
 0,137171888230313 
 0,14225232853514 
 0,162574089754445 
 0,204911092294666 
 0,193056731583404 
 0,186282811176969 
 0,185436071126164 
 0,173581710414903 
 0,177815410668925 
 0,165961049957663 
 0,175275190516511 
 0,178662150719729 
 0,193056731583404 
 0,196443691786621 
 0,209991532599492 
 0,233700254022015 
 0,22692633361558 
 0,377646062658764 
 0,379339542760373 
 0,386113463166808 
 0,416596104995766 
 0,375952582557155 
 0,377646062658764 
 0,383573243014395 
 0,381033022861981 
 0,377646062658764 
 0,379339542760373 
 0,381033022861981 
 0,408975444538527 
 0,409822184589331 
 0,419983065198984 
 0,403048264182896 
 0,4038950042337 
 0,348856900931414 
 0,346316680779001 
 0,334462320067739 
 0,331075359864522 
 0,328535139712108 
 7,45131244707875E-02 
 7,79000846740051E-02 
 8,89077053344623E-02 
 8,80609652836579E-02 
 9,48348856900931E-02 
 9,39881456392887E-02 
 9,31414055884843E-02 
 8,04403048264183E-02 
 6,85859441151566E-02 
 0,056731583403895 
 5,58848433530906E-02 
 5,16511430990686E-02 
 6,60457239627434E-02 
 7,19729043183743E-02 
 7,53598645215919E-02 
 7,45131244707875E-02 
 7,70533446232007E-02 
 7,28196443691787E-02 
 7,19729043183743E-02 
 6,77392040643522E-02 
 6,35055038103302E-02 
 5,92718035563082E-02 
 5,84250635055038E-02 
 0,060965283657917 
 5,75783234546994E-02 
 0,056731583403895 
 5,58848433530906E-02 
 4,91109229466554E-02 
 0,048264182895851 
 7,19729043183743E-02 
 7,02794242167655E-02 
 0,069432684165961 
 6,85859441151566E-02 
 7,36663844199831E-02 
 6,68924640135478E-02 
 7,11261642675699E-02 
 8,89077053344623E-02 
 8,80609652836579E-02 
 8,89077053344623E-02 
 8,29805249788315E-02 
 8,12870448772227E-02 
 8,21337849280271E-02 
 8,12870448772227E-02 
 7,95935647756139E-02 
 7,36663844199831E-02 
 7,45131244707875E-02 
 6,85859441151566E-02 
 0,065198983911939 
 6,43522438611346E-02 
 6,35055038103302E-02 
 6,18120237087214E-02 
 0,065198983911939 
 6,60457239627434E-02 
 6,68924640135478E-02 
 5,33446232006774E-02 
 5,41913632514818E-02 
 5,16511430990686E-02 
 0,048264182895851 
 4,74174428450466E-02 
 4,65707027942422E-02 
 5,58848433530906E-02 
 5,41913632514818E-02 
 0,056731583403895 
 6,85859441151566E-02 
 6,68924640135478E-02 
 5,84250635055038E-02 
 0,052497883149873 
 5,58848433530906E-02 
 0,052497883149873 
 5,16511430990686E-02 
 4,99576629974598E-02 
 4,74174428450466E-02 
 5,58848433530906E-02 
 5,58848433530906E-02 
 4,91109229466554E-02 
 4,91109229466554E-02 
 4,74174428450466E-02 
 4,31837425910246E-02 
 4,06435224386113E-02 
 3,97967823878069E-02 
 3,38696020321761E-02 
 3,04826418289585E-02 
 2,79424216765453E-02 
 3,81033022861981E-02 
 3,64098221845893E-02 
 3,55630821337849E-02 
 3,30228619813717E-02 
 3,81033022861981E-02 
 3,72565622353937E-02 
 1,77815410668925E-02 
 1,86282811176969E-02 
 1,77815410668925E-02 
 1,60880609652837E-02 
 1,69348010160881E-02 
 1,60880609652837E-02 
 1,60880609652837E-02 
 3,72565622353937E-02 
 3,21761219305673E-02 
 3,89500423370025E-02 
 3,64098221845893E-02 
 3,38696020321761E-02 
 1,86282811176969E-02 
 1,35478408128704E-02 
 1,52413209144793E-02 
 1,35478408128704E-02 
 1,18543607112616E-02 
 1,01608806096528E-02 
 0,012701100762066 
 9,31414055884843E-03 
 8,46740050804403E-03 
 9,31414055884843E-03 
 7,62066045723963E-03 
 6,77392040643522E-03 
 5,92718035563082E-03 
 5,92718035563082E-03 
 4,23370025402202E-03 
 1,69348010160881E-03 
 1,69348010160881E-03 
 8,46740050804403E-04 
 8,46740050804403E-04 
 8,46740050804403E-04 
 0 
 0 
 0 
 0 
 0 
 0 
 0 
 0 
 0 
 0 
 0 
 0 
 0 
 0 
 0 
 0 
 0 
 0 
 0 
 0 
 0 
 0 
 0 
 0 
 0 
 0 
 0 
 0 
 0 
 0 
 0 
 0 
 0 
 0 
 0 
 0 
 0 
 0 
 0 
 0 
 0 
 0 
 0 
 0 
 0 
 0 
 0 
 0 
 0 
 0 
 0 
 0 
 0 
 0 
 0 
 0 
 0 
 0 
 0 
 0 
 0 
 0 
 0 
 0 
 0 
 0 
 0 
 0 
 0 
 0 
 0 
 0 
 0 
 0 
 0 
 0 
 0 
 0 
 0 
 0 
 0 
 0 
 0 
 0 
 0 
 0 
 0 
 0 
 0 
 0 
 0 
 0 
 0 
 0 
 0 
 0 
 0 
 0 
 0 
 0 
 0 
 0 
 0 
 0 
 0 
 0 
 0 
 0 
 0 
 0 
 0 
 0 
 0 
 0 
 0 
 0 
 0 
 0 
 0 
 0 
 0 
 0 
 0 
 0 
 0 
 0 
 0 
 0 
 0 
 0 
 0 
 0 
 0 
 0 
 0 
 0 
 0 
 0 
 0 
 0 
 0 
 0 
 0 
 0 
 0 
 0 
 0 
 0 
 0 
 0 
 0 
 0 
 0 
 0 
 0 
 0 
 0 
 0 
 0 
 0 
 0 
 0 
 0 
 0 
 0 
 0 
 0 
 0 
 0 
 0 
 0 
 0 
 0 
 0 
 0 
 0 
 0 
 0 
 0 
 0 
 0 
 0 
 0 
 0 
 0 
 0 
 0 
 0 
 0 
 0 
 0 
 0 
 0 
 0 
 0 
 0 
 0 
 0 
 0 
 0 
 0 
 0 
 0 
 0 
 0 
 0 
 0 
 0 
 0 
 0 
 0 
 0 
 0 
 0 
 0 
 0 
 0 
 0 
 0 
 0 
 0 
 0 
 0 
 0 
 0 
 0 
 0 
 0 
 0 
 0 
 0 
 0 
 0 
 0 
 0 
 0 
 0 
 0 
 0 
 0 
 0 
 0 
 0 
 0 
 0 
 0 
 0 
 0 
 0 
 0 
 0 
 0 
 0 
 0 
 0 
 0 
 0 
 0 
 0 
 0 
 0 
 0 
 0 
 0 
 0 
 0 
 0 
 0 
 0 
 0 
 0 
 0 
 0 
 0 
 0 
 0 
 0 
 0 
 0 
 0 
 0 
 0 
 0 
 0 
 0 
 0 
 0 
 0 
 0 
 0 
 0 
 0 
 0 
 0 
 0 
 0 
 0 
 0 
 0 
 0 
 0 
 0 
 0 
 0 
 0 
 0 
 0 
 0 
 0 
 0 
 0 
 0 
