 0 
 0 
 0 
 0 
 0 
 0 
 0 
 0 
 0 
 0 
 0 
 0 
 0 
 0 
 0 
 0 
 0 
 0 
 0 
 0 
 0 
 0 
 0 
 0 
 0 
 0 
 0 
 0 
 0 
 0 
 0 
 0 
 0 
 0 
 0 
 0 
 0 
 0 
 0 
 0 
 0 
 0 
 0 
 0 
 0 
 0 
 0 
 0 
 0 
 0 
 0 
 0 
 0 
 0 
 0 
 0 
 0 
 0 
 0 
 0 
 0 
 0 
 0 
 0 
 0 
 0 
 0 
 0 
 0 
 0 
 0 
 0 
 0 
 0 
 0 
 0 
 0 
 0 
 0 
 0 
 0 
 0 
 0 
 0 
 0 
 0 
 0 
 0 
 0 
 0 
 0 
 0 
 0 
 0 
 0 
 0 
 0 
 0 
 0 
 0 
 0 
 0 
 0 
 0 
 0 
 0 
 0 
 0 
 0 
 0 
 0 
 0 
 0 
 0 
 0 
 0 
 0 
 0 
 0 
 0 
 0 
 0 
 0 
 0 
 0 
 0 
 0 
 0 
 0 
 0 
 0 
 0 
 0 
 0 
 0 
 0 
 0 
 0 
 0 
 0 
 0 
 0 
 0 
 0 
 0 
 0 
 0 
 0 
 0 
 0 
 0 
 0 
 0 
 0 
 0 
 0 
 0 
 0 
 0 
 0 
 0 
 0 
 0 
 0 
 0 
 0 
 0 
 0 
 0 
 0 
 0 
 0 
 0 
 0 
 0 
 0 
 0 
 0 
 0 
 0 
 0 
 0 
 0 
 0 
 0 
 0 
 0 
 0 
 0 
 0 
 0 
 0 
 0 
 0 
 0 
 0 
 0 
 0 
 0 
 0 
 0 
 0 
 0 
 0 
 0 
 0 
 0 
 0 
 0 
 0 
 0 
 0 
 0 
 0 
 0 
 0 
 0 
 0 
 0 
 0 
 0 
 0 
 0 
 0 
 0 
 0 
 0 
 0 
 0 
 0 
 0 
 0 
 0 
 0 
 0 
 0 
 0 
 0 
 0 
 0 
 0 
 0 
 0 
 0 
 0 
 0 
 0 
 0 
 0 
 0 
 0 
 0 
 0 
 0 
 0 
 0 
 0 
 0 
 0 
 0 
 0 
 0 
 0 
 0 
 0 
 0 
 0 
 0 
 0 
 0 
 0 
 0 
 0 
 0 
 0 
 0 
 0 
 0 
 0 
 0 
 0 
 0 
 0 
 0 
 0 
 0 
 0 
 0 
 0 
 0 
 0 
 0 
 0 
 0 
 0 
 0 
 0 
 0 
 0 
 0 
 0 
 0 
 0 
 0 
 0 
 0 
 0 
 0 
 0 
 0 
 0 
 0 
 0 
 0 
 0 
 0 
 0 
 0 
 0 
 0 
 0 
 0 
 0 
 0 
 0 
 0 
 0 
 0 
 0 
 0 
 0 
 0 
 0 
 0 
 0 
 0 
 0 
 0 
 0 
 0 
 0 
 0 
 0 
 0 
 0 
 0 
 0 
 0 
 0 
 0 
 0 
 0 
 0 
 0 
 0 
 0 
 0 
 0 
 0 
 0 
 0 
 0 
 0 
 0 
 0 
 0 
 0 
 0 
 0 
 0 
 0 
 0 
 0 
 0 
 0 
 0 
 0 
 0 
 0 
 0 
 0 
 0 
 0 
 0 
 0 
 0 
 0 
 0 
 0 
 0 
 0 
 0 
 0 
 0 
 0 
 0 
 0 
 0 
 0 
 0 
 0 
 0 
 0 
 0 
 0 
 0 
 0 
 0 
 0 
 0 
 0 
 0 
 0 
 0 
 0 
 0 
 0 
 0 
 0 
 0 
 0 
 0 
 0 
 0 
 0 
 0 
 0 
 0 
 0 
 0 
 0 
 0 
 0 
 0 
 0 
 0 
 0 
 0 
 0 
 8,46740050804403E-04 
 8,46740050804403E-04 
 8,46740050804403E-04 
 8,46740050804403E-04 
 8,46740050804403E-04 
 1,69348010160881E-03 
 1,69348010160881E-03 
 1,69348010160881E-03 
 2,54022015241321E-03 
 2,54022015241321E-03 
 2,54022015241321E-03 
 2,54022015241321E-03 
 3,38696020321761E-03 
 4,23370025402202E-03 
 5,08044030482642E-03 
 5,08044030482642E-03 
 5,92718035563082E-03 
 6,77392040643522E-03 
 7,62066045723963E-03 
 8,46740050804403E-03 
 6,77392040643522E-03 
 6,77392040643522E-03 
 6,77392040643522E-03 
 6,77392040643522E-03 
 7,62066045723963E-03 
 7,62066045723963E-03 
 5,92718035563082E-03 
 6,77392040643522E-03 
 9,31414055884843E-03 
 9,31414055884843E-03 
 1,01608806096528E-02 
 1,10076206604572E-02 
 1,18543607112616E-02 
 1,18543607112616E-02 
 1,43945808636749E-02 
 1,52413209144793E-02 
 1,69348010160881E-02 
 1,69348010160881E-02 
 1,60880609652837E-02 
 1,69348010160881E-02 
 1,69348010160881E-02 
 1,77815410668925E-02 
 1,52413209144793E-02 
 1,43945808636749E-02 
 1,77815410668925E-02 
 1,60880609652837E-02 
 1,43945808636749E-02 
 1,52413209144793E-02 
 1,52413209144793E-02 
 1,86282811176969E-02 
 1,77815410668925E-02 
 2,62489415749365E-02 
 2,87891617273497E-02 
 3,55630821337849E-02 
 3,81033022861981E-02 
 4,23370025402202E-02 
 4,48772226926334E-02 
 4,65707027942422E-02 
 4,57239627434378E-02 
 4,48772226926334E-02 
 5,08044030482642E-02 
 5,58848433530906E-02 
 5,75783234546994E-02 
 7,45131244707875E-02 
 7,19729043183743E-02 
 7,36663844199831E-02 
 7,02794242167655E-02 
 7,62066045723963E-02 
 7,79000846740051E-02 
 0,177815410668925 
 0,181202370872142 
 0,212531752751905 
 0,211685012701101 
 0,169348010160881 
 0,161727349703641 
 0,160033869602032 
 0,165114309906859 
 0,200677392040644 
 0,251481795088908 
 0,201524132091448 
 0,237087214225233 
 0,24047417442845 
 0,244707874682472 
 0,244707874682472 
 0,24809483488569 
 0,252328535139712 
 0,246401354784081 
 0,249788314987299 
 0,253175275190517 
 0,254022015241321 
 0,257408975444539 
 0,241320914479255 
 0,260795935647756 
 0,263336155800169 
 0,270110076206605 
 0,270110076206605 
 0,270110076206605 
 0,222692633361558 
 9,90685859441152E-02 
 9,99153259949196E-02 
 0,101608806096528 
 0,102455546147333 
 0,107535986452159 
 0,111769686706181 
 0,124470787468247 
 0,128704487722269 
 0,149026248941575 
 0,150719729043184 
 0,16342082980525 
 0,161727349703641 
 0,151566469093988 
 0,18458933107536 
 0,189669771380186 
 0,31160033869602 
 0,314987298899238 
 0,317527519051651 
 0,320914479254869 
 0,215918712955123 
 0,221845893310754 
 0,211685012701101 
 0,226079593564776 
 0,154953429297206 
 0,156646909398815 
 0,161727349703641 
 0,181202370872142 
 0,177815410668925 
 0,175275190516511 
 0,198983911939035 
 0,20575783234547 
 0,193056731583404 
 0,190516511430991 
 0,187129551227773 
 0,183742591024555 
 0,185436071126164 
 0,171888230313294 
 0,154106689246401 
 0,15580016934801 
 0,156646909398815 
 0,167654530059272 
 0,164267569856054 
 0,170194750211685 
 0,171041490262489 
 0,193056731583404 
 0,183742591024555 
 0,180355630821338 
 0,186282811176969 
 0,19813717188823 
 0,215071972904318 
 0,232853513971211 
 0,207451312447079 
 0,203217612193057 
 0,198983911939035 
 0,195596951735817 
 0,196443691786621 
 0,187129551227773 
 0,193056731583404 
 0,266723116003387 
 0,201524132091448 
 0,247248094834886 
 0,175275190516511 
 0,182049110922947 
 0,177815410668925 
 0,18458933107536 
 0,191363251481795 
 0,192209991532599 
 0,187129551227773 
 0,400508044030483 
 0,397121083827265 
 0,392887383573243 
 0,341236240474174 
 0,36155800169348 
 0,296359017781541 
 0,188823031329382 
 0,201524132091448 
 0,203217612193057 
 0,438611346316681 
 0,441151566469094 
 0,418289585097375 
 0,344623200677392 
 0,327688399661304 
 0,316680779000847 
 0,331075359864522 
 0,345469940728196 
 0,519898391193903 
 0,529212531752752 
 0,531752751905165 
 0,527519051651143 
 0,530059271803556 
 0,506350550381033 
 0,514817950889077 
 0,477561388653683 
 0,525825571549534 
 0,501270110076207 
 0,51735817104149 
 0,485182049110923 
 0,487722269263336 
 0,679932260795936 
 0,682472480948349 
 0,685859441151566 
 0,68839966130398 
 0,690939881456393 
 0,693480101608806 
 0,696867061812024 
 0,699407281964437 
 0,582557154953429 
 0,585097375105842 
 0,586790855207451 
 0,589331075359865 
 0,598645215918713 
 0,622353937341236 
 0,61727349703641 
 0,612193056731583 
 0,715495342929721 
 0,724809483488569 
 0,727349703640982 
 0,729889923793395 
 0,732430143945809 
 0,734970364098222 
 0,737510584250635 
 0,740050804403048 
 0,742591024555461 
 0,745131244707875 
 0,746824724809483 
 0,749364944961897 
 0,75190516511431 
 0,754445385266723 
 0,756138865368332 
 0,758679085520745 
 0,761219305673158 
 0,755292125317528 
 0,727349703640982 
 0,729043183742591 
 0,654530059271804 
 0,648602878916173 
 0,650296359017781 
 0,636748518204911 
 0,63844199830652 
 0,647756138865368 
 0,649449618966977 
 0,784928027095682 
 0,78662150719729 
 0,733276883996613 
 0,687552921253175 
 0,697713801862828 
 0,795088907705334 
 0,796782387806943 
 0,798475867908552 
 0,800169348010161 
 0,802709568162574 
 0,804403048264183 
 0,806096528365792 
 0,8077900084674 
 0,663844199830652 
 0,665537679932261 
 0,658763759525826 
 0,334462320067739 
 0,375952582557155 
 0,392887383573243 
 0,320067739204064 
 0,337002540220152 
 0,35393734123624 
 0,297205757832345 
 0,272650296359018 
 0,273497036409822 
 0,298899237933954 
 0,299745977984759 
 0,291278577476715 
 0,300592718035563 
 0,276037256562235 
 0,243014394580864 
 0,251481795088908 
 0,252328535139712 
 0,252328535139712 
 0,236240474174428 
 0,236240474174428 
 0,211685012701101 
 0,211685012701101 
 0,229466553767993 
 0,187129551227773 
 0,187129551227773 
 0,196443691786621 
 0,187976291278577 
 0,196443691786621 
 0,197290431837426 
 0,20575783234547 
 0,197290431837426 
 0,206604572396274 
 0,215071972904318 
 0,206604572396274 
 0,232853513971211 
 0,215918712955123 
 0,216765453005927 
 0,208298052497883 
 0,199830651989839 
 0,199830651989839 
 0,182895850973751 
 0,174428450465707 
 0,165961049957663 
 0,148179508890771 
 0,121930567315834 
 0,11346316680779 
 0,11346316680779 
 0,11346316680779 
 0,104995766299746 
 0,122777307366638 
 0,122777307366638 
 0,140558848433531 
 0,122777307366638 
 9,65283657917019E-02 
 0,10584250635055 
 0,10584250635055 
 0,10584250635055 
 0,10584250635055 
 0,10584250635055 
 9,73751058425063E-02 
 9,73751058425063E-02 
 0,10584250635055 
 0,106689246401355 
 0,115156646909399 
 0,124470787468247 
 0,106689246401355 
 9,73751058425063E-02 
 8,89077053344623E-02 
 7,95935647756139E-02 
 8,89077053344623E-02 
 8,89077053344623E-02 
 9,82218458933107E-02 
 9,82218458933107E-02 
 0,106689246401355 
 0,106689246401355 
 0,116003386960203 
 0,124470787468247 
 0,106689246401355 
 0,116003386960203 
 8,89077053344623E-02 
 8,89077053344623E-02 
 8,89077053344623E-02 
 9,82218458933107E-02 
 9,82218458933107E-02 
 9,82218458933107E-02 
 8,89077053344623E-02 
 9,82218458933107E-02 
 0,116003386960203 
 0,133784928027096 
 0,133784928027096 
 0,133784928027096 
 0,160880609652837 
 0,160880609652837 
 0,196443691786621 
 0,196443691786621 
 0,232006773920406 
 0,222692633361558 
 0,232006773920406 
 0,276037256562235 
 0,267569856054191 
 0,267569856054191 
 0,24047417442845 
 0,266723116003387 
 0,258255715495343 
 0,258255715495343 
 0,302286198137172 
 0,292972057578323 
 0,275190516511431 
 0,302286198137172 
 0,310753598645216 
 0,416596104995766 
 0,513971210838273 
 0,602878916172735 
 0,292125317527519 
 0,282811176968671 
 0,292125317527519 
 0,291278577476715 
 0,291278577476715 
 0,299745977984759 
 0,309060118543607 
 0,325994919559695 
 0,334462320067739 
 0,835732430143946 
 0,861981371718882 
 0,861134631668078 
 0,860287891617273 
 0,859441151566469 
 0,832345469940728 
 0,770533446232007 
 0,874682472480948 
 0,873835732430144 
 0,87298899237934 
 0,627434377646063 
 0,644369178662151 
 0,582557154953429 
 0,512277730736664 
 0,529212531752752 
 0,511430990685859 
 0,519898391193903 
 0,864521591871296 
 0,863674851820491 
 0,862828111769687 
 0,861134631668078 
 0,860287891617273 
 0,859441151566469 
 0,85774767146486 
 0,856900931414056 
 0,855207451312447 
 0,854360711261643 
 0,853513971210838 
 0,851820491109229 
 0,42506350550381 
 0,407281964436918 
 0,398814563928874 
 0,389500423370025 
 0,397121083827265 
 0,370872142252329 
 0,370872142252329 
 0,412362404741744 
 0,336155800169348 
 0,502963590177815 
 0,451312447078747 
 0,442845046570703 
 0,733276883996613 
 0,732430143945809 
 0,739204064352244 
 0,729043183742591 
 0,735817104149026 
 0,808636748518205 
 0,8077900084674 
 0,813717188823031 
 0,722269263336156 
 0,778154106689246 
 0,767993226079594 
 0,774767146486029 
 0,77307366638442 
 0,7307366638442 
 0,299745977984759 
 0,266723116003387 
 0,265876375952583 
 0,265876375952583 
 0,36917866215072 
 0,352243861134632 
 0,327688399661304 
 0,3268416596105 
 0,485182049110923 
 0,539373412362405 
 0,355630821337849 
 0,331075359864522 
 0,338696020321761 
 0,329381879762913 
 0,337002540220152 
 0,343776460626588 
 0,389500423370025 
 0,65198983911939 
 0,642675698560542 
 0,640982218458933 
 0,631668077900085 
 0,622353937341236 
 0,612193056731583 
 0,610499576629975 
 0,700254022015241 
 0,698560541913632 
 0,68077900084674 
 0,671464860287892 
 0,669771380186283 
 0,412362404741744 
 0,500423370025402 
 0,476714648602879 
 0,490262489415749 
 0,474174428450466 
 0,502116850127011 
 0,500423370025402 
 0,607959356477561 
 0,606265876375953 
 0,604572396274344 
 0,602032176121931 
 0,563928873835732 
 0,605419136325148 
 0,624894157493649 
 0,564775613886537 
 0,556308213378493 
 0,710414902624894 
 0,707874682472481 
 0,704487722269263 
 0,70194750211685 
 0,699407281964437 
 0,696867061812024 
 0,69432684165961 
 0,691786621507197 
 0,68839966130398 
 0,63082133784928 
 0,635055038103302 
 0,612193056731583 
 0,623200677392041 
 0,607112616426757 
 0,604572396274344 
 0,608806096528366 
 0,632514817950889 
 0,657070279424217 
 0,653683319220999 
 0,618120237087214 
 0,615580016934801 
 0,631668077900085 
 0,38272650296359 
 0,374259102455546 
 0,379339542760373 
 0,249788314987299 
 0,254868755292125 
 0,253175275190517 
 0,201524132091448 
 0,288738357324301 
 0,299745977984759 
 0,292125317527519 
 0,296359017781541 
 0,282811176968671 
 0,275190516511431 
 0,51735817104149 
 0,520745131244708 
 0,524132091447925 
 0,479254868755292 
 0,172734970364098 
 0,237087214225233 
 0,236240474174428 
 0,23454699407282 
 0,256562235393734 
 0,254868755292125 
 0,282811176968671 
 0,252328535139712 
 0,262489415749365 
 0,243861134631668 
 0,292972057578323 
 0,195596951735817 
 0,15580016934801 
 0,160033869602032 
 0,165114309906859 
 0,174428450465707 
 0,173581710414903 
 0,161727349703641 
 0,160880609652837 
 0,143945808636749 
 0,137171888230313 
 0,136325148179509 
 0,115156646909399 
 0,114309906858594 
 0,123624047417443 
 0,102455546147333 
 0,106689246401355 
 0,110922946655377 
 0,110076206604572 
 0,114309906858594 
 0,11346316680779 
 0,12701100762066 
 0,121930567315834 
 0,12108382726503 
 0,119390347163421 
 0,156646909398815 
 0,150719729043184 
 0,159187129551228 
 0,166807790008467 
 0,175275190516511 
 0,182895850973751 
 0,190516511430991 
 0,179508890770533 
 0,44623200677392 
 0,441998306519898 
 0,438611346316681 
 0,434377646062659 
 0,430990685859441 
 0,426756985605419 
 0,41913632514818 
 0,414902624894157 
 0,415749364944962 
 0,41151566469094 
 0,408128704487722 
 0,4038950042337 
 0,400508044030483 
 0,396274343776461 
 0,392887383573243 
 0,388653683319221 
 0,385266723116003 
 0,381033022861981 
 0,358171041490262 
 0,350550381033023 
 0,358171041490262 
 0,292125317527519 
 0,289585097375106 
 0,289585097375106 
 0,286198137171888 
 0,279424216765453 
 0,235393734123624 
 0,314140558848434 
 0,303979678238781 
 0,303979678238781 
 0,300592718035563 
 0,325994919559695 
 0,321761219305673 
 0,318374259102456 
 0,314140558848434 
 0,309906858594412 
 0,306519898391194 
 0,302286198137172 
 0,29805249788315 
 0,293818797629128 
 0,278577476714649 
 0,286198137171888 
 0,281964436917866 
 0,277730736663844 
 0,274343776460627 
 0,270110076206605 
 0,265876375952583 
 0,227773073666384 
 0,214225232853514 
 0,218458933107536 
 0,180355630821338 
 0,179508890770533 
 0,183742591024555 
 0,182895850973751 
 0,193903471634208 
 0,190516511430991 
 0,135478408128704 
 0,102455546147333 
 0,109229466553768 
 8,97544453852667E-02 
 8,21337849280271E-02 
 8,63674851820491E-02 
 8,72142252328535E-02 
 8,72142252328535E-02 
 0,124470787468247 
 0,18458933107536 
 0,182049110922947 
 0,182049110922947 
 0,177815410668925 
 0,174428450465707 
 0,170194750211685 
 0,165961049957663 
 0,102455546147333 
 0,107535986452159 
 0,110922946655377 
 0,150719729043184 
 0,146486028789162 
 0,143099068585944 
 0,138865368331922 
 0,135478408128704 
 0,131244707874682 
 0,127857747671465 
 0,123624047417443 
 0,120237087214225 
 0,116003386960203 
 0,112616426756986 
 0,109229466553768 
 0,104995766299746 
 0,101608806096528 
 9,82218458933107E-02 
 9,39881456392887E-02 
 9,06011854360711E-02 
 7,70533446232007E-02 
 8,38272650296359E-02 
 8,04403048264183E-02 
 7,70533446232007E-02 
 7,36663844199831E-02 
 7,02794242167655E-02 
 6,68924640135478E-02 
 6,35055038103302E-02 
 6,01185436071126E-02 
 5,58848433530906E-02 
 0,052497883149873 
 3,89500423370025E-02 
 3,72565622353937E-02 
 3,55630821337849E-02 
 1,69348010160881E-02 
 1,69348010160881E-02 
 1,60880609652837E-02 
 1,35478408128704E-02 
 0,012701100762066 
 1,10076206604572E-02 
 8,46740050804403E-03 
 7,62066045723963E-03 
 7,62066045723963E-03 
 6,77392040643522E-03 
 5,92718035563082E-03 
 5,08044030482642E-03 
 7,62066045723963E-03 
 8,46740050804403E-03 
 6,77392040643522E-03 
 5,92718035563082E-03 
 4,23370025402202E-03 
 3,38696020321761E-03 
 2,54022015241321E-03 
 1,69348010160881E-03 
 1,69348010160881E-03 
 8,46740050804403E-04 
 8,46740050804403E-04 
 8,46740050804403E-04 
 0 
 0 
 0 
 0 
 0 
 0 
 0 
 0 
 0 
 0 
 0 
 0 
 0 
 0 
 0 
 0 
 0 
 0 
 0 
 0 
 0 
 0 
 0 
 0 
 0 
 0 
 0 
 0 
 0 
 0 
 0 
 0 
 0 
 0 
 0 
 0 
 0 
 0 
 0 
 0 
 0 
 0 
 0 
 0 
 0 
 0 
 0 
 0 
 0 
 0 
 0 
 0 
 0 
 0 
 0 
 0 
 0 
 0 
 0 
 0 
 0 
 0 
 0 
 0 
 0 
 0 
 0 
 0 
 0 
 0 
 0 
 0 
 0 
 0 
 0 
 0 
 0 
 0 
 0 
 0 
 0 
 0 
 0 
 0 
 0 
 0 
 0 
 0 
 0 
 0 
 0 
 0 
 0 
 0 
 0 
 0 
 0 
 0 
 0 
 0 
 0 
 0 
 0 
 0 
 0 
 0 
 0 
 0 
 0 
 0 
 0 
 0 
 0 
 0 
 0 
 0 
 0 
 0 
 0 
 0 
 0 
 0 
 0 
 0 
 0 
 0 
 0 
 0 
 0 
 0 
 0 
 0 
 0 
 0 
 0 
 0 
 0 
 0 
 0 
 0 
 0 
 0 
 0 
 0 
 0 
 0 
 0 
 0 
 0 
 0 
 0 
 0 
 0 
 0 
 0 
 0 
 0 
 0 
 0 
 0 
 0 
 0 
 0 
 0 
 0 
 0 
 0 
 0 
 0 
 0 
 0 
 0 
 0 
 0 
 0 
 0 
 0 
 0 
 0 
 0 
 0 
 0 
 0 
 0 
 0 
 0 
 0 
 0 
 0 
 0 
 0 
 0 
 0 
 0 
 0 
 0 
 0 
 0 
 0 
 0 
 0 
 0 
 0 
 0 
 0 
 0 
 0 
 0 
 0 
 0 
 0 
 0 
 0 
 0 
 0 
 0 
 0 
 0 
 0 
 0 
 0 
 0 
 0 
 0 
 0 
 0 
 0 
 0 
 0 
 0 
 0 
 0 
 0 
 0 
 0 
 0 
 0 
 0 
 0 
 0 
 0 
 0 
 0 
 0 
 0 
 0 
 0 
 0 
 0 
 0 
 0 
 0 
 0 
 0 
 0 
 0 
 0 
 0 
 0 
 0 
 0 
 0 
 0 
 0 
 0 
 0 
 0 
 0 
 0 
 0 
 0 
 0 
 0 
 0 
 0 
 0 
 0 
 0 
 0 
 0 
 0 
 0 
 0 
 0 
 0 
 0 
 0 
 0 
 0 
 0 
 0 
 0 
 0 
 0 
 0 
 0 
 0 
 0 
 0 
 0 
 0 
 0 
 0 
 0 
 0 
 0 
 0 
 0 
 0 
 0 
 0 
 0 
