 0 
 0 
 0 
 0 
 0 
 0 
 0 
 0 
 0 
 0 
 0 
 0 
 0 
 0 
 0 
 0 
 0 
 0 
 0 
 0 
 0 
 0 
 0 
 0 
 0 
 0 
 0 
 0 
 0 
 0 
 0 
 0 
 0 
 0 
 0 
 0 
 0 
 0 
 0 
 0 
 0 
 0 
 0 
 0 
 0 
 0 
 0 
 0 
 0 
 0 
 0 
 0 
 0 
 0 
 0 
 0 
 0 
 0 
 0 
 0 
 0 
 0 
 0 
 0 
 0 
 0 
 0 
 0 
 0 
 0 
 0 
 0 
 0 
 0 
 0 
 0 
 0 
 0 
 0 
 0 
 0 
 0 
 0 
 0 
 0 
 0 
 0 
 0 
 0 
 0 
 0 
 0 
 0 
 0 
 0 
 0 
 0 
 0 
 0 
 0 
 0 
 0 
 0 
 0 
 0 
 0 
 0 
 0 
 0 
 0 
 0 
 0 
 0 
 0 
 0 
 0 
 0 
 0 
 0 
 0 
 0 
 0 
 0 
 0 
 0 
 0 
 0 
 0 
 0 
 0 
 0 
 0 
 0 
 0 
 0 
 0 
 0 
 0 
 0 
 0 
 0 
 0 
 0 
 0 
 0 
 0 
 0 
 0 
 0 
 0 
 0 
 0 
 0 
 0 
 0 
 0 
 0 
 0 
 0 
 0 
 0 
 0 
 0 
 0 
 0 
 0 
 0 
 0 
 0 
 0 
 0 
 0 
 0 
 0 
 0 
 0 
 0 
 0 
 0 
 0 
 0 
 0 
 0 
 0 
 0 
 0 
 0 
 0 
 0 
 0 
 0 
 0 
 0 
 0 
 0 
 0 
 0 
 0 
 0 
 0 
 0 
 0 
 0 
 0 
 0 
 0 
 0 
 0 
 0 
 0 
 0 
 0 
 0 
 0 
 0 
 0 
 0 
 0 
 0 
 0 
 0 
 0 
 0 
 0 
 0 
 0 
 0 
 0 
 0 
 0 
 0 
 0 
 0 
 0 
 0 
 0 
 0 
 0 
 0 
 0 
 0 
 0 
 0 
 0 
 0 
 0 
 0 
 0 
 0 
 0 
 0 
 0 
 0 
 0 
 0 
 0 
 0 
 0 
 0 
 0 
 0 
 0 
 0 
 0 
 0 
 0 
 0 
 0 
 0 
 0 
 0 
 0 
 0 
 0 
 0 
 0 
 0 
 0 
 0 
 0 
 0 
 0 
 0 
 0 
 0 
 0 
 0 
 0 
 0 
 0 
 0 
 0 
 0 
 0 
 0 
 0 
 0 
 0 
 0 
 0 
 0 
 0 
 0 
 0 
 0 
 0 
 0 
 0 
 0 
 0 
 0 
 0 
 0 
 0 
 0 
 0 
 0 
 0 
 0 
 0 
 0 
 0 
 0 
 0 
 0 
 0 
 0 
 0 
 0 
 0 
 0 
 0 
 0 
 0 
 0 
 0 
 0 
 0 
 0 
 0 
 0 
 0 
 0 
 0 
 0 
 0 
 0 
 0 
 0 
 0 
 0 
 0 
 0 
 0 
 0 
 0 
 0 
 0 
 0 
 0 
 0 
 0 
 0 
 0 
 0 
 0 
 0 
 0 
 0 
 0 
 0 
 0 
 0 
 0 
 0 
 0 
 0 
 0 
 0 
 0 
 0 
 0 
 0 
 0 
 0 
 0 
 0 
 0 
 0 
 0 
 0 
 0 
 0 
 0 
 0 
 0 
 0 
 0 
 0 
 0 
 0 
 0 
 0 
 0 
 0 
 0 
 0 
 0 
 0 
 0 
 0 
 0 
 0 
 0 
 0 
 0 
 0 
 0 
 0 
 0 
 0 
 0 
 0 
 0 
 0 
 0 
 0 
 0 
 0 
 0 
 0 
 0 
 0 
 0 
 8,46740050804403E-04 
 8,46740050804403E-04 
 8,46740050804403E-04 
 1,69348010160881E-03 
 2,54022015241321E-03 
 3,38696020321761E-03 
 3,38696020321761E-03 
 4,23370025402202E-03 
 5,92718035563082E-03 
 6,77392040643522E-03 
 5,92718035563082E-03 
 6,77392040643522E-03 
 9,31414055884843E-03 
 1,01608806096528E-02 
 1,01608806096528E-02 
 1,18543607112616E-02 
 1,01608806096528E-02 
 1,86282811176969E-02 
 1,94750211685013E-02 
 2,11685012701101E-02 
 2,28619813717189E-02 
 2,37087214225233E-02 
 2,54022015241321E-02 
 2,70956816257409E-02 
 2,96359017781541E-02 
 3,30228619813717E-02 
 3,64098221845893E-02 
 4,06435224386113E-02 
 4,23370025402202E-02 
 4,48772226926334E-02 
 0,044030482641829 
 0,048264182895851 
 6,60457239627434E-02 
 0,069432684165961 
 7,28196443691787E-02 
 7,62066045723963E-02 
 7,95935647756139E-02 
 8,29805249788315E-02 
 7,11261642675699E-02 
 7,19729043183743E-02 
 9,39881456392887E-02 
 9,73751058425063E-02 
 0,100762066045724 
 0,104995766299746 
 0,108382726502964 
 0,111769686706181 
 0,116003386960203 
 0,119390347163421 
 0,123624047417443 
 0,12701100762066 
 0,131244707874682 
 0,1346316680779 
 0,138865368331922 
 0,14225232853514 
 0,146486028789162 
 0,149872988992379 
 0,154106689246401 
 0,157493649449619 
 0,161727349703641 
 0,165961049957663 
 0,169348010160881 
 0,173581710414903 
 0,177815410668925 
 0,181202370872142 
 0,185436071126164 
 0,189669771380186 
 0,193056731583404 
 0,189669771380186 
 0,193056731583404 
 0,174428450465707 
 0,177815410668925 
 0,192209991532599 
 0,193903471634208 
 0,220999153259949 
 0,225232853513971 
 0,229466553767993 
 0,233700254022015 
 0,237087214225233 
 0,241320914479255 
 0,245554614733277 
 0,239627434377646 
 0,243014394580864 
 0,244707874682472 
 0,245554614733277 
 0,146486028789162 
 0,161727349703641 
 0,153259949195597 
 0,141405588484335 
 0,140558848433531 
 0,145639288738357 
 0,147332768839966 
 0,129551227773074 
 0,131244707874682 
 0,12108382726503 
 0,106689246401355 
 0,111769686706181 
 0,132091447925487 
 0,136325148179509 
 0,141405588484335 
 0,146486028789162 
 0,167654530059272 
 0,170194750211685 
 0,192209991532599 
 0,19813717188823 
 0,186282811176969 
 0,233700254022015 
 0,229466553767993 
 0,239627434377646 
 0,237933954276037 
 0,259102455546147 
 0,36155800169348 
 0,253175275190517 
 0,263336155800169 
 0,247248094834886 
 0,249788314987299 
 0,24047417442845 
 0,254868755292125 
 0,177815410668925 
 0,176121930567316 
 0,221845893310754 
 0,228619813717189 
 0,23454699407282 
 0,248941574936494 
 0,217612193056732 
 0,198983911939035 
 0,200677392040644 
 0,258255715495343 
 0,312447078746825 
 0,284504657070279 
 0,287044877222693 
 0,342929720575783 
 0,300592718035563 
 0,303132938187976 
 0,364944961896698 
 0,3268416596105 
 0,292125317527519 
 0,294665537679932 
 0,310753598645216 
 0,318374259102456 
 0,344623200677392 
 0,352243861134632 
 0,379339542760373 
 0,376799322607959 
 0,404741744284505 
 0,407281964436918 
 0,409822184589331 
 0,418289585097375 
 0,481795088907705 
 0,485182049110923 
 0,483488569009314 
 0,486875529212532 
 0,490262489415749 
 0,477561388653683 
 0,480948348856901 
 0,308213378492803 
 0,283657917019475 
 0,259102455546147 
 0,227773073666384 
 0,283657917019475 
 0,34038950042337 
 0,320914479254869 
 0,316680779000847 
 0,313293818797629 
 0,259102455546147 
 0,480948348856901 
 0,478408128704488 
 0,486875529212532 
 0,495342929720576 
 0,469093988145639 
 0,477561388653683 
 0,480101608806097 
 0,459779847586791 
 0,456392887383573 
 0,458933107535986 
 0,46740050804403 
 0,348856900931414 
 0,363251481795089 
 0,273497036409822 
 0,2692633361558 
 0,331922099915326 
 0,346316680779001 
 0,34801016088061 
 0,355630821337849 
 0,344623200677392 
 0,302286198137172 
 0,449618966977138 
 0,458086367485182 
 0,479254868755292 
 0,519898391193903 
 0,548687552921253 
 0,557154953429297 
 0,566469093988146 
 0,595258255715495 
 0,597798475867909 
 0,587637595258256 
 0,490262489415749 
 0,499576629974598 
 0,494496189669771 
 0,497036409822185 
 0,478408128704488 
 0,345469940728196 
 0,333615580016935 
 0,320914479254869 
 0,308213378492803 
 0,351397121083827 
 0,421676545300593 
 0,430143945808637 
 0,438611346316681 
 0,55969517358171 
 0,568162574089754 
 0,570702794242168 
 0,572396274343776 
 0,581710414902625 
 0,576629974597799 
 0,350550381033023 
 0,58086367485182 
 0,575783234546994 
 0,613886536833192 
 0,616426756985605 
 0,611346316680779 
 0,613039796782388 
 0,615580016934801 
 0,683319220999153 
 0,685859441151566 
 0,621507197290432 
 0,616426756985605 
 0,625740897544454 
 0,627434377646063 
 0,636748518204911 
 0,729043183742591 
 0,754445385266723 
 0,756138865368332 
 0,758679085520745 
 0,761219305673158 
 0,762912785774767 
 0,76545300592718 
 0,767993226079594 
 0,769686706181202 
 0,772226926333616 
 0,773920406435224 
 0,776460626587638 
 0,778154106689246 
 0,764606265876376 
 0,767146486028789 
 0,737510584250635 
 0,739204064352244 
 0,741744284504657 
 0,751058425063506 
 0,752751905165114 
 0,762912785774767 
 0,518204911092295 
 0,519051651143099 
 0,728196443691787 
 0,618120237087214 
 0,611346316680779 
 0,580016934801016 
 0,64606265876376 
 0,672311600338696 
 0,811176968670618 
 0,813717188823031 
 0,505503810330229 
 0,604572396274344 
 0,679085520745131 
 0,68077900084674 
 0,674005080440305 
 0,683319220999153 
 0,693480101608806 
 0,371718882303133 
 0,364944961896698 
 0,357324301439458 
 0,515664690939881 
 0,833192209991533 
 0,834885690093141 
 0,83657917019475 
 0,837425910245555 
 0,839119390347163 
 0,840812870448772 
 0,842506350550381 
 0,843353090601185 
 0,845046570702794 
 0,846740050804403 
 0,847586790855207 
 0,849280270956816 
 0,850127011007621 
 0,851820491109229 
 0,84419983065199 
 0,837425910245555 
 0,855207451312447 
 0,856900931414056 
 0,85774767146486 
 0,850127011007621 
 0,851820491109229 
 0,852667231160034 
 0,862828111769687 
 0,863674851820491 
 0,864521591871296 
 0,8653683319221 
 0,867061812023709 
 0,867908552074513 
 0,868755292125318 
 0,834885690093141 
 0,870448772226926 
 0,871295512277731 
 0,872142252328535 
 0,87298899237934 
 0,734123624047417 
 0,480948348856901 
 0,578323454699407 
 0,578323454699407 
 0,394580863674852 
 0,386113463166808 
 0,386960203217612 
 0,246401354784081 
 0,237933954276037 
 0,237933954276037 
 0,247248094834886 
 0,25571549534293 
 0,247248094834886 
 0,309060118543607 
 0,309906858594412 
 0,300592718035563 
 0,309906858594412 
 0,292125317527519 
 0,257408975444539 
 0,541066892464014 
 0,550381033022862 
 0,550381033022862 
 0,444538526672312 
 0,444538526672312 
 0,45385266723116 
 0,45385266723116 
 0,436071126164268 
 0,427603725656224 
 0,400508044030483 
 0,418289585097375 
 0,401354784081287 
 0,303132938187976 
 0,293818797629128 
 0,303132938187976 
 0,27688399661304 
 0,267569856054191 
 0,24047417442845 
 0,27688399661304 
 0,27688399661304 
 0,249788314987299 
 0,249788314987299 
 0,249788314987299 
 0,267569856054191 
 0,232006773920406 
 0,232006773920406 
 0,232006773920406 
 0,222692633361558 
 0,241320914479255 
 0,24047417442845 
 0,24047417442845 
 0,222692633361558 
 0,222692633361558 
 0,204911092294666 
 0,204911092294666 
 0,187129551227773 
 0,177815410668925 
 0,187129551227773 
 0,195596951735817 
 0,187129551227773 
 0,187129551227773 
 0,21337849280271 
 0,21337849280271 
 0,204064352243861 
 0,204064352243861 
 0,21337849280271 
 0,212531752751905 
 0,221845893310754 
 0,230313293818798 
 0,230313293818798 
 0,220999153259949 
 0,230313293818798 
 0,247248094834886 
 0,265029635901778 
 0,273497036409822 
 0,281964436917866 
 0,281964436917866 
 0,29043183742591 
 0,334462320067739 
 0,360711261642676 
 0,359864521591871 
 0,342082980524979 
 0,324301439458086 
 0,324301439458086 
 0,341236240474174 
 0,393734123624047 
 0,392887383573243 
 0,383573243014395 
 0,409822184589331 
 0,662150719729043 
 0,669771380186283 
 0,660457239627434 
 0,355630821337849 
 0,42506350550381 
 0,337849280270957 
 0,346316680779001 
 0,337002540220152 
 0,35393734123624 
 0,36155800169348 
 0,353090601185436 
 0,36917866215072 
 0,36917866215072 
 0,462320067739204 
 0,410668924640135 
 0,401354784081287 
 0,392040643522439 
 0,392040643522439 
 0,408128704487722 
 0,407281964436918 
 0,407281964436918 
 0,414902624894157 
 0,422523285351397 
 0,387806943268417 
 0,370872142252329 
 0,36155800169348 
 0,360711261642676 
 0,292972057578323 
 0,342929720575783 
 0,333615580016935 
 0,342082980524979 
 0,38272650296359 
 0,39034716342083 
 0,389500423370025 
 0,413209144792549 
 0,396274343776461 
 0,469940728196444 
 0,493649449618967 
 0,533446232006774 
 0,548687552921253 
 0,580016934801016 
 0,579170194750212 
 0,577476714648603 
 0,568162574089754 
 0,551227773073666 
 0,558001693480102 
 0,596951735817104 
 0,571549534292972 
 0,569856054191363 
 0,576629974597799 
 0,57493649449619 
 0,558001693480102 
 0,572396274343776 
 0,563082133784928 
 0,561388653683319 
 0,584250635055038 
 0,606265876375953 
 0,549534292972058 
 0,634208298052498 
 0,632514817950889 
 0,685012701100762 
 0,675698560541914 
 0,666384419983065 
 0,663844199830652 
 0,562235393734124 
 0,560541913632515 
 0,535986452159187 
 0,557154953429297 
 0,570702794242168 
 0,54614733276884 
 0,544453852667231 
 0,535986452159187 
 0,631668077900085 
 0,562235393734124 
 0,568162574089754 
 0,513971210838273 
 0,437764606265876 
 0,614733276883997 
 0,612193056731583 
 0,618120237087214 
 0,615580016934801 
 0,606265876375953 
 0,604572396274344 
 0,602032176121931 
 0,209991532599492 
 0,237933954276037 
 0,237087214225233 
 0,214225232853514 
 0,199830651989839 
 0,20575783234547 
 0,170194750211685 
 0,161727349703641 
 0,168501270110076 
 0,167654530059272 
 0,160033869602032 
 0,160033869602032 
 0,159187129551228 
 0,158340389500423 
 0,157493649449619 
 0,164267569856054 
 0,136325148179509 
 0,135478408128704 
 0,148179508890771 
 0,148179508890771 
 0,147332768839966 
 0,146486028789162 
 0,145639288738357 
 0,145639288738357 
 0,144792548687553 
 0,143945808636749 
 0,156646909398815 
 0,15580016934801 
 0,161727349703641 
 0,186282811176969 
 0,185436071126164 
 0,191363251481795 
 0,183742591024555 
 0,188823031329382 
 0,200677392040644 
 0,187129551227773 
 0,186282811176969 
 0,185436071126164 
 0,18458933107536 
 0,208298052497883 
 0,450465707027942 
 0,236240474174428 
 0,23454699407282 
 0,257408975444539 
 0,244707874682472 
 0,231160033869602 
 0,230313293818798 
 0,23454699407282 
 0,244707874682472 
 0,248941574936494 
 0,386113463166808 
 0,384419983065199 
 0,438611346316681 
 0,374259102455546 
 0,348856900931414 
 0,364098221845893 
 0,356477561388654 
 0,325994919559695 
 0,318374259102456 
 0,327688399661304 
 0,314987298899238 
 0,312447078746825 
 0,370025402201524 
 0,430990685859441 
 0,428450465707028 
 0,425910245554615 
 0,417442845046571 
 0,42506350550381 
 0,422523285351397 
 0,363251481795089 
 0,406435224386113 
 0,398814563928874 
 0,395427603725656 
 0,218458933107536 
 0,197290431837426 
 0,195596951735817 
 0,194750211685013 
 0,187976291278577 
 0,182049110922947 
 0,252328535139712 
 0,254868755292125 
 0,262489415749365 
 0,278577476714649 
 0,294665537679932 
 0,265029635901778 
 0,29043183742591 
 0,301439458086367 
 0,285351397121084 
 0,282811176968671 
 0,280270956816257 
 0,2692633361558 
 0,36155800169348 
 0,359017781541067 
 0,338696020321761 
 0,281117696867062 
 0,287044877222693 
 0,362404741744284 
 0,318374259102456 
 0,343776460626588 
 0,308213378492803 
 0,317527519051651 
 0,275190516511431 
 0,276037256562235 
 0,284504657070279 
 0,274343776460627 
 0,358171041490262 
 0,272650296359018 
 0,236240474174428 
 0,241320914479255 
 0,17696867061812 
 0,171888230313294 
 0,138018628281118 
 0,132938187976291 
 0,127857747671465 
 0,122777307366638 
 0,270110076206605 
 0,273497036409822 
 0,280270956816257 
 0,27688399661304 
 0,273497036409822 
 0,270110076206605 
 0,172734970364098 
 0,173581710414903 
 0,165114309906859 
 0,229466553767993 
 0,196443691786621 
 0,199830651989839 
 0,194750211685013 
 0,211685012701101 
 0,281964436917866 
 0,277730736663844 
 0,274343776460627 
 0,270110076206605 
 0,265876375952583 
 0,262489415749365 
 0,258255715495343 
 0,254022015241321 
 0,249788314987299 
 0,246401354784081 
 0,242167654530059 
 0,237933954276037 
 0,233700254022015 
 0,230313293818798 
 0,226079593564776 
 0,221845893310754 
 0,21337849280271 
 0,209991532599492 
 0,176121930567316 
 0,14225232853514 
 0,139712108382726 
 0,14225232853514 
 0,124470787468247 
 0,117696867061812 
 0,115156646909399 
 0,109229466553768 
 0,110076206604572 
 0,107535986452159 
 0,10584250635055 
 9,82218458933107E-02 
 9,73751058425063E-02 
 0,103302286198137 
 0,110922946655377 
 8,72142252328535E-02 
 9,39881456392887E-02 
 0,102455546147333 
 0,101608806096528 
 9,90685859441152E-02 
 9,31414055884843E-02 
 7,36663844199831E-02 
 7,02794242167655E-02 
 0,065198983911939 
 6,43522438611346E-02 
 6,43522438611346E-02 
 0,060965283657917 
 6,85859441151566E-02 
 0,060965283657917 
 6,18120237087214E-02 
 0,060965283657917 
 0,065198983911939 
 3,38696020321761E-02 
 3,13293818797629E-02 
 3,13293818797629E-02 
 2,87891617273497E-02 
 2,70956816257409E-02 
 2,62489415749365E-02 
 2,62489415749365E-02 
 2,45554614733277E-02 
 2,70956816257409E-02 
 2,62489415749365E-02 
 2,45554614733277E-02 
 2,28619813717189E-02 
 2,11685012701101E-02 
 2,03217612193057E-02 
 1,86282811176969E-02 
 1,86282811176969E-02 
 1,52413209144793E-02 
 1,94750211685013E-02 
 1,77815410668925E-02 
 1,69348010160881E-02 
 1,52413209144793E-02 
 1,52413209144793E-02 
 1,18543607112616E-02 
 1,01608806096528E-02 
 8,46740050804403E-03 
 5,08044030482642E-03 
 4,23370025402202E-03 
 4,23370025402202E-03 
 2,54022015241321E-03 
 2,54022015241321E-03 
 2,54022015241321E-03 
 2,54022015241321E-03 
 1,69348010160881E-03 
 1,69348010160881E-03 
 8,46740050804403E-04 
 8,46740050804403E-04 
 8,46740050804403E-04 
 8,46740050804403E-04 
 8,46740050804403E-04 
 0 
 0 
 0 
 0 
 0 
 0 
 0 
 0 
 0 
 0 
 0 
 0 
 0 
 0 
 0 
 0 
 0 
 0 
 0 
 0 
 0 
 0 
 0 
 0 
 0 
 0 
 0 
 0 
 0 
 0 
 0 
 0 
 0 
 0 
 0 
 0 
 0 
 0 
 0 
 0 
 0 
 0 
 0 
 0 
 0 
 0 
 0 
 0 
 0 
 0 
 0 
 0 
 0 
 0 
 0 
 0 
 0 
 0 
 0 
 0 
 0 
 0 
 0 
 0 
 0 
 0 
 0 
 0 
 0 
 0 
 0 
 0 
 0 
 0 
 0 
 0 
 0 
 0 
 0 
 0 
 0 
 0 
 0 
 0 
 0 
 0 
 0 
 0 
 0 
 0 
 0 
 0 
 0 
 0 
 0 
 0 
 0 
 0 
 0 
 0 
 0 
 0 
 0 
 0 
 0 
 0 
 0 
 0 
 0 
 0 
 0 
 0 
 0 
 0 
 0 
 0 
 0 
 0 
 0 
 0 
 0 
 0 
 0 
 0 
 0 
 0 
 0 
 0 
 0 
 0 
 0 
 0 
 0 
 0 
 0 
 0 
 0 
 0 
 0 
 0 
 0 
 0 
 0 
 0 
 0 
 0 
 0 
 0 
 0 
 0 
 0 
 0 
 0 
 0 
 0 
 0 
 0 
 0 
 0 
 0 
 0 
 0 
 0 
 0 
 0 
 0 
 0 
 0 
 0 
 0 
 0 
 0 
 0 
 0 
 0 
 0 
 0 
 0 
 0 
 0 
 0 
 0 
 0 
 0 
 0 
 0 
 0 
 0 
 0 
 0 
 0 
 0 
 0 
 0 
 0 
 0 
 0 
 0 
 0 
 0 
 0 
 0 
 0 
 0 
 0 
 0 
 0 
 0 
 0 
 0 
 0 
 0 
 0 
 0 
 0 
 0 
 0 
 0 
 0 
 0 
 0 
 0 
 0 
 0 
 0 
 0 
 0 
 0 
 0 
 0 
 0 
 0 
 0 
 0 
 0 
 0 
 0 
 0 
 0 
 0 
 0 
 0 
 0 
 0 
 0 
 0 
 0 
 0 
 0 
 0 
 0 
 0 
 0 
 0 
 0 
 0 
 0 
 0 
 0 
 0 
 0 
 0 
 0 
 0 
 0 
 0 
 0 
 0 
 0 
 0 
 0 
 0 
 0 
 0 
 0 
 0 
 0 
 0 
 0 
 0 
 0 
 0 
 0 
 0 
 0 
 0 
 0 
 0 
 0 
 0 
 0 
 0 
 0 
 0 
 0 
 0 
 0 
 0 
 0 
 0 
 0 
 0 
 0 
 0 
 0 
 0 
 0 
 0 
 0 
 0 
 0 
