 0 
 0 
 0 
 0 
 0 
 0 
 0 
 0 
 0 
 0 
 0 
 0 
 0 
 0 
 0 
 0 
 0 
 0 
 0 
 0 
 0 
 0 
 0 
 0 
 0 
 0 
 0 
 0 
 0 
 0 
 0 
 0 
 0 
 0 
 0 
 0 
 0 
 0 
 0 
 0 
 0 
 0 
 0 
 0 
 0 
 0 
 0 
 0 
 0 
 0 
 0 
 0 
 0 
 0 
 0 
 0 
 0 
 0 
 0 
 0 
 0 
 0 
 0 
 0 
 0 
 0 
 0 
 0 
 0 
 0 
 0 
 0 
 0 
 0 
 0 
 0 
 0 
 0 
 0 
 0 
 0 
 0 
 0 
 0 
 0 
 0 
 0 
 0 
 0 
 0 
 0 
 0 
 0 
 0 
 0 
 0 
 0 
 0 
 0 
 0 
 0 
 0 
 0 
 0 
 0 
 0 
 0 
 0 
 0 
 0 
 0 
 0 
 0 
 0 
 0 
 0 
 0 
 0 
 0 
 0 
 0 
 0 
 0 
 0 
 0 
 0 
 0 
 0 
 0 
 0 
 0 
 0 
 0 
 0 
 0 
 0 
 0 
 0 
 0 
 0 
 0 
 0 
 0 
 0 
 0 
 0 
 0 
 0 
 0 
 0 
 0 
 0 
 0 
 0 
 0 
 0 
 0 
 0 
 0 
 0 
 0 
 0 
 0 
 0 
 0 
 0 
 0 
 0 
 0 
 0 
 0 
 0 
 0 
 0 
 0 
 0 
 0 
 0 
 0 
 0 
 0 
 0 
 0 
 0 
 0 
 0 
 0 
 0 
 0 
 0 
 0 
 0 
 0 
 0 
 0 
 0 
 0 
 0 
 0 
 0 
 0 
 0 
 0 
 0 
 0 
 0 
 0 
 0 
 0 
 0 
 0 
 0 
 0 
 0 
 0 
 0 
 0 
 0 
 0 
 0 
 0 
 0 
 0 
 0 
 0 
 0 
 0 
 0 
 0 
 0 
 0 
 0 
 0 
 0 
 0 
 0 
 0 
 0 
 0 
 0 
 0 
 0 
 0 
 0 
 0 
 0 
 0 
 0 
 0 
 0 
 0 
 0 
 0 
 0 
 0 
 0 
 0 
 0 
 0 
 0 
 0 
 0 
 0 
 0 
 0 
 0 
 0 
 0 
 0 
 0 
 0 
 0 
 0 
 0 
 0 
 0 
 0 
 0 
 0 
 0 
 0 
 0 
 0 
 0 
 0 
 0 
 0 
 0 
 0 
 0 
 0 
 0 
 0 
 0 
 0 
 0 
 0 
 0 
 0 
 0 
 0 
 0 
 0 
 0 
 0 
 0 
 0 
 0 
 0 
 0 
 0 
 0 
 0 
 0 
 0 
 0 
 0 
 0 
 0 
 0 
 0 
 0 
 0 
 0 
 0 
 0 
 0 
 0 
 0 
 0 
 0 
 0 
 0 
 0 
 0 
 0 
 0 
 0 
 0 
 0 
 0 
 0 
 0 
 0 
 0 
 0 
 0 
 0 
 0 
 0 
 0 
 0 
 0 
 0 
 0 
 0 
 0 
 0 
 0 
 0 
 0 
 0 
 0 
 0 
 0 
 0 
 0 
 0 
 0 
 0 
 0 
 0 
 0 
 0 
 0 
 0 
 0 
 0 
 0 
 0 
 0 
 0 
 0 
 0 
 0 
 0 
 0 
 0 
 0 
 0 
 0 
 0 
 0 
 0 
 0 
 0 
 0 
 0 
 0 
 0 
 0 
 0 
 0 
 0 
 0 
 0 
 0 
 0 
 0 
 0 
 0 
 0 
 0 
 0 
 0 
 0 
 0 
 0 
 0 
 0 
 0 
 0 
 0 
 0 
 0 
 0 
 0 
 0 
 0 
 0 
 0 
 0 
 0 
 0 
 0 
 8,46740050804403E-04 
 8,46740050804403E-04 
 8,46740050804403E-04 
 8,46740050804403E-04 
 1,69348010160881E-03 
 1,69348010160881E-03 
 1,69348010160881E-03 
 2,54022015241321E-03 
 3,38696020321761E-03 
 3,38696020321761E-03 
 4,23370025402202E-03 
 5,08044030482642E-03 
 5,92718035563082E-03 
 6,77392040643522E-03 
 1,18543607112616E-02 
 2,03217612193057E-02 
 2,20152413209145E-02 
 2,54022015241321E-02 
 2,79424216765453E-02 
 3,04826418289585E-02 
 3,30228619813717E-02 
 3,55630821337849E-02 
 3,47163420829805E-02 
 3,72565622353937E-02 
 3,97967823878069E-02 
 4,57239627434378E-02 
 4,74174428450466E-02 
 5,08044030482642E-02 
 5,33446232006774E-02 
 5,58848433530906E-02 
 5,84250635055038E-02 
 0,065198983911939 
 6,85859441151566E-02 
 7,19729043183743E-02 
 7,62066045723963E-02 
 7,95935647756139E-02 
 8,29805249788315E-02 
 8,63674851820491E-02 
 9,06011854360711E-02 
 9,39881456392887E-02 
 9,73751058425063E-02 
 0,100762066045724 
 0,104995766299746 
 0,100762066045724 
 0,106689246401355 
 0,109229466553768 
 0,112616426756986 
 0,116003386960203 
 0,119390347163421 
 0,121930567315834 
 8,89077053344623E-02 
 7,19729043183743E-02 
 7,11261642675699E-02 
 6,85859441151566E-02 
 7,02794242167655E-02 
 8,04403048264183E-02 
 0,124470787468247 
 0,126164267569856 
 0,132938187976291 
 0,135478408128704 
 0,147332768839966 
 0,156646909398815 
 0,161727349703641 
 0,165114309906859 
 0,12108382726503 
 0,116003386960203 
 0,120237087214225 
 0,122777307366638 
 0,129551227773074 
 0,132091447925487 
 0,136325148179509 
 0,132938187976291 
 0,130397967823878 
 0,116850127011008 
 0,114309906858594 
 0,139712108382726 
 0,185436071126164 
 0,187976291278577 
 0,191363251481795 
 0,187129551227773 
 0,170194750211685 
 0,167654530059272 
 0,143945808636749 
 0,143099068585944 
 0,12701100762066 
 0,133784928027096 
 0,138865368331922 
 0,135478408128704 
 0,128704487722269 
 0,127857747671465 
 0,126164267569856 
 0,133784928027096 
 0,129551227773074 
 0,137171888230313 
 0,139712108382726 
 0,147332768839966 
 0,317527519051651 
 0,321761219305673 
 0,325148179508891 
 0,329381879762913 
 0,333615580016935 
 0,337849280270957 
 0,341236240474174 
 0,345469940728196 
 0,348856900931414 
 0,353090601185436 
 0,357324301439458 
 0,360711261642676 
 0,364944961896698 
 0,36917866215072 
 0,372565622353937 
 0,376799322607959 
 0,376799322607959 
 0,384419983065199 
 0,388653683319221 
 0,392040643522439 
 0,396274343776461 
 0,399661303979678 
 0,355630821337849 
 0,337849280270957 
 0,259102455546147 
 0,281964436917866 
 0,393734123624047 
 0,405588484335309 
 0,418289585097375 
 0,370025402201524 
 0,381879762912786 
 0,398814563928874 
 0,344623200677392 
 0,347163420829805 
 0,372565622353937 
 0,321761219305673 
 0,356477561388654 
 0,363251481795089 
 0,370872142252329 
 0,196443691786621 
 0,19813717188823 
 0,209144792548688 
 0,210838272650296 
 0,187976291278577 
 0,179508890770533 
 0,254868755292125 
 0,370025402201524 
 0,38272650296359 
 0,335309060118544 
 0,292125317527519 
 0,359864521591871 
 0,378492802709568 
 0,170194750211685 
 0,196443691786621 
 0,187976291278577 
 0,167654530059272 
 0,16342082980525 
 0,159187129551228 
 0,165961049957663 
 0,182895850973751 
 0,39034716342083 
 0,343776460626588 
 0,346316680779001 
 0,34801016088061 
 0,322607959356478 
 0,302286198137172 
 0,29805249788315 
 0,271803556308213 
 0,307366638441998 
 0,412362404741744 
 0,420829805249788 
 0,417442845046571 
 0,408128704487722 
 0,562235393734124 
 0,465707027942422 
 0,462320067739204 
 0,512277730736664 
 0,520745131244708 
 0,524132091447925 
 0,526672311600339 
 0,5961049957663 
 0,569009314140559 
 0,571549534292972 
 0,57493649449619 
 0,577476714648603 
 0,611346316680779 
 0,614733276883997 
 0,604572396274344 
 0,613886536833192 
 0,61727349703641 
 0,619813717188823 
 0,629127857747671 
 0,645215918712955 
 0,265876375952583 
 0,176121930567316 
 0,242167654530059 
 0,216765453005927 
 0,309906858594412 
 0,291278577476715 
 0,299745977984759 
 0,34801016088061 
 0,342082980524979 
 0,283657917019475 
 0,277730736663844 
 0,298899237933954 
 0,320914479254869 
 0,314987298899238 
 0,330228619813717 
 0,303979678238781 
 0,305673158340389 
 0,306519898391194 
 0,321761219305673 
 0,322607959356478 
 0,331075359864522 
 0,346316680779001 
 0,468247248094835 
 0,463166807790008 
 0,486028789161727 
 0,631668077900085 
 0,626587637595258 
 0,570702794242168 
 0,427603725656224 
 0,451312447078747 
 0,430990685859441 
 0,644369178662151 
 0,661303979678239 
 0,678238780694327 
 0,68839966130398 
 0,690093141405589 
 0,685012701100762 
 0,672311600338696 
 0,674851820491109 
 0,639288738357324 
 0,550381033022862 
 0,55969517358171 
 0,5385266723116 
 0,547840812870449 
 0,580016934801016 
 0,566469093988146 
 0,560541913632515 
 0,400508044030483 
 0,370872142252329 
 0,386960203217612 
 0,597798475867909 
 0,599491955969517 
 0,671464860287892 
 0,555461473327688 
 0,557154953429297 
 0,566469093988146 
 0,568162574089754 
 0,577476714648603 
 0,578323454699407 
 0,556308213378493 
 0,565622353937341 
 0,766299745977985 
 0,760372565622354 
 0,754445385266723 
 0,763759525825571 
 0,76545300592718 
 0,387806943268417 
 0,364098221845893 
 0,324301439458086 
 0,333615580016935 
 0,334462320067739 
 0,302286198137172 
 0,303132938187976 
 0,31160033869602 
 0,312447078746825 
 0,313293818797629 
 0,313293818797629 
 0,364098221845893 
 0,323454699407282 
 0,232853513971211 
 0,215918712955123 
 0,216765453005927 
 0,216765453005927 
 0,217612193056732 
 0,243014394580864 
 0,259949195596952 
 0,252328535139712 
 0,252328535139712 
 0,253175275190517 
 0,236240474174428 
 0,228619813717189 
 0,262489415749365 
 0,280270956816257 
 0,280270956816257 
 0,264182895850974 
 0,264182895850974 
 0,589331075359865 
 0,598645215918713 
 0,591024555461473 
 0,806096528365792 
 0,816257408975445 
 0,817104149026249 
 0,817950889077053 
 0,83657917019475 
 0,828958509737511 
 0,527519051651143 
 0,536833192209991 
 0,528365791701948 
 0,685859441151566 
 0,677392040643522 
 0,686706181202371 
 0,679085520745131 
 0,679932260795936 
 0,68077900084674 
 0,707874682472481 
 0,717188823031329 
 0,700254022015241 
 0,762066045723963 
 0,587637595258256 
 0,570702794242168 
 0,580016934801016 
 0,447925486875529 
 0,712955122777307 
 0,756985605419136 
 0,757832345469941 
 0,749364944961897 
 0,741744284504657 
 0,741744284504657 
 0,742591024555461 
 0,742591024555461 
 0,734123624047417 
 0,734970364098222 
 0,504657070279424 
 0,523285351397121 
 0,656223539373412 
 0,674851820491109 
 0,657070279424217 
 0,417442845046571 
 0,470787468247248 
 0,631668077900085 
 0,622353937341236 
 0,623200677392041 
 0,605419136325148 
 0,436071126164268 
 0,418289585097375 
 0,401354784081287 
 0,392040643522439 
 0,401354784081287 
 0,392040643522439 
 0,392040643522439 
 0,464013547840813 
 0,464013547840813 
 0,428450465707028 
 0,892464013547841 
 0,883149872988992 
 0,892464013547841 
 0,892464013547841 
 0,892464013547841 
 0,892464013547841 
 0,892464013547841 
 0,892464013547841 
 0,892464013547841 
 0,892464013547841 
 0,892464013547841 
 0,891617273497036 
 0,891617273497036 
 0,820491109229467 
 0,891617273497036 
 0,891617273497036 
 0,890770533446232 
 0,890770533446232 
 0,890770533446232 
 0,889923793395428 
 0,889923793395428 
 0,889923793395428 
 0,889077053344623 
 0,889077053344623 
 0,888230313293819 
 0,888230313293819 
 0,887383573243014 
 0,887383573243014 
 0,88653683319221 
 0,885690093141406 
 0,885690093141406 
 0,884843353090601 
 0,884843353090601 
 0,883996613039797 
 0,883149872988992 
 0,882303132938188 
 0,882303132938188 
 0,881456392887384 
 0,880609652836579 
 0,879762912785775 
 0,87891617273497 
 0,878069432684166 
 0,878069432684166 
 0,850973751058425 
 0,840812870448772 
 0,569009314140559 
 0,769686706181202 
 0,724809483488569 
 0,715495342929721 
 0,714648602878916 
 0,705334462320068 
 0,704487722269263 
 0,703640982218459 
 0,711261642675699 
 0,710414902624894 
 0,58848433530906 
 0,674851820491109 
 0,674005080440305 
 0,716342082980525 
 0,706181202370872 
 0,783234546994073 
 0,687552921253175 
 0,695173581710415 
 0,685859441151566 
 0,692633361558002 
 0,632514817950889 
 0,631668077900085 
 0,639288738357324 
 0,637595258255716 
 0,636748518204911 
 0,686706181202371 
 0,702794242167655 
 0,701100762066046 
 0,700254022015241 
 0,707874682472481 
 0,664690939881456 
 0,478408128704488 
 0,535986452159187 
 0,668924640135478 
 0,668077900084674 
 0,666384419983065 
 0,674005080440305 
 0,672311600338696 
 0,662997459779848 
 0,595258255715495 
 0,594411515664691 
 0,642675698560542 
 0,640982218458933 
 0,656223539373412 
 0,662997459779848 
 0,669771380186283 
 0,660457239627434 
 0,723962743437765 
 0,714648602878916 
 0,712955122777307 
 0,613886536833192 
 0,636748518204911 
 0,65198983911939 
 0,650296359017781 
 0,568162574089754 
 0,599491955969517 
 0,589331075359865 
 0,580016934801016 
 0,634208298052498 
 0,632514817950889 
 0,63082133784928 
 0,637595258255716 
 0,635901778154107 
 0,610499576629975 
 0,601185436071126 
 0,529212531752752 
 0,519898391193903 
 0,519051651143099 
 0,571549534292972 
 0,585097375105842 
 0,713801862828112 
 0,719729043183743 
 0,725656223539373 
 0,7307366638442 
 0,743437764606266 
 0,741744284504657 
 0,754445385266723 
 0,75190516511431 
 0,749364944961897 
 0,747671464860288 
 0,745131244707875 
 0,742591024555461 
 0,362404741744284 
 0,405588484335309 
 0,404741744284505 
 0,43268416596105 
 0,380186282811177 
 0,370872142252329 
 0,362404741744284 
 0,35393734123624 
 0,287891617273497 
 0,280270956816257 
 0,278577476714649 
 0,277730736663844 
 0,283657917019475 
 0,318374259102456 
 0,303132938187976 
 0,337002540220152 
 0,377646062658764 
 0,543607112616427 
 0,430143945808637 
 0,428450465707028 
 0,309906858594412 
 0,301439458086367 
 0,293818797629128 
 0,299745977984759 
 0,304826418289585 
 0,317527519051651 
 0,309060118543607 
 0,260795935647756 
 0,259949195596952 
 0,259102455546147 
 0,264182895850974 
 0,256562235393734 
 0,235393734123624 
 0,23454699407282 
 0,239627434377646 
 0,64606265876376 
 0,642675698560542 
 0,639288738357324 
 0,636748518204911 
 0,633361558001693 
 0,63082133784928 
 0,621507197290432 
 0,624047417442845 
 0,621507197290432 
 0,618120237087214 
 0,614733276883997 
 0,612193056731583 
 0,608806096528366 
 0,605419136325148 
 0,602032176121931 
 0,599491955969517 
 0,5961049957663 
 0,592718035563082 
 0,589331075359865 
 0,585944115156647 
 0,583403895004234 
 0,580016934801016 
 0,576629974597799 
 0,573243014394581 
 0,569856054191363 
 0,566469093988146 
 0,563082133784928 
 0,55969517358171 
 0,36155800169348 
 0,364944961896698 
 0,346316680779001 
 0,354784081287045 
 0,151566469093988 
 0,156646909398815 
 0,112616426756986 
 0,116850127011008 
 0,110922946655377 
 0,116003386960203 
 0,115156646909399 
 0,109229466553768 
 0,108382726502964 
 0,107535986452159 
 9,65283657917019E-02 
 9,56816257408975E-02 
 8,55207451312447E-02 
 8,46740050804403E-02 
 9,39881456392887E-02 
 9,82218458933107E-02 
 0,111769686706181 
 0,10584250635055 
 0,104995766299746 
 0,104995766299746 
 0,104149026248942 
 0,103302286198137 
 9,73751058425063E-02 
 9,22946655376799E-02 
 8,72142252328535E-02 
 8,63674851820491E-02 
 8,55207451312447E-02 
 8,46740050804403E-02 
 9,73751058425063E-02 
 9,65283657917019E-02 
 9,99153259949196E-02 
 0,107535986452159 
 0,106689246401355 
 0,10584250635055 
 9,65283657917019E-02 
 7,87468247248095E-02 
 8,63674851820491E-02 
 8,55207451312447E-02 
 7,70533446232007E-02 
 7,19729043183743E-02 
 7,11261642675699E-02 
 6,68924640135478E-02 
 6,60457239627434E-02 
 0,069432684165961 
 0,065198983911939 
 6,77392040643522E-02 
 6,68924640135478E-02 
 6,26587637595258E-02 
 5,84250635055038E-02 
 5,75783234546994E-02 
 4,99576629974598E-02 
 5,33446232006774E-02 
 4,91109229466554E-02 
 4,48772226926334E-02 
 0,044030482641829 
 0,044030482641829 
 4,31837425910246E-02 
 4,65707027942422E-02 
 4,57239627434378E-02 
 5,16511430990686E-02 
 5,08044030482642E-02 
 4,74174428450466E-02 
 4,65707027942422E-02 
 4,57239627434378E-02 
 4,57239627434378E-02 
 4,48772226926334E-02 
 4,74174428450466E-02 
 4,91109229466554E-02 
 5,75783234546994E-02 
 5,33446232006774E-02 
 0,052497883149873 
 0,052497883149873 
 0,048264182895851 
 0,048264182895851 
 4,99576629974598E-02 
 4,65707027942422E-02 
 0,048264182895851 
 4,48772226926334E-02 
 0,044030482641829 
 4,31837425910246E-02 
 4,06435224386113E-02 
 4,48772226926334E-02 
 4,57239627434378E-02 
 4,31837425910246E-02 
 0,044030482641829 
 4,57239627434378E-02 
 4,48772226926334E-02 
 0,048264182895851 
 4,57239627434378E-02 
 3,81033022861981E-02 
 3,72565622353937E-02 
 3,72565622353937E-02 
 3,81033022861981E-02 
 3,89500423370025E-02 
 4,14902624894158E-02 
 4,06435224386113E-02 
 3,97967823878069E-02 
 3,89500423370025E-02 
 4,31837425910246E-02 
 4,06435224386113E-02 
 4,14902624894158E-02 
 4,48772226926334E-02 
 5,75783234546994E-02 
 5,41913632514818E-02 
 0,052497883149873 
 4,74174428450466E-02 
 0,048264182895851 
 4,74174428450466E-02 
 4,57239627434378E-02 
 4,31837425910246E-02 
 4,31837425910246E-02 
 0,044030482641829 
 0,044030482641829 
 3,55630821337849E-02 
 3,47163420829805E-02 
 3,38696020321761E-02 
 3,72565622353937E-02 
 3,47163420829805E-02 
 3,30228619813717E-02 
 3,04826418289585E-02 
 3,30228619813717E-02 
 3,30228619813717E-02 
 3,47163420829805E-02 
 2,96359017781541E-02 
 2,54022015241321E-02 
 2,37087214225233E-02 
 2,20152413209145E-02 
 2,37087214225233E-02 
 2,20152413209145E-02 
 2,45554614733277E-02 
 2,45554614733277E-02 
 1,77815410668925E-02 
 1,77815410668925E-02 
 1,69348010160881E-02 
 1,52413209144793E-02 
 2,45554614733277E-02 
 2,28619813717189E-02 
 2,11685012701101E-02 
 1,94750211685013E-02 
 9,31414055884843E-03 
 8,46740050804403E-03 
 8,46740050804403E-03 
 7,62066045723963E-03 
 7,62066045723963E-03 
 6,77392040643522E-03 
 5,92718035563082E-03 
 5,08044030482642E-03 
 4,23370025402202E-03 
 4,23370025402202E-03 
 3,38696020321761E-03 
 2,54022015241321E-03 
 1,69348010160881E-03 
 1,69348010160881E-03 
 1,69348010160881E-03 
 8,46740050804403E-04 
 8,46740050804403E-04 
 8,46740050804403E-04 
 8,46740050804403E-04 
 0 
 0 
 0 
 0 
 0 
 0 
 0 
 0 
 0 
 0 
 0 
 0 
 0 
 0 
 0 
 0 
 0 
 0 
 0 
 0 
 0 
 0 
 0 
 0 
 0 
 0 
 0 
 0 
 0 
 0 
 0 
 0 
 0 
 0 
 0 
 0 
 0 
 0 
 0 
 0 
 0 
 0 
 0 
 0 
 0 
 0 
 0 
 0 
 0 
 0 
 0 
 0 
 0 
 0 
 0 
 0 
 0 
 0 
 0 
 0 
 0 
 0 
 0 
 0 
 0 
 0 
 0 
 0 
 0 
 0 
 0 
 0 
 0 
 0 
 0 
 0 
 0 
 0 
 0 
 0 
 0 
 0 
 0 
 0 
 0 
 0 
 0 
 0 
 0 
 0 
 0 
 0 
 0 
 0 
 0 
 0 
 0 
 0 
 0 
 0 
 0 
 0 
 0 
 0 
 0 
 0 
 0 
 0 
 0 
 0 
 0 
 0 
 0 
 0 
 0 
 0 
 0 
 0 
 0 
 0 
 0 
 0 
 0 
 0 
 0 
 0 
 0 
 0 
 0 
 0 
 0 
 0 
 0 
 0 
 0 
 0 
 0 
 0 
 0 
 0 
 0 
 0 
 0 
 0 
 0 
 0 
 0 
 0 
 0 
 0 
 0 
 0 
 0 
 0 
 0 
 0 
 0 
 0 
 0 
 0 
 0 
 0 
 0 
 0 
 0 
 0 
 0 
 0 
 0 
 0 
 0 
 0 
 0 
 0 
 0 
 0 
 0 
 0 
 0 
 0 
 0 
 0 
 0 
 0 
 0 
 0 
 0 
 0 
 0 
 0 
 0 
 0 
 0 
 0 
 0 
 0 
 0 
 0 
 0 
 0 
 0 
 0 
 0 
 0 
 0 
 0 
 0 
 0 
 0 
 0 
 0 
 0 
 0 
 0 
 0 
 0 
 0 
 0 
 0 
 0 
 0 
 0 
 0 
 0 
 0 
 0 
 0 
 0 
 0 
 0 
 0 
 0 
 0 
 0 
 0 
 0 
 0 
 0 
 0 
 0 
 0 
 0 
 0 
 0 
 0 
 0 
 0 
 0 
 0 
 0 
 0 
 0 
 0 
 0 
 0 
 0 
 0 
 0 
 0 
 0 
 0 
 0 
 0 
 0 
 0 
 0 
 0 
 0 
 0 
 0 
 0 
 0 
 0 
 0 
 0 
 0 
 0 
 0 
 0 
 0 
 0 
 0 
 0 
 0 
 0 
 0 
 0 
 0 
 0 
 0 
 0 
 0 
 0 
 0 
 0 
 0 
 0 
 0 
 0 
 0 
 0 
 0 
 0 
 0 
 0 
 0 
 0 
 0 
 0 
 0 
 0 
