 0 
 0 
 0 
 0 
 0 
 0 
 0 
 0 
 0 
 0 
 0 
 0 
 0 
 0 
 0 
 0 
 0 
 0 
 0 
 0 
 0 
 0 
 0 
 0 
 0 
 0 
 0 
 0 
 0 
 0 
 0 
 0 
 0 
 0 
 0 
 0 
 0 
 0 
 0 
 0 
 0 
 0 
 0 
 0 
 0 
 0 
 0 
 0 
 0 
 0 
 0 
 0 
 0 
 0 
 0 
 0 
 0 
 0 
 0 
 0 
 0 
 0 
 0 
 0 
 0 
 0 
 0 
 0 
 0 
 0 
 0 
 0 
 0 
 0 
 0 
 0 
 0 
 0 
 0 
 0 
 0 
 0 
 0 
 0 
 0 
 0 
 0 
 0 
 0 
 0 
 0 
 0 
 0 
 0 
 0 
 0 
 0 
 0 
 0 
 0 
 0 
 0 
 0 
 0 
 0 
 0 
 0 
 0 
 0 
 0 
 0 
 0 
 0 
 0 
 0 
 0 
 0 
 0 
 0 
 0 
 0 
 0 
 0 
 0 
 0 
 0 
 0 
 0 
 0 
 0 
 0 
 0 
 0 
 0 
 0 
 0 
 0 
 0 
 0 
 0 
 0 
 0 
 0 
 0 
 0 
 0 
 0 
 0 
 0 
 0 
 0 
 0 
 0 
 0 
 0 
 0 
 0 
 0 
 0 
 0 
 0 
 0 
 0 
 0 
 0 
 0 
 0 
 0 
 0 
 0 
 0 
 0 
 0 
 0 
 0 
 0 
 0 
 0 
 0 
 0 
 0 
 0 
 0 
 0 
 0 
 0 
 0 
 0 
 0 
 0 
 0 
 0 
 0 
 0 
 0 
 0 
 0 
 0 
 0 
 0 
 0 
 0 
 0 
 0 
 0 
 0 
 0 
 0 
 0 
 0 
 0 
 0 
 0 
 0 
 0 
 0 
 0 
 0 
 0 
 0 
 0 
 0 
 0 
 0 
 0 
 0 
 0 
 0 
 0 
 0 
 0 
 0 
 0 
 0 
 0 
 0 
 0 
 0 
 0 
 0 
 0 
 0 
 0 
 0 
 0 
 0 
 0 
 0 
 0 
 0 
 0 
 0 
 0 
 0 
 0 
 0 
 0 
 0 
 0 
 0 
 0 
 0 
 0 
 0 
 0 
 0 
 0 
 0 
 0 
 0 
 0 
 0 
 0 
 0 
 0 
 0 
 0 
 0 
 0 
 0 
 0 
 0 
 0 
 0 
 0 
 0 
 0 
 0 
 0 
 0 
 0 
 0 
 0 
 0 
 0 
 0 
 0 
 0 
 0 
 0 
 0 
 0 
 0 
 0 
 0 
 0 
 0 
 0 
 0 
 0 
 0 
 0 
 0 
 0 
 0 
 0 
 0 
 0 
 0 
 0 
 0 
 0 
 0 
 0 
 0 
 0 
 0 
 0 
 0 
 0 
 0 
 0 
 0 
 0 
 0 
 0 
 0 
 0 
 0 
 0 
 0 
 0 
 0 
 0 
 0 
 0 
 0 
 0 
 0 
 0 
 0 
 0 
 0 
 0 
 0 
 0 
 0 
 0 
 0 
 0 
 0 
 0 
 0 
 0 
 0 
 0 
 0 
 0 
 0 
 0 
 0 
 0 
 0 
 0 
 0 
 0 
 0 
 0 
 0 
 0 
 0 
 0 
 0 
 0 
 0 
 0 
 0 
 0 
 0 
 0 
 0 
 0 
 0 
 0 
 0 
 0 
 0 
 0 
 0 
 0 
 0 
 0 
 0 
 0 
 0 
 0 
 0 
 0 
 0 
 0 
 0 
 0 
 0 
 0 
 0 
 0 
 0 
 0 
 0 
 0 
 0 
 0 
 0 
 0 
 0 
 0 
 0 
 0 
 0 
 0 
 0 
 0 
 0 
 0 
 8,46740050804403E-04 
 8,46740050804403E-04 
 1,69348010160881E-03 
 1,69348010160881E-03 
 1,69348010160881E-03 
 2,54022015241321E-03 
 3,38696020321761E-03 
 4,23370025402202E-03 
 5,08044030482642E-03 
 5,92718035563082E-03 
 7,62066045723963E-03 
 9,31414055884843E-03 
 1,10076206604572E-02 
 5,08044030482642E-03 
 6,77392040643522E-03 
 6,77392040643522E-03 
 7,62066045723963E-03 
 8,46740050804403E-03 
 9,31414055884843E-03 
 1,10076206604572E-02 
 1,18543607112616E-02 
 1,18543607112616E-02 
 1,43945808636749E-02 
 1,60880609652837E-02 
 1,60880609652837E-02 
 1,69348010160881E-02 
 1,77815410668925E-02 
 1,94750211685013E-02 
 0,044030482641829 
 4,65707027942422E-02 
 3,47163420829805E-02 
 3,47163420829805E-02 
 3,55630821337849E-02 
 3,97967823878069E-02 
 4,14902624894158E-02 
 4,57239627434378E-02 
 4,65707027942422E-02 
 2,96359017781541E-02 
 3,21761219305673E-02 
 3,04826418289585E-02 
 3,21761219305673E-02 
 3,38696020321761E-02 
 3,72565622353937E-02 
 3,97967823878069E-02 
 4,57239627434378E-02 
 0,048264182895851 
 7,19729043183743E-02 
 7,45131244707875E-02 
 7,53598645215919E-02 
 7,02794242167655E-02 
 5,50381033022862E-02 
 5,75783234546994E-02 
 6,26587637595258E-02 
 6,68924640135478E-02 
 6,68924640135478E-02 
 6,77392040643522E-02 
 7,53598645215919E-02 
 7,70533446232007E-02 
 7,79000846740051E-02 
 7,62066045723963E-02 
 6,43522438611346E-02 
 6,43522438611346E-02 
 6,01185436071126E-02 
 6,35055038103302E-02 
 0,166807790008467 
 0,170194750211685 
 0,168501270110076 
 0,167654530059272 
 0,171041490262489 
 0,170194750211685 
 0,173581710414903 
 0,17696867061812 
 0,217612193056732 
 0,220999153259949 
 0,225232853513971 
 0,229466553767993 
 0,233700254022015 
 0,237087214225233 
 0,241320914479255 
 0,245554614733277 
 0,249788314987299 
 0,253175275190517 
 0,257408975444539 
 0,261642675698561 
 0,265876375952583 
 0,2692633361558 
 0,273497036409822 
 0,277730736663844 
 0,281964436917866 
 0,285351397121084 
 0,289585097375106 
 0,293818797629128 
 0,29805249788315 
 0,301439458086367 
 0,305673158340389 
 0,309906858594412 
 0,313293818797629 
 0,317527519051651 
 0,321761219305673 
 0,325148179508891 
 0,329381879762913 
 0,333615580016935 
 0,337849280270957 
 0,341236240474174 
 0,345469940728196 
 0,348856900931414 
 0,353090601185436 
 0,357324301439458 
 0,360711261642676 
 0,364944961896698 
 0,36917866215072 
 0,372565622353937 
 0,376799322607959 
 0,380186282811177 
 0,384419983065199 
 0,360711261642676 
 0,144792548687553 
 0,150719729043184 
 0,139712108382726 
 0,153259949195597 
 0,154953429297206 
 0,172734970364098 
 0,170194750211685 
 0,171888230313294 
 0,177815410668925 
 0,175275190516511 
 0,159187129551228 
 0,169348010160881 
 0,171041490262489 
 0,167654530059272 
 0,177815410668925 
 0,183742591024555 
 0,144792548687553 
 0,118543607112616 
 0,115156646909399 
 0,125317527519052 
 0,112616426756986 
 0,108382726502964 
 0,109229466553768 
 0,110076206604572 
 0,10584250635055 
 9,22946655376799E-02 
 0,102455546147333 
 0,108382726502964 
 0,109229466553768 
 0,110076206604572 
 0,10584250635055 
 0,106689246401355 
 0,122777307366638 
 0,128704487722269 
 0,1346316680779 
 0,140558848433531 
 0,136325148179509 
 0,16342082980525 
 0,165114309906859 
 0,171041490262489 
 0,414902624894157 
 0,36917866215072 
 0,359864521591871 
 0,362404741744284 
 0,35393734123624 
 0,366638441998307 
 0,519898391193903 
 0,523285351397121 
 0,560541913632515 
 0,529212531752752 
 0,354784081287045 
 0,310753598645216 
 0,307366638441998 
 0,454699407281964 
 0,457239627434378 
 0,45385266723116 
 0,456392887383573 
 0,458933107535986 
 0,4614733276884 
 0,439458086367485 
 0,447925486875529 
 0,474174428450466 
 0,562235393734124 
 0,571549534292972 
 0,57493649449619 
 0,583403895004234 
 0,586790855207451 
 0,5961049957663 
 0,629974597798476 
 0,633361558001693 
 0,635901778154107 
 0,639288738357324 
 0,642675698560542 
 0,645215918712955 
 0,648602878916173 
 0,651143099068586 
 0,654530059271804 
 0,657070279424217 
 0,65961049957663 
 0,662997459779848 
 0,665537679932261 
 0,668924640135478 
 0,671464860287892 
 0,674005080440305 
 0,677392040643522 
 0,679932260795936 
 0,682472480948349 
 0,575783234546994 
 0,578323454699407 
 0,552921253175275 
 0,486028789161727 
 0,487722269263336 
 0,468247248094835 
 0,498729889923793 
 0,458086367485182 
 0,495342929720576 
 0,55376799322608 
 0,548687552921253 
 0,543607112616427 
 0,545300592718036 
 0,655376799322608 
 0,664690939881456 
 0,66723116003387 
 0,603725656223539 
 0,598645215918713 
 0,601185436071126 
 0,521591871295512 
 0,560541913632515 
 0,584250635055038 
 0,579170194750212 
 0,573243014394581 
 0,463166807790008 
 0,486875529212532 
 0,480948348856901 
 0,558001693480102 
 0,552074513124471 
 0,569009314140559 
 0,494496189669771 
 0,50381033022862 
 0,505503810330229 
 0,521591871295512 
 0,485182049110923 
 0,486028789161727 
 0,464860287891617 
 0,597798475867909 
 0,458933107535986 
 0,460626587637595 
 0,508890770533446 
 0,518204911092295 
 0,50381033022862 
 0,512277730736664 
 0,497883149872989 
 0,507197290431837 
 0,389500423370025 
 0,406435224386113 
 0,391193903471634 
 0,359864521591871 
 0,36917866215072 
 0,450465707027942 
 0,451312447078747 
 0,436071126164268 
 0,364098221845893 
 0,421676545300593 
 0,430990685859441 
 0,424216765453006 
 0,743437764606266 
 0,58086367485182 
 0,574089754445385 
 0,575783234546994 
 0,527519051651143 
 0,387806943268417 
 0,413209144792549 
 0,422523285351397 
 0,298899237933954 
 0,249788314987299 
 0,591871295512278 
 0,70956816257409 
 0,711261642675699 
 0,712108382726503 
 0,721422523285351 
 0,748518204911092 
 0,740897544453853 
 0,734123624047417 
 0,760372565622354 
 0,753598645215919 
 0,745977984758679 
 0,687552921253175 
 0,68839966130398 
 0,681625740897544 
 0,639288738357324 
 0,717188823031329 
 0,735817104149026 
 0,771380186282811 
 0,823878069432684 
 0,824724809483489 
 0,773920406435224 
 0,766299745977985 
 0,767993226079594 
 0,75952582557155 
 0,75190516511431 
 0,752751905165114 
 0,754445385266723 
 0,763759525825571 
 0,781541066892464 
 0,773920406435224 
 0,792548687552921 
 0,80186282811177 
 0,776460626587638 
 0,785774767146486 
 0,874682472480948 
 0,875529212531753 
 0,876375952582557 
 0,876375952582557 
 0,877222692633362 
 0,878069432684166 
 0,87891617273497 
 0,879762912785775 
 0,880609652836579 
 0,881456392887384 
 0,882303132938188 
 0,882303132938188 
 0,883149872988992 
 0,883996613039797 
 0,883996613039797 
 0,884843353090601 
 0,885690093141406 
 0,885690093141406 
 0,88653683319221 
 0,887383573243014 
 0,887383573243014 
 0,888230313293819 
 0,888230313293819 
 0,889077053344623 
 0,889077053344623 
 0,889923793395428 
 0,889923793395428 
 0,889923793395428 
 0,890770533446232 
 0,890770533446232 
 0,890770533446232 
 0,891617273497036 
 0,891617273497036 
 0,891617273497036 
 0,891617273497036 
 0,891617273497036 
 0,892464013547841 
 0,892464013547841 
 0,892464013547841 
 0,892464013547841 
 0,803556308213379 
 0,803556308213379 
 0,803556308213379 
 0,892464013547841 
 0,892464013547841 
 0,776460626587638 
 0,874682472480948 
 0,892464013547841 
 0,892464013547841 
 0,891617273497036 
 0,891617273497036 
 0,891617273497036 
 0,891617273497036 
 0,891617273497036 
 0,890770533446232 
 0,890770533446232 
 0,890770533446232 
 0,889923793395428 
 0,889923793395428 
 0,889923793395428 
 0,889077053344623 
 0,889077053344623 
 0,888230313293819 
 0,888230313293819 
 0,887383573243014 
 0,887383573243014 
 0,88653683319221 
 0,885690093141406 
 0,885690093141406 
 0,884843353090601 
 0,884843353090601 
 0,883996613039797 
 0,883149872988992 
 0,732430143945809 
 0,714648602878916 
 0,713801862828112 
 0,712955122777307 
 0,712955122777307 
 0,720575783234547 
 0,676545300592718 
 0,675698560541914 
 0,674851820491109 
 0,718035563082134 
 0,665537679932261 
 0,707874682472481 
 0,707874682472481 
 0,707027942421677 
 0,706181202370872 
 0,60965283657917 
 0,861134631668078 
 0,860287891617273 
 0,651143099068586 
 0,346316680779001 
 0,329381879762913 
 0,31160033869602 
 0,31922099915326 
 0,327688399661304 
 0,861134631668078 
 0,860287891617273 
 0,859441151566469 
 0,806943268416596 
 0,805249788314987 
 0,513124470787468 
 0,50381033022862 
 0,853513971210838 
 0,851820491109229 
 0,850127011007621 
 0,849280270956816 
 0,847586790855207 
 0,846740050804403 
 0,845046570702794 
 0,666384419983065 
 0,665537679932261 
 0,63082133784928 
 0,629974597798476 
 0,670618120237087 
 0,668924640135478 
 0,668077900084674 
 0,717188823031329 
 0,740050804403048 
 0,755292125317528 
 0,762066045723963 
 0,735817104149026 
 0,751058425063506 
 0,749364944961897 
 0,748518204911092 
 0,746824724809483 
 0,745131244707875 
 0,75190516511431 
 0,766299745977985 
 0,764606265876376 
 0,762912785774767 
 0,777307366638442 
 0,719729043183743 
 0,677392040643522 
 0,675698560541914 
 0,706181202370872 
 0,672311600338696 
 0,670618120237087 
 0,724809483488569 
 0,762912785774767 
 0,793395427603726 
 0,790855207451312 
 0,678238780694327 
 0,668924640135478 
 0,612193056731583 
 0,602878916172735 
 0,601185436071126 
 0,607112616426757 
 0,613886536833192 
 0,627434377646063 
 0,625740897544454 
 0,639288738357324 
 0,668077900084674 
 0,734970364098222 
 0,763759525825571 
 0,761219305673158 
 0,758679085520745 
 0,756985605419136 
 0,754445385266723 
 0,75190516511431 
 0,749364944961897 
 0,747671464860288 
 0,745131244707875 
 0,742591024555461 
 0,740050804403048 
 0,737510584250635 
 0,735817104149026 
 0,733276883996613 
 0,7307366638442 
 0,728196443691787 
 0,725656223539373 
 0,72311600338696 
 0,720575783234547 
 0,718035563082134 
 0,715495342929721 
 0,712955122777307 
 0,710414902624894 
 0,707874682472481 
 0,704487722269263 
 0,70194750211685 
 0,699407281964437 
 0,696867061812024 
 0,69432684165961 
 0,691786621507197 
 0,68839966130398 
 0,685859441151566 
 0,683319220999153 
 0,68077900084674 
 0,677392040643522 
 0,674851820491109 
 0,672311600338696 
 0,668924640135478 
 0,666384419983065 
 0,662997459779848 
 0,660457239627434 
 0,657070279424217 
 0,654530059271804 
 0,65198983911939 
 0,648602878916173 
 0,64606265876376 
 0,642675698560542 
 0,639288738357324 
 0,636748518204911 
 0,633361558001693 
 0,63082133784928 
 0,627434377646063 
 0,624047417442845 
 0,621507197290432 
 0,618120237087214 
 0,614733276883997 
 0,612193056731583 
 0,608806096528366 
 0,605419136325148 
 0,602032176121931 
 0,599491955969517 
 0,5961049957663 
 0,592718035563082 
 0,589331075359865 
 0,585944115156647 
 0,250635055038103 
 0,243861134631668 
 0,230313293818798 
 0,24047417442845 
 0,273497036409822 
 0,254868755292125 
 0,259102455546147 
 0,268416596104996 
 0,31160033869602 
 0,309906858594412 
 0,286198137171888 
 0,278577476714649 
 0,298899237933954 
 0,425910245554615 
 0,418289585097375 
 0,414902624894157 
 0,439458086367485 
 0,457239627434378 
 0,308213378492803 
 0,321761219305673 
 0,309060118543607 
 0,363251481795089 
 0,360711261642676 
 0,277730736663844 
 0,295512277730737 
 0,34801016088061 
 0,364944961896698 
 0,357324301439458 
 0,350550381033023 
 0,347163420829805 
 0,34038950042337 
 0,375952582557155 
 0,401354784081287 
 0,402201524132091 
 0,399661303979678 
 0,392040643522439 
 0,42506350550381 
 0,425910245554615 
 0,422523285351397 
 0,423370025402202 
 0,424216765453006 
 0,429297205757832 
 0,391193903471634 
 0,36155800169348 
 0,29043183742591 
 0,304826418289585 
 0,41913632514818 
 0,41151566469094 
 0,399661303979678 
 0,395427603725656 
 0,4038950042337 
 0,400508044030483 
 0,396274343776461 
 0,392887383573243 
 0,349703640982218 
 0,346316680779001 
 0,342929720575783 
 0,376799322607959 
 0,373412362404742 
 0,36917866215072 
 0,365791701947502 
 0,36155800169348 
 0,357324301439458 
 0,35393734123624 
 0,349703640982218 
 0,345469940728196 
 0,293818797629128 
 0,287044877222693 
 0,333615580016935 
 0,330228619813717 
 0,325994919559695 
 0,321761219305673 
 0,318374259102456 
 0,314140558848434 
 0,309906858594412 
 0,306519898391194 
 0,302286198137172 
 0,29805249788315 
 0,293818797629128 
 0,124470787468247 
 0,137171888230313 
 0,146486028789162 
 0,158340389500423 
 0,166807790008467 
 0,132091447925487 
 0,135478408128704 
 0,146486028789162 
 0,14225232853514 
 0,1346316680779 
 0,144792548687553 
 0,144792548687553 
 0,152413209144793 
 0,149872988992379 
 8,38272650296359E-02 
 8,29805249788315E-02 
 7,70533446232007E-02 
 7,79000846740051E-02 
 7,87468247248095E-02 
 7,70533446232007E-02 
 0,069432684165961 
 7,19729043183743E-02 
 7,28196443691787E-02 
 7,28196443691787E-02 
 0,069432684165961 
 8,55207451312447E-02 
 0,119390347163421 
 0,121930567315834 
 0,124470787468247 
 0,132091447925487 
 0,131244707874682 
 0,126164267569856 
 0,116850127011008 
 0,129551227773074 
 0,101608806096528 
 9,48348856900931E-02 
 0,116003386960203 
 8,97544453852667E-02 
 9,14479254868755E-02 
 0,10584250635055 
 0,104149026248942 
 9,14479254868755E-02 
 8,80609652836579E-02 
 8,55207451312447E-02 
 9,31414055884843E-02 
 8,97544453852667E-02 
 8,72142252328535E-02 
 8,80609652836579E-02 
 9,22946655376799E-02 
 9,82218458933107E-02 
 9,39881456392887E-02 
 9,06011854360711E-02 
 8,72142252328535E-02 
 8,38272650296359E-02 
 8,04403048264183E-02 
 7,70533446232007E-02 
 7,36663844199831E-02 
 7,02794242167655E-02 
 3,97967823878069E-02 
 3,72565622353937E-02 
 3,30228619813717E-02 
 3,38696020321761E-02 
 2,20152413209145E-02 
 3,89500423370025E-02 
 3,64098221845893E-02 
 3,47163420829805E-02 
 3,21761219305673E-02 
 3,21761219305673E-02 
 3,47163420829805E-02 
 3,13293818797629E-02 
 2,96359017781541E-02 
 2,62489415749365E-02 
 2,37087214225233E-02 
 2,11685012701101E-02 
 2,03217612193057E-02 
 1,86282811176969E-02 
 1,52413209144793E-02 
 1,35478408128704E-02 
 1,35478408128704E-02 
 1,18543607112616E-02 
 1,01608806096528E-02 
 8,46740050804403E-03 
 6,77392040643522E-03 
 5,92718035563082E-03 
 4,23370025402202E-03 
 3,38696020321761E-03 
 2,54022015241321E-03 
 1,69348010160881E-03 
 8,46740050804403E-04 
 8,46740050804403E-04 
 8,46740050804403E-04 
 0 
 0 
 0 
 0 
 0 
 0 
 0 
 0 
 0 
 0 
 0 
 0 
 0 
 0 
 0 
 0 
 0 
 0 
 0 
 0 
 0 
 0 
 0 
 0 
 0 
 0 
 0 
 0 
 0 
 0 
 0 
 0 
 0 
 0 
 0 
 0 
 0 
 0 
 0 
 0 
 0 
 0 
 0 
 0 
 0 
 0 
 0 
 0 
 0 
 0 
 0 
 0 
 0 
 0 
 0 
 0 
 0 
 0 
 0 
 0 
 0 
 0 
 0 
 0 
 0 
 0 
 0 
 0 
 0 
 0 
 0 
 0 
 0 
 0 
 0 
 0 
 0 
 0 
 0 
 0 
 0 
 0 
 0 
 0 
 0 
 0 
 0 
 0 
 0 
 0 
 0 
 0 
 0 
 0 
 0 
 0 
 0 
 0 
 0 
 0 
 0 
 0 
 0 
 0 
 0 
 0 
 0 
 0 
 0 
 0 
 0 
 0 
 0 
 0 
 0 
 0 
 0 
 0 
 0 
 0 
 0 
 0 
 0 
 0 
 0 
 0 
 0 
 0 
 0 
 0 
 0 
 0 
 0 
 0 
 0 
 0 
 0 
 0 
 0 
 0 
 0 
 0 
 0 
 0 
 0 
 0 
 0 
 0 
 0 
 0 
 0 
 0 
 0 
 0 
 0 
 0 
 0 
 0 
 0 
 0 
 0 
 0 
 0 
 0 
 0 
 0 
 0 
 0 
 0 
 0 
 0 
 0 
 0 
 0 
 0 
 0 
 0 
 0 
 0 
 0 
 0 
 0 
 0 
 0 
 0 
 0 
 0 
 0 
 0 
 0 
 0 
 0 
 0 
 0 
 0 
 0 
 0 
 0 
 0 
 0 
 0 
 0 
 0 
 0 
 0 
 0 
 0 
 0 
 0 
 0 
 0 
 0 
 0 
 0 
 0 
 0 
 0 
 0 
 0 
 0 
 0 
 0 
 0 
 0 
 0 
 0 
 0 
 0 
 0 
 0 
 0 
 0 
 0 
 0 
 0 
 0 
 0 
 0 
 0 
 0 
 0 
 0 
 0 
 0 
 0 
 0 
 0 
 0 
 0 
 0 
 0 
 0 
 0 
 0 
 0 
 0 
 0 
 0 
 0 
 0 
 0 
 0 
 0 
 0 
 0 
 0 
 0 
 0 
 0 
 0 
 0 
 0 
 0 
 0 
 0 
 0 
 0 
 0 
 0 
 0 
 0 
 0 
 0 
 0 
 0 
 0 
 0 
 0 
 0 
 0 
 0 
 0 
 0 
 0 
 0 
 0 
 0 
 0 
 0 
 0 
 0 
 0 
 0 
 0 
 0 
 0 
 0 
 0 
 0 
 0 
 0 
