 0 
 0 
 0 
 0 
 0 
 0 
 0 
 0 
 0 
 0 
 0 
 0 
 0 
 0 
 0 
 0 
 0 
 0 
 0 
 0 
 0 
 0 
 0 
 0 
 0 
 0 
 0 
 0 
 0 
 0 
 0 
 0 
 0 
 0 
 0 
 0 
 0 
 0 
 0 
 0 
 0 
 0 
 0 
 0 
 0 
 0 
 0 
 0 
 0 
 0 
 0 
 0 
 0 
 0 
 0 
 0 
 0 
 0 
 0 
 0 
 0 
 0 
 0 
 0 
 0 
 0 
 0 
 0 
 0 
 0 
 0 
 0 
 0 
 0 
 0 
 0 
 0 
 0 
 0 
 0 
 0 
 0 
 0 
 0 
 0 
 0 
 0 
 0 
 0 
 0 
 0 
 0 
 0 
 0 
 0 
 0 
 0 
 0 
 0 
 0 
 0 
 0 
 0 
 0 
 0 
 0 
 0 
 0 
 0 
 0 
 0 
 0 
 0 
 0 
 0 
 0 
 0 
 0 
 0 
 0 
 0 
 0 
 0 
 0 
 0 
 0 
 0 
 0 
 0 
 0 
 0 
 0 
 0 
 0 
 0 
 0 
 0 
 0 
 0 
 0 
 0 
 0 
 0 
 0 
 0 
 0 
 0 
 0 
 0 
 0 
 0 
 0 
 0 
 0 
 0 
 0 
 0 
 0 
 0 
 0 
 0 
 0 
 0 
 0 
 0 
 0 
 0 
 0 
 0 
 0 
 0 
 0 
 0 
 0 
 0 
 0 
 0 
 0 
 0 
 0 
 0 
 0 
 0 
 0 
 0 
 0 
 0 
 0 
 0 
 0 
 0 
 0 
 0 
 0 
 0 
 0 
 0 
 0 
 0 
 0 
 0 
 0 
 0 
 0 
 0 
 0 
 0 
 0 
 0 
 0 
 0 
 0 
 0 
 0 
 0 
 0 
 0 
 0 
 0 
 0 
 0 
 0 
 0 
 0 
 0 
 0 
 0 
 0 
 0 
 0 
 0 
 0 
 0 
 0 
 0 
 0 
 0 
 0 
 0 
 0 
 0 
 0 
 0 
 0 
 0 
 0 
 0 
 0 
 0 
 0 
 0 
 0 
 0 
 0 
 0 
 0 
 0 
 0 
 0 
 0 
 0 
 0 
 0 
 0 
 0 
 0 
 0 
 0 
 0 
 0 
 0 
 0 
 0 
 0 
 0 
 0 
 0 
 0 
 0 
 0 
 0 
 0 
 0 
 0 
 0 
 0 
 0 
 0 
 0 
 0 
 0 
 0 
 0 
 0 
 0 
 0 
 0 
 0 
 0 
 0 
 0 
 0 
 0 
 0 
 0 
 0 
 0 
 0 
 0 
 0 
 0 
 0 
 0 
 0 
 0 
 0 
 0 
 0 
 0 
 0 
 0 
 0 
 0 
 0 
 0 
 0 
 0 
 0 
 0 
 0 
 0 
 0 
 0 
 0 
 0 
 0 
 0 
 0 
 0 
 0 
 0 
 0 
 0 
 0 
 0 
 0 
 0 
 0 
 0 
 0 
 0 
 0 
 0 
 0 
 0 
 0 
 0 
 0 
 0 
 0 
 0 
 0 
 0 
 0 
 0 
 0 
 0 
 0 
 0 
 0 
 0 
 0 
 0 
 0 
 0 
 0 
 0 
 0 
 0 
 0 
 0 
 0 
 0 
 0 
 0 
 0 
 0 
 0 
 0 
 0 
 0 
 0 
 0 
 0 
 0 
 0 
 0 
 0 
 0 
 0 
 0 
 0 
 0 
 0 
 0 
 0 
 0 
 0 
 0 
 0 
 0 
 0 
 0 
 0 
 0 
 0 
 0 
 0 
 0 
 0 
 0 
 0 
 0 
 0 
 0 
 0 
 0 
 0 
 0 
 0 
 0 
 0 
 0 
 0 
 0 
 0 
 8,46740050804403E-04 
 8,46740050804403E-04 
 1,69348010160881E-03 
 1,69348010160881E-03 
 2,54022015241321E-03 
 2,54022015241321E-03 
 3,38696020321761E-03 
 4,23370025402202E-03 
 6,77392040643522E-03 
 7,62066045723963E-03 
 1,10076206604572E-02 
 1,35478408128704E-02 
 1,52413209144793E-02 
 1,69348010160881E-02 
 1,94750211685013E-02 
 1,86282811176969E-02 
 2,03217612193057E-02 
 2,28619813717189E-02 
 2,54022015241321E-02 
 2,70956816257409E-02 
 2,96359017781541E-02 
 3,38696020321761E-02 
 3,81033022861981E-02 
 4,06435224386113E-02 
 0,044030482641829 
 0,048264182895851 
 0,052497883149873 
 3,97967823878069E-02 
 3,97967823878069E-02 
 4,31837425910246E-02 
 0,044030482641829 
 0,048264182895851 
 4,99576629974598E-02 
 5,08044030482642E-02 
 5,33446232006774E-02 
 4,57239627434378E-02 
 0,044030482641829 
 3,81033022861981E-02 
 2,96359017781541E-02 
 3,21761219305673E-02 
 3,30228619813717E-02 
 3,55630821337849E-02 
 3,89500423370025E-02 
 0,044030482641829 
 4,74174428450466E-02 
 4,99576629974598E-02 
 6,77392040643522E-02 
 7,02794242167655E-02 
 6,43522438611346E-02 
 9,82218458933107E-02 
 0,123624047417443 
 0,052497883149873 
 4,99576629974598E-02 
 5,08044030482642E-02 
 0,052497883149873 
 5,33446232006774E-02 
 0,056731583403895 
 5,84250635055038E-02 
 5,92718035563082E-02 
 0,060965283657917 
 6,18120237087214E-02 
 6,35055038103302E-02 
 6,68924640135478E-02 
 6,60457239627434E-02 
 6,60457239627434E-02 
 6,68924640135478E-02 
 7,28196443691787E-02 
 7,36663844199831E-02 
 0,069432684165961 
 5,08044030482642E-02 
 0,052497883149873 
 5,33446232006774E-02 
 4,74174428450466E-02 
 5,08044030482642E-02 
 5,16511430990686E-02 
 4,99576629974598E-02 
 5,33446232006774E-02 
 5,41913632514818E-02 
 5,50381033022862E-02 
 5,33446232006774E-02 
 6,68924640135478E-02 
 7,02794242167655E-02 
 7,19729043183743E-02 
 8,12870448772227E-02 
 7,95935647756139E-02 
 0,069432684165961 
 0,065198983911939 
 6,60457239627434E-02 
 0,159187129551228 
 0,158340389500423 
 0,157493649449619 
 0,144792548687553 
 0,152413209144793 
 0,102455546147333 
 0,116003386960203 
 0,114309906858594 
 0,112616426756986 
 0,116850127011008 
 0,135478408128704 
 0,133784928027096 
 0,131244707874682 
 0,238780694326842 
 0,138018628281118 
 0,136325148179509 
 0,1346316680779 
 7,53598645215919E-02 
 7,19729043183743E-02 
 8,04403048264183E-02 
 8,12870448772227E-02 
 8,21337849280271E-02 
 8,29805249788315E-02 
 8,38272650296359E-02 
 8,46740050804403E-02 
 8,89077053344623E-02 
 9,82218458933107E-02 
 0,103302286198137 
 0,123624047417443 
 0,125317527519052 
 0,252328535139712 
 0,370025402201524 
 0,36155800169348 
 0,364944961896698 
 0,367485182049111 
 0,379339542760373 
 0,378492802709568 
 0,386113463166808 
 0,385266723116003 
 0,441998306519898 
 0,445385266723116 
 0,448772226926334 
 0,453005927180356 
 0,456392887383573 
 0,455546147332769 
 0,464013547840813 
 0,331922099915326 
 0,277730736663844 
 0,375105842506351 
 0,392040643522439 
 0,366638441998307 
 0,364098221845893 
 0,288738357324301 
 0,246401354784081 
 0,238780694326842 
 0,230313293818798 
 0,221845893310754 
 0,218458933107536 
 0,235393734123624 
 0,226079593564776 
 0,160880609652837 
 0,151566469093988 
 0,152413209144793 
 0,132091447925487 
 0,170194750211685 
 0,171041490262489 
 0,166807790008467 
 0,157493649449619 
 0,158340389500423 
 0,165114309906859 
 0,160033869602032 
 0,160880609652837 
 0,173581710414903 
 0,174428450465707 
 0,204064352243861 
 0,210838272650296 
 0,206604572396274 
 0,21337849280271 
 0,220152413209145 
 0,19813717188823 
 0,193056731583404 
 0,200677392040644 
 0,201524132091448 
 0,196443691786621 
 0,197290431837426 
 0,198983911939035 
 0,193903471634208 
 0,316680779000847 
 0,336155800169348 
 0,41151566469094 
 0,271803556308213 
 0,385266723116003 
 0,392887383573243 
 0,388653683319221 
 0,403048264182896 
 0,468247248094835 
 0,483488569009314 
 0,486028789161727 
 0,519898391193903 
 0,529212531752752 
 0,537679932260796 
 0,599491955969517 
 0,634208298052498 
 0,644369178662151 
 0,646909398814564 
 0,649449618966977 
 0,64606265876376 
 0,641828958509738 
 0,671464860287892 
 0,674005080440305 
 0,677392040643522 
 0,679932260795936 
 0,682472480948349 
 0,685859441151566 
 0,68839966130398 
 0,690939881456393 
 0,693480101608806 
 0,696867061812024 
 0,699407281964437 
 0,70194750211685 
 0,704487722269263 
 0,707027942421677 
 0,70956816257409 
 0,712108382726503 
 0,714648602878916 
 0,717188823031329 
 0,633361558001693 
 0,635901778154107 
 0,232006773920406 
 0,225232853513971 
 0,241320914479255 
 0,242167654530059 
 0,242167654530059 
 0,236240474174428 
 0,243861134631668 
 0,222692633361558 
 0,223539373412362 
 0,238780694326842 
 0,254868755292125 
 0,24809483488569 
 0,233700254022015 
 0,23454699407282 
 0,227773073666384 
 0,19813717188823 
 0,190516511430991 
 0,160880609652837 
 0,168501270110076 
 0,154106689246401 
 0,138865368331922 
 0,154953429297206 
 0,171041490262489 
 0,171041490262489 
 0,164267569856054 
 0,164267569856054 
 0,172734970364098 
 0,181202370872142 
 0,173581710414903 
 0,149872988992379 
 0,158340389500423 
 0,159187129551228 
 0,159187129551228 
 0,127857747671465 
 9,56816257408975E-02 
 9,65283657917019E-02 
 0,104149026248942 
 0,104995766299746 
 0,11346316680779 
 0,12108382726503 
 9,73751058425063E-02 
 9,73751058425063E-02 
 8,97544453852667E-02 
 8,12870448772227E-02 
 9,82218458933107E-02 
 9,06011854360711E-02 
 9,82218458933107E-02 
 9,90685859441152E-02 
 0,115156646909399 
 0,116003386960203 
 0,116003386960203 
 0,116003386960203 
 0,108382726502964 
 0,116850127011008 
 9,99153259949196E-02 
 0,100762066045724 
 9,22946655376799E-02 
 9,22946655376799E-02 
 9,22946655376799E-02 
 8,38272650296359E-02 
 8,46740050804403E-02 
 7,62066045723963E-02 
 7,62066045723963E-02 
 7,62066045723963E-02 
 7,62066045723963E-02 
 6,77392040643522E-02 
 5,92718035563082E-02 
 3,38696020321761E-02 
 3,38696020321761E-02 
 3,38696020321761E-02 
 3,38696020321761E-02 
 3,47163420829805E-02 
 3,47163420829805E-02 
 3,47163420829805E-02 
 4,31837425910246E-02 
 4,31837425910246E-02 
 4,31837425910246E-02 
 4,31837425910246E-02 
 0,060965283657917 
 0,060965283657917 
 0,060965283657917 
 0,052497883149873 
 0,052497883149873 
 0,052497883149873 
 0,052497883149873 
 0,044030482641829 
 0,044030482641829 
 0,044030482641829 
 0,060965283657917 
 7,02794242167655E-02 
 8,80609652836579E-02 
 8,80609652836579E-02 
 8,80609652836579E-02 
 9,65283657917019E-02 
 9,65283657917019E-02 
 0,10584250635055 
 0,10584250635055 
 9,73751058425063E-02 
 8,80609652836579E-02 
 8,80609652836579E-02 
 8,80609652836579E-02 
 8,80609652836579E-02 
 7,95935647756139E-02 
 7,11261642675699E-02 
 7,95935647756139E-02 
 7,11261642675699E-02 
 6,18120237087214E-02 
 5,33446232006774E-02 
 5,33446232006774E-02 
 0,044030482641829 
 0,044030482641829 
 4,48772226926334E-02 
 4,48772226926334E-02 
 3,55630821337849E-02 
 4,48772226926334E-02 
 4,48772226926334E-02 
 4,48772226926334E-02 
 4,48772226926334E-02 
 4,48772226926334E-02 
 4,48772226926334E-02 
 4,48772226926334E-02 
 4,48772226926334E-02 
 4,48772226926334E-02 
 4,48772226926334E-02 
 4,48772226926334E-02 
 4,48772226926334E-02 
 4,48772226926334E-02 
 4,48772226926334E-02 
 4,48772226926334E-02 
 4,48772226926334E-02 
 4,48772226926334E-02 
 4,48772226926334E-02 
 4,48772226926334E-02 
 5,33446232006774E-02 
 7,11261642675699E-02 
 7,11261642675699E-02 
 7,11261642675699E-02 
 8,04403048264183E-02 
 8,04403048264183E-02 
 8,04403048264183E-02 
 8,89077053344623E-02 
 0,116003386960203 
 0,106689246401355 
 0,116003386960203 
 0,116003386960203 
 0,116003386960203 
 9,82218458933107E-02 
 8,89077053344623E-02 
 8,89077053344623E-02 
 7,95935647756139E-02 
 7,11261642675699E-02 
 7,11261642675699E-02 
 7,11261642675699E-02 
 7,11261642675699E-02 
 7,11261642675699E-02 
 7,11261642675699E-02 
 7,95935647756139E-02 
 8,80609652836579E-02 
 8,80609652836579E-02 
 7,95935647756139E-02 
 7,95935647756139E-02 
 7,02794242167655E-02 
 7,02794242167655E-02 
 7,02794242167655E-02 
 7,02794242167655E-02 
 9,65283657917019E-02 
 9,65283657917019E-02 
 9,65283657917019E-02 
 9,65283657917019E-02 
 9,65283657917019E-02 
 9,65283657917019E-02 
 9,65283657917019E-02 
 8,72142252328535E-02 
 7,87468247248095E-02 
 7,87468247248095E-02 
 7,87468247248095E-02 
 8,72142252328535E-02 
 8,72142252328535E-02 
 0,112616426756986 
 0,12108382726503 
 0,138865368331922 
 0,147332768839966 
 0,12108382726503 
 0,12108382726503 
 0,111769686706181 
 8,63674851820491E-02 
 8,55207451312447E-02 
 7,70533446232007E-02 
 7,70533446232007E-02 
 6,85859441151566E-02 
 6,85859441151566E-02 
 6,85859441151566E-02 
 5,92718035563082E-02 
 5,08044030482642E-02 
 5,08044030482642E-02 
 5,08044030482642E-02 
 5,08044030482642E-02 
 5,08044030482642E-02 
 5,08044030482642E-02 
 5,08044030482642E-02 
 5,92718035563082E-02 
 6,68924640135478E-02 
 6,68924640135478E-02 
 7,53598645215919E-02 
 7,53598645215919E-02 
 7,53598645215919E-02 
 8,29805249788315E-02 
 8,29805249788315E-02 
 8,29805249788315E-02 
 7,45131244707875E-02 
 7,45131244707875E-02 
 9,06011854360711E-02 
 9,06011854360711E-02 
 9,06011854360711E-02 
 8,97544453852667E-02 
 8,97544453852667E-02 
 9,82218458933107E-02 
 0,114309906858594 
 0,11346316680779 
 0,11346316680779 
 0,104995766299746 
 0,104995766299746 
 0,104995766299746 
 0,128704487722269 
 0,111769686706181 
 0,111769686706181 
 0,111769686706181 
 0,103302286198137 
 0,103302286198137 
 0,102455546147333 
 0,102455546147333 
 0,102455546147333 
 0,117696867061812 
 0,109229466553768 
 0,116850127011008 
 0,124470787468247 
 0,108382726502964 
 0,108382726502964 
 0,108382726502964 
 0,115156646909399 
 0,115156646909399 
 0,107535986452159 
 9,90685859441152E-02 
 9,90685859441152E-02 
 0,10584250635055 
 0,11346316680779 
 0,10584250635055 
 0,104995766299746 
 9,73751058425063E-02 
 9,73751058425063E-02 
 8,21337849280271E-02 
 7,45131244707875E-02 
 7,36663844199831E-02 
 8,12870448772227E-02 
 9,56816257408975E-02 
 9,56816257408975E-02 
 0,102455546147333 
 0,101608806096528 
 0,116003386960203 
 0,144792548687553 
 0,143945808636749 
 0,121930567315834 
 0,128704487722269 
 0,12108382726503 
 0,12108382726503 
 0,120237087214225 
 0,120237087214225 
 0,119390347163421 
 0,118543607112616 
 0,125317527519052 
 0,125317527519052 
 0,138018628281118 
 0,138018628281118 
 0,137171888230313 
 0,109229466553768 
 0,102455546147333 
 0,101608806096528 
 8,12870448772227E-02 
 7,36663844199831E-02 
 6,68924640135478E-02 
 6,68924640135478E-02 
 6,01185436071126E-02 
 5,92718035563082E-02 
 5,92718035563082E-02 
 5,92718035563082E-02 
 7,19729043183743E-02 
 0,065198983911939 
 6,43522438611346E-02 
 7,70533446232007E-02 
 7,02794242167655E-02 
 8,29805249788315E-02 
 8,21337849280271E-02 
 8,21337849280271E-02 
 8,12870448772227E-02 
 8,72142252328535E-02 
 8,04403048264183E-02 
 8,63674851820491E-02 
 9,82218458933107E-02 
 0,122777307366638 
 0,146486028789162 
 0,296359017781541 
 0,301439458086367 
 0,299745977984759 
 0,470787468247248 
 0,58086367485182 
 0,589331075359865 
 0,585944115156647 
 0,583403895004234 
 0,580016934801016 
 0,576629974597799 
 0,573243014394581 
 0,569856054191363 
 0,566469093988146 
 0,563082133784928 
 0,447925486875529 
 0,445385266723116 
 0,442845046570703 
 0,472480948348857 
 0,360711261642676 
 0,374259102455546 
 0,507197290431837 
 0,492802709568163 
 0,479254868755292 
 0,486875529212532 
 0,493649449618967 
 0,485182049110923 
 0,481795088907705 
 0,484335309060119 
 0,475867908552075 
 0,46740050804403 
 0,464013547840813 
 0,460626587637595 
 0,442845046570703 
 0,434377646062659 
 0,425910245554615 
 0,335309060118544 
 0,347163420829805 
 0,344623200677392 
 0,47502116850127 
 0,471634208298052 
 0,468247248094835 
 0,464013547840813 
 0,460626587637595 
 0,457239627434378 
 0,453005927180356 
 0,445385266723116 
 0,41913632514818 
 0,41151566469094 
 0,381033022861981 
 0,378492802709568 
 0,370872142252329 
 0,367485182049111 
 0,359864521591871 
 0,356477561388654 
 0,353090601185436 
 0,342082980524979 
 0,408128704487722 
 0,34801016088061 
 0,344623200677392 
 0,33276883996613 
 0,36155800169348 
 0,35393734123624 
 0,350550381033023 
 0,339542760372566 
 0,331922099915326 
 0,328535139712108 
 0,328535139712108 
 0,321761219305673 
 0,281964436917866 
 0,271803556308213 
 0,276037256562235 
 0,349703640982218 
 0,345469940728196 
 0,342082980524979 
 0,337849280270957 
 0,333615580016935 
 0,323454699407282 
 0,309906858594412 
 0,312447078746825 
 0,21337849280271 
 0,238780694326842 
 0,244707874682472 
 0,306519898391194 
 0,302286198137172 
 0,29805249788315 
 0,293818797629128 
 0,29043183742591 
 0,286198137171888 
 0,281964436917866 
 0,277730736663844 
 0,274343776460627 
 0,270110076206605 
 0,265876375952583 
 0,262489415749365 
 0,258255715495343 
 0,254022015241321 
 0,249788314987299 
 0,246401354784081 
 0,242167654530059 
 0,21930567315834 
 0,217612193056732 
 0,215918712955123 
 0,212531752751905 
 0,206604572396274 
 0,191363251481795 
 0,190516511430991 
 0,191363251481795 
 0,189669771380186 
 0,201524132091448 
 0,183742591024555 
 0,182049110922947 
 0,174428450465707 
 0,171041490262489 
 0,167654530059272 
 0,16342082980525 
 9,90685859441152E-02 
 9,73751058425063E-02 
 9,99153259949196E-02 
 9,39881456392887E-02 
 6,68924640135478E-02 
 6,60457239627434E-02 
 6,18120237087214E-02 
 5,75783234546994E-02 
 3,55630821337849E-02 
 3,89500423370025E-02 
 3,81033022861981E-02 
 3,64098221845893E-02 
 3,30228619813717E-02 
 3,13293818797629E-02 
 3,13293818797629E-02 
 3,04826418289585E-02 
 2,79424216765453E-02 
 2,37087214225233E-02 
 2,20152413209145E-02 
 2,11685012701101E-02 
 2,54022015241321E-02 
 2,28619813717189E-02 
 2,20152413209145E-02 
 2,20152413209145E-02 
 2,11685012701101E-02 
 2,03217612193057E-02 
 2,20152413209145E-02 
 2,20152413209145E-02 
 2,11685012701101E-02 
 2,37087214225233E-02 
 2,28619813717189E-02 
 1,52413209144793E-02 
 1,52413209144793E-02 
 1,43945808636749E-02 
 1,35478408128704E-02 
 0,012701100762066 
 0,012701100762066 
 1,10076206604572E-02 
 1,01608806096528E-02 
 9,31414055884843E-03 
 9,31414055884843E-03 
 8,46740050804403E-03 
 7,62066045723963E-03 
 5,92718035563082E-03 
 5,92718035563082E-03 
 5,08044030482642E-03 
 4,23370025402202E-03 
 3,38696020321761E-03 
 3,38696020321761E-03 
 2,54022015241321E-03 
 2,54022015241321E-03 
 1,69348010160881E-03 
 1,69348010160881E-03 
 8,46740050804403E-04 
 8,46740050804403E-04 
 8,46740050804403E-04 
 8,46740050804403E-04 
 8,46740050804403E-04 
 0 
 0 
 0 
 0 
 0 
 0 
 0 
 0 
 0 
 0 
 0 
 0 
 0 
 0 
 0 
 0 
 0 
 0 
 0 
 0 
 0 
 0 
 0 
 0 
 0 
 0 
 0 
 0 
 0 
 0 
 0 
 0 
 0 
 0 
 0 
 0 
 0 
 0 
 0 
 0 
 0 
 0 
 0 
 0 
 0 
 0 
 0 
 0 
 0 
 0 
 0 
 0 
 0 
 0 
 0 
 0 
 0 
 0 
 0 
 0 
 0 
 0 
 0 
 0 
 0 
 0 
 0 
 0 
 0 
 0 
 0 
 0 
 0 
 0 
 0 
 0 
 0 
 0 
 0 
 0 
 0 
 0 
 0 
 0 
 0 
 0 
 0 
 0 
 0 
 0 
 0 
 0 
 0 
 0 
 0 
 0 
 0 
 0 
 0 
 0 
 0 
 0 
 0 
 0 
 0 
 0 
 0 
 0 
 0 
 0 
 0 
 0 
 0 
 0 
 0 
 0 
 0 
 0 
 0 
 0 
 0 
 0 
 0 
 0 
 0 
 0 
 0 
 0 
 0 
 0 
 0 
 0 
 0 
 0 
 0 
 0 
 0 
 0 
 0 
 0 
 0 
 0 
 0 
 0 
 0 
 0 
 0 
 0 
 0 
 0 
 0 
 0 
 0 
 0 
 0 
 0 
 0 
 0 
 0 
 0 
 0 
 0 
 0 
 0 
 0 
 0 
 0 
 0 
 0 
 0 
 0 
 0 
 0 
 0 
 0 
 0 
 0 
 0 
 0 
 0 
 0 
 0 
 0 
 0 
 0 
 0 
 0 
 0 
 0 
 0 
 0 
 0 
 0 
 0 
 0 
 0 
 0 
 0 
 0 
 0 
 0 
 0 
 0 
 0 
 0 
 0 
 0 
 0 
 0 
 0 
 0 
 0 
 0 
 0 
 0 
 0 
 0 
 0 
 0 
 0 
 0 
 0 
 0 
 0 
 0 
 0 
 0 
 0 
 0 
 0 
 0 
 0 
 0 
 0 
 0 
 0 
 0 
 0 
 0 
 0 
 0 
 0 
 0 
 0 
 0 
 0 
 0 
 0 
 0 
 0 
 0 
 0 
 0 
 0 
 0 
 0 
 0 
 0 
 0 
 0 
 0 
 0 
 0 
 0 
 0 
 0 
 0 
 0 
 0 
 0 
 0 
 0 
 0 
 0 
 0 
 0 
 0 
 0 
 0 
 0 
 0 
 0 
 0 
 0 
 0 
 0 
 0 
 0 
 0 
 0 
 0 
 0 
 0 
 0 
 0 
 0 
 0 
 0 
 0 
 0 
 0 
 0 
 0 
 0 
 0 
 0 
 0 
 0 
 0 
 0 
 0 
 0 
 0 
 0 
 0 
