 0 
 0 
 0 
 0 
 0 
 0 
 0 
 0 
 0 
 0 
 0 
 0 
 0 
 0 
 0 
 0 
 0 
 0 
 0 
 0 
 0 
 0 
 0 
 0 
 0 
 0 
 0 
 0 
 0 
 0 
 0 
 0 
 0 
 0 
 0 
 0 
 0 
 0 
 0 
 0 
 0 
 0 
 0 
 0 
 0 
 0 
 0 
 0 
 0 
 0 
 0 
 0 
 0 
 0 
 0 
 0 
 0 
 0 
 0 
 0 
 0 
 0 
 0 
 0 
 0 
 0 
 0 
 0 
 0 
 0 
 0 
 0 
 0 
 0 
 0 
 0 
 0 
 0 
 0 
 0 
 0 
 0 
 0 
 0 
 0 
 0 
 0 
 0 
 0 
 0 
 0 
 0 
 0 
 0 
 0 
 0 
 0 
 0 
 0 
 0 
 0 
 0 
 0 
 0 
 0 
 0 
 0 
 0 
 0 
 0 
 0 
 0 
 0 
 0 
 0 
 0 
 0 
 0 
 0 
 0 
 0 
 0 
 0 
 0 
 0 
 0 
 0 
 0 
 0 
 0 
 0 
 0 
 0 
 0 
 0 
 0 
 0 
 0 
 0 
 0 
 0 
 0 
 0 
 0 
 0 
 0 
 0 
 0 
 0 
 0 
 0 
 0 
 0 
 0 
 0 
 0 
 0 
 0 
 0 
 0 
 0 
 0 
 0 
 0 
 0 
 0 
 0 
 0 
 0 
 0 
 0 
 0 
 0 
 0 
 0 
 0 
 0 
 0 
 0 
 0 
 0 
 0 
 0 
 0 
 0 
 0 
 0 
 0 
 0 
 0 
 0 
 0 
 0 
 0 
 0 
 0 
 0 
 0 
 0 
 0 
 0 
 0 
 0 
 0 
 0 
 0 
 0 
 0 
 0 
 0 
 0 
 0 
 0 
 0 
 0 
 0 
 0 
 0 
 0 
 0 
 0 
 0 
 0 
 0 
 0 
 0 
 0 
 0 
 0 
 0 
 0 
 0 
 0 
 0 
 0 
 0 
 0 
 0 
 0 
 0 
 0 
 0 
 0 
 0 
 0 
 0 
 0 
 0 
 0 
 0 
 0 
 0 
 0 
 0 
 0 
 0 
 0 
 0 
 0 
 0 
 0 
 0 
 0 
 0 
 0 
 0 
 0 
 0 
 0 
 0 
 0 
 0 
 0 
 0 
 0 
 0 
 0 
 0 
 0 
 0 
 0 
 0 
 0 
 0 
 0 
 0 
 0 
 0 
 0 
 0 
 0 
 0 
 0 
 0 
 0 
 0 
 0 
 0 
 0 
 0 
 0 
 0 
 0 
 0 
 0 
 0 
 0 
 0 
 0 
 0 
 0 
 0 
 0 
 0 
 0 
 0 
 0 
 0 
 0 
 0 
 0 
 0 
 0 
 0 
 0 
 0 
 0 
 0 
 0 
 0 
 0 
 0 
 0 
 0 
 0 
 0 
 0 
 0 
 0 
 0 
 0 
 0 
 0 
 0 
 0 
 0 
 0 
 0 
 0 
 0 
 0 
 0 
 0 
 0 
 0 
 0 
 0 
 0 
 0 
 0 
 0 
 0 
 0 
 0 
 0 
 0 
 0 
 0 
 0 
 0 
 0 
 0 
 0 
 0 
 0 
 0 
 0 
 0 
 0 
 0 
 0 
 0 
 0 
 0 
 0 
 0 
 0 
 0 
 0 
 0 
 0 
 0 
 0 
 0 
 0 
 0 
 0 
 0 
 0 
 0 
 0 
 0 
 0 
 0 
 0 
 0 
 0 
 0 
 0 
 0 
 0 
 0 
 0 
 0 
 0 
 0 
 0 
 0 
 0 
 0 
 0 
 0 
 0 
 0 
 0 
 0 
 0 
 0 
 0 
 0 
 0 
 0 
 0 
 0 
 0 
 0 
 0 
 8,46740050804403E-04 
 8,46740050804403E-04 
 8,46740050804403E-04 
 8,46740050804403E-04 
 1,69348010160881E-03 
 1,69348010160881E-03 
 1,69348010160881E-03 
 2,54022015241321E-03 
 2,54022015241321E-03 
 2,54022015241321E-03 
 2,54022015241321E-03 
 3,38696020321761E-03 
 3,38696020321761E-03 
 3,38696020321761E-03 
 3,38696020321761E-03 
 4,23370025402202E-03 
 4,23370025402202E-03 
 4,23370025402202E-03 
 5,08044030482642E-03 
 5,92718035563082E-03 
 5,92718035563082E-03 
 6,77392040643522E-03 
 6,77392040643522E-03 
 7,62066045723963E-03 
 7,62066045723963E-03 
 7,62066045723963E-03 
 8,46740050804403E-03 
 9,31414055884843E-03 
 8,46740050804403E-03 
 8,46740050804403E-03 
 9,31414055884843E-03 
 9,31414055884843E-03 
 8,46740050804403E-03 
 8,46740050804403E-03 
 9,31414055884843E-03 
 1,10076206604572E-02 
 1,18543607112616E-02 
 1,35478408128704E-02 
 1,52413209144793E-02 
 1,94750211685013E-02 
 1,77815410668925E-02 
 2,03217612193057E-02 
 2,11685012701101E-02 
 2,20152413209145E-02 
 2,37087214225233E-02 
 2,45554614733277E-02 
 2,54022015241321E-02 
 2,62489415749365E-02 
 2,79424216765453E-02 
 2,79424216765453E-02 
 2,96359017781541E-02 
 3,04826418289585E-02 
 2,96359017781541E-02 
 3,38696020321761E-02 
 3,13293818797629E-02 
 3,21761219305673E-02 
 3,30228619813717E-02 
 3,21761219305673E-02 
 3,30228619813717E-02 
 3,38696020321761E-02 
 3,04826418289585E-02 
 3,30228619813717E-02 
 3,64098221845893E-02 
 4,06435224386113E-02 
 4,14902624894158E-02 
 3,81033022861981E-02 
 3,89500423370025E-02 
 2,96359017781541E-02 
 3,64098221845893E-02 
 3,89500423370025E-02 
 3,97967823878069E-02 
 4,48772226926334E-02 
 5,08044030482642E-02 
 5,16511430990686E-02 
 4,74174428450466E-02 
 4,57239627434378E-02 
 4,65707027942422E-02 
 4,99576629974598E-02 
 5,33446232006774E-02 
 4,65707027942422E-02 
 4,74174428450466E-02 
 4,74174428450466E-02 
 4,57239627434378E-02 
 3,81033022861981E-02 
 3,89500423370025E-02 
 3,64098221845893E-02 
 3,72565622353937E-02 
 3,47163420829805E-02 
 3,55630821337849E-02 
 3,30228619813717E-02 
 3,04826418289585E-02 
 2,70956816257409E-02 
 1,86282811176969E-02 
 1,86282811176969E-02 
 1,94750211685013E-02 
 1,94750211685013E-02 
 1,94750211685013E-02 
 2,28619813717189E-02 
 2,37087214225233E-02 
 2,70956816257409E-02 
 3,04826418289585E-02 
 3,47163420829805E-02 
 3,13293818797629E-02 
 3,21761219305673E-02 
 3,21761219305673E-02 
 3,21761219305673E-02 
 3,64098221845893E-02 
 4,06435224386113E-02 
 4,48772226926334E-02 
 4,48772226926334E-02 
 4,91109229466554E-02 
 4,99576629974598E-02 
 4,65707027942422E-02 
 5,08044030482642E-02 
 5,16511430990686E-02 
 5,16511430990686E-02 
 0,052497883149873 
 0,056731583403895 
 5,75783234546994E-02 
 6,26587637595258E-02 
 7,11261642675699E-02 
 7,19729043183743E-02 
 6,43522438611346E-02 
 6,43522438611346E-02 
 0,065198983911939 
 6,60457239627434E-02 
 7,02794242167655E-02 
 7,11261642675699E-02 
 7,19729043183743E-02 
 6,77392040643522E-02 
 5,50381033022862E-02 
 5,50381033022862E-02 
 5,08044030482642E-02 
 4,65707027942422E-02 
 4,74174428450466E-02 
 4,74174428450466E-02 
 0,052497883149873 
 0,048264182895851 
 0,048264182895851 
 4,91109229466554E-02 
 4,91109229466554E-02 
 5,92718035563082E-02 
 6,01185436071126E-02 
 0,065198983911939 
 7,11261642675699E-02 
 7,11261642675699E-02 
 8,72142252328535E-02 
 8,80609652836579E-02 
 8,38272650296359E-02 
 8,89077053344623E-02 
 9,48348856900931E-02 
 0,100762066045724 
 0,106689246401355 
 8,63674851820491E-02 
 7,62066045723963E-02 
 6,01185436071126E-02 
 4,91109229466554E-02 
 4,99576629974598E-02 
 4,48772226926334E-02 
 4,48772226926334E-02 
 4,48772226926334E-02 
 4,48772226926334E-02 
 4,57239627434378E-02 
 4,57239627434378E-02 
 4,57239627434378E-02 
 0,052497883149873 
 6,43522438611346E-02 
 7,62066045723963E-02 
 5,92718035563082E-02 
 5,92718035563082E-02 
 5,33446232006774E-02 
 6,60457239627434E-02 
 6,01185436071126E-02 
 6,68924640135478E-02 
 7,87468247248095E-02 
 7,95935647756139E-02 
 7,95935647756139E-02 
 8,63674851820491E-02 
 8,04403048264183E-02 
 8,12870448772227E-02 
 8,12870448772227E-02 
 7,53598645215919E-02 
 7,62066045723963E-02 
 7,62066045723963E-02 
 6,35055038103302E-02 
 5,75783234546994E-02 
 5,84250635055038E-02 
 0,065198983911939 
 0,065198983911939 
 0,065198983911939 
 6,60457239627434E-02 
 6,60457239627434E-02 
 6,60457239627434E-02 
 6,68924640135478E-02 
 6,68924640135478E-02 
 6,68924640135478E-02 
 6,77392040643522E-02 
 5,41913632514818E-02 
 5,41913632514818E-02 
 8,21337849280271E-02 
 8,21337849280271E-02 
 8,29805249788315E-02 
 8,29805249788315E-02 
 9,73751058425063E-02 
 9,73751058425063E-02 
 0,111769686706181 
 0,119390347163421 
 0,112616426756986 
 0,11346316680779 
 0,11346316680779 
 0,114309906858594 
 0,128704487722269 
 0,129551227773074 
 0,137171888230313 
 0,159187129551228 
 0,166807790008467 
 0,145639288738357 
 0,145639288738357 
 0,146486028789162 
 0,147332768839966 
 0,147332768839966 
 0,170194750211685 
 0,200677392040644 
 0,200677392040644 
 0,187129551227773 
 0,202370872142252 
 0,187976291278577 
 0,203217612193057 
 0,204064352243861 
 0,204911092294666 
 0,20575783234547 
 0,182895850973751 
 0,168501270110076 
 0,17696867061812 
 0,18458933107536 
 0,177815410668925 
 0,170194750211685 
 0,171041490262489 
 0,16342082980525 
 0,164267569856054 
 0,180355630821338 
 0,180355630821338 
 0,157493649449619 
 0,149872988992379 
 0,1346316680779 
 0,143099068585944 
 0,143099068585944 
 0,143099068585944 
 0,160033869602032 
 0,160033869602032 
 0,176121930567316 
 0,18458933107536 
 0,185436071126164 
 0,177815410668925 
 0,170194750211685 
 0,162574089754445 
 0,154953429297206 
 0,16342082980525 
 0,179508890770533 
 0,187976291278577 
 0,188823031329382 
 0,188823031329382 
 0,181202370872142 
 0,181202370872142 
 0,173581710414903 
 0,165961049957663 
 0,165961049957663 
 0,165961049957663 
 0,183742591024555 
 0,158340389500423 
 0,175275190516511 
 0,167654530059272 
 0,18458933107536 
 0,18458933107536 
 0,185436071126164 
 0,151566469093988 
 0,12701100762066 
 0,12701100762066 
 0,118543607112616 
 0,118543607112616 
 0,127857747671465 
 0,127857747671465 
 0,136325148179509 
 0,136325148179509 
 0,137171888230313 
 0,137171888230313 
 0,137171888230313 
 0,145639288738357 
 0,16342082980525 
 0,181202370872142 
 0,172734970364098 
 0,164267569856054 
 0,15580016934801 
 0,164267569856054 
 0,182049110922947 
 0,173581710414903 
 0,191363251481795 
 0,173581710414903 
 0,226079593564776 
 0,235393734123624 
 0,22692633361558 
 0,200677392040644 
 0,218458933107536 
 0,209991532599492 
 0,21930567315834 
 0,237087214225233 
 0,237087214225233 
 0,228619813717189 
 0,254868755292125 
 0,246401354784081 
 0,25571549534293 
 0,29043183742591 
 0,317527519051651 
 0,317527519051651 
 0,3268416596105 
 0,336155800169348 
 0,380186282811177 
 0,371718882303133 
 0,336155800169348 
 0,345469940728196 
 0,345469940728196 
 0,372565622353937 
 0,381879762912786 
 0,346316680779001 
 0,328535139712108 
 0,328535139712108 
 0,320067739204064 
 0,613886536833192 
 0,5961049957663 
 0,889923793395428 
 0,890770533446232 
 0,890770533446232 
 0,890770533446232 
 0,891617273497036 
 0,891617273497036 
 0,891617273497036 
 0,891617273497036 
 0,891617273497036 
 0,892464013547841 
 0,892464013547841 
 0,892464013547841 
 0,892464013547841 
 0,892464013547841 
 0,892464013547841 
 0,892464013547841 
 0,892464013547841 
 0,892464013547841 
 0,892464013547841 
 0,892464013547841 
 0,892464013547841 
 0,892464013547841 
 0,891617273497036 
 0,873835732430144 
 0,392040643522439 
 0,383573243014395 
 0,329381879762913 
 0,276037256562235 
 0,31160033869602 
 0,31160033869602 
 0,329381879762913 
 0,337849280270957 
 0,337849280270957 
 0,444538526672312 
 0,70194750211685 
 0,70194750211685 
 0,692633361558002 
 0,576629974597799 
 0,523285351397121 
 0,398814563928874 
 0,389500423370025 
 0,389500423370025 
 0,389500423370025 
 0,309906858594412 
 0,318374259102456 
 0,335309060118544 
 0,335309060118544 
 0,299745977984759 
 0,317527519051651 
 0,29043183742591 
 0,298899237933954 
 0,307366638441998 
 0,333615580016935 
 0,333615580016935 
 0,342082980524979 
 0,359017781541067 
 0,280270956816257 
 0,297205757832345 
 0,331922099915326 
 0,331922099915326 
 0,348856900931414 
 0,339542760372566 
 0,295512277730737 
 0,2692633361558 
 0,329381879762913 
 0,320914479254869 
 0,320067739204064 
 0,320067739204064 
 0,31922099915326 
 0,302286198137172 
 0,301439458086367 
 0,249788314987299 
 0,257408975444539 
 0,257408975444539 
 0,265876375952583 
 0,273497036409822 
 0,265029635901778 
 0,25571549534293 
 0,272650296359018 
 0,271803556308213 
 0,263336155800169 
 0,262489415749365 
 0,254022015241321 
 0,253175275190517 
 0,253175275190517 
 0,260795935647756 
 0,260795935647756 
 0,27688399661304 
 0,27688399661304 
 0,276037256562235 
 0,275190516511431 
 0,258255715495343 
 0,249788314987299 
 0,257408975444539 
 0,364944961896698 
 0,372565622353937 
 0,330228619813717 
 0,494496189669771 
 0,21337849280271 
 0,418289585097375 
 0,368331922099915 
 0,351397121083827 
 0,350550381033023 
 0,342082980524979 
 0,325148179508891 
 0,324301439458086 
 0,331075359864522 
 0,347163420829805 
 0,337849280270957 
 0,313293818797629 
 0,272650296359018 
 0,287891617273497 
 0,287044877222693 
 0,286198137171888 
 0,2692633361558 
 0,260795935647756 
 0,252328535139712 
 0,251481795088908 
 0,251481795088908 
 0,243014394580864 
 0,249788314987299 
 0,265029635901778 
 0,264182895850974 
 0,270956816257409 
 0,262489415749365 
 0,261642675698561 
 0,284504657070279 
 0,291278577476715 
 0,282811176968671 
 0,281964436917866 
 0,273497036409822 
 0,265029635901778 
 0,256562235393734 
 0,714648602878916 
 0,690093141405589 
 0,672311600338696 
 0,662997459779848 
 0,661303979678239 
 0,674005080440305 
 0,575783234546994 
 0,522438611346317 
 0,520745131244708 
 0,511430990685859 
 0,327688399661304 
 0,297205757832345 
 0,289585097375106 
 0,281117696867062 
 0,294665537679932 
 0,336155800169348 
 0,320914479254869 
 0,305673158340389 
 0,297205757832345 
 0,288738357324301 
 0,266723116003387 
 0,265876375952583 
 0,271803556308213 
 0,221845893310754 
 0,220999153259949 
 0,296359017781541 
 0,274343776460627 
 0,266723116003387 
 0,258255715495343 
 0,243861134631668 
 0,236240474174428 
 0,309060118543607 
 0,307366638441998 
 0,299745977984759 
 0,325148179508891 
 0,337002540220152 
 0,342082980524979 
 0,320914479254869 
 0,312447078746825 
 0,31160033869602 
 0,251481795088908 
 0,225232853513971 
 0,223539373412362 
 0,229466553767993 
 0,24047417442845 
 0,233700254022015 
 0,244707874682472 
 0,243861134631668 
 0,236240474174428 
 0,241320914479255 
 0,227773073666384 
 0,2692633361558 
 0,292125317527519 
 0,309060118543607 
 0,138865368331922 
 0,138018628281118 
 0,149026248941575 
 0,148179508890771 
 0,147332768839966 
 0,146486028789162 
 0,151566469093988 
 0,150719729043184 
 0,149872988992379 
 0,143099068585944 
 0,14225232853514 
 0,147332768839966 
 0,140558848433531 
 0,145639288738357 
 0,149872988992379 
 0,149026248941575 
 0,132091447925487 
 0,136325148179509 
 0,146486028789162 
 0,145639288738357 
 0,187976291278577 
 0,197290431837426 
 0,164267569856054 
 0,152413209144793 
 0,161727349703641 
 0,160880609652837 
 0,160033869602032 
 0,153259949195597 
 0,193056731583404 
 0,141405588484335 
 0,140558848433531 
 0,149026248941575 
 0,138018628281118 
 0,137171888230313 
 0,131244707874682 
 0,110922946655377 
 0,110076206604572 
 0,109229466553768 
 9,90685859441152E-02 
 0,103302286198137 
 0,102455546147333 
 7,36663844199831E-02 
 6,85859441151566E-02 
 5,92718035563082E-02 
 5,84250635055038E-02 
 7,62066045723963E-02 
 7,11261642675699E-02 
 7,02794242167655E-02 
 8,72142252328535E-02 
 8,63674851820491E-02 
 8,97544453852667E-02 
 9,31414055884843E-02 
 0,11346316680779 
 0,120237087214225 
 0,119390347163421 
 0,118543607112616 
 0,116850127011008 
 0,111769686706181 
 0,110922946655377 
 0,10584250635055 
 0,112616426756986 
 0,104149026248942 
 9,56816257408975E-02 
 9,39881456392887E-02 
 9,73751058425063E-02 
 9,22946655376799E-02 
 9,90685859441152E-02 
 9,73751058425063E-02 
 9,65283657917019E-02 
 9,56816257408975E-02 
 8,04403048264183E-02 
 8,63674851820491E-02 
 7,87468247248095E-02 
 7,79000846740051E-02 
 7,02794242167655E-02 
 0,069432684165961 
 0,065198983911939 
 5,75783234546994E-02 
 6,01185436071126E-02 
 6,60457239627434E-02 
 6,85859441151566E-02 
 0,24809483488569 
 0,244707874682472 
 0,241320914479255 
 0,237933954276037 
 0,235393734123624 
 0,232006773920406 
 0,268416596104996 
 0,264182895850974 
 0,249788314987299 
 0,24047417442845 
 0,249788314987299 
 0,254022015241321 
 0,253175275190517 
 0,248941574936494 
 0,242167654530059 
 0,238780694326842 
 0,239627434377646 
 0,232853513971211 
 0,22692633361558 
 0,222692633361558 
 0,216765453005927 
 0,215071972904318 
 0,215918712955123 
 0,214225232853514 
 0,209991532599492 
 0,20575783234547 
 0,201524132091448 
 0,19813717188823 
 0,193903471634208 
 0,189669771380186 
 0,186282811176969 
 0,182049110922947 
 0,177815410668925 
 0,174428450465707 
 0,170194750211685 
 0,165961049957663 
 0,162574089754445 
 0,158340389500423 
 0,154106689246401 
 0,150719729043184 
 0,146486028789162 
 0,143099068585944 
 0,138865368331922 
 0,135478408128704 
 0,131244707874682 
 0,127857747671465 
 0,123624047417443 
 0,120237087214225 
 0,116003386960203 
 0,112616426756986 
 0,109229466553768 
 9,48348856900931E-02 
 9,22946655376799E-02 
 9,06011854360711E-02 
 8,04403048264183E-02 
 7,70533446232007E-02 
 7,28196443691787E-02 
 7,19729043183743E-02 
 0,060965283657917 
 5,84250635055038E-02 
 5,58848433530906E-02 
 4,99576629974598E-02 
 4,65707027942422E-02 
 4,31837425910246E-02 
 4,06435224386113E-02 
 3,04826418289585E-02 
 2,70956816257409E-02 
 1,94750211685013E-02 
 1,77815410668925E-02 
 1,69348010160881E-02 
 1,52413209144793E-02 
 1,43945808636749E-02 
 1,35478408128704E-02 
 0,012701100762066 
 1,10076206604572E-02 
 1,01608806096528E-02 
 1,01608806096528E-02 
 9,31414055884843E-03 
 8,46740050804403E-03 
 7,62066045723963E-03 
 6,77392040643522E-03 
 6,77392040643522E-03 
 5,92718035563082E-03 
 9,31414055884843E-03 
 8,46740050804403E-03 
 6,77392040643522E-03 
 5,92718035563082E-03 
 5,08044030482642E-03 
 4,23370025402202E-03 
 3,38696020321761E-03 
 2,54022015241321E-03 
 1,69348010160881E-03 
 8,46740050804403E-04 
 8,46740050804403E-04 
 8,46740050804403E-04 
 0 
 0 
 0 
 0 
 0 
 0 
 0 
 0 
 0 
 0 
 0 
 0 
 0 
 0 
 0 
 0 
 0 
 0 
 0 
 0 
 0 
 0 
 0 
 0 
 0 
 0 
 0 
 0 
 0 
 0 
 0 
 0 
 0 
 0 
 0 
 0 
 0 
 0 
 0 
 0 
 0 
 0 
 0 
 0 
 0 
 0 
 0 
 0 
 0 
 0 
 0 
 0 
 0 
 0 
 0 
 0 
 0 
 0 
 0 
 0 
 0 
 0 
 0 
 0 
 0 
 0 
 0 
 0 
 0 
 0 
 0 
 0 
 0 
 0 
 0 
 0 
 0 
 0 
 0 
 0 
 0 
 0 
 0 
 0 
 0 
 0 
 0 
 0 
 0 
 0 
 0 
 0 
 0 
 0 
 0 
 0 
 0 
 0 
 0 
 0 
 0 
 0 
 0 
 0 
 0 
 0 
 0 
 0 
 0 
 0 
 0 
 0 
 0 
 0 
 0 
 0 
 0 
 0 
 0 
 0 
 0 
 0 
 0 
 0 
 0 
 0 
 0 
 0 
 0 
 0 
 0 
 0 
 0 
 0 
 0 
 0 
 0 
 0 
 0 
 0 
 0 
 0 
 0 
 0 
 0 
 0 
 0 
 0 
 0 
 0 
 0 
 0 
 0 
 0 
 0 
 0 
 0 
 0 
 0 
 0 
 0 
 0 
 0 
 0 
 0 
 0 
 0 
 0 
 0 
 0 
 0 
 0 
 0 
 0 
 0 
 0 
 0 
 0 
 0 
 0 
 0 
 0 
 0 
 0 
 0 
 0 
 0 
 0 
 0 
 0 
 0 
 0 
 0 
 0 
 0 
 0 
 0 
 0 
 0 
 0 
 0 
 0 
 0 
 0 
 0 
 0 
 0 
 0 
 0 
 0 
 0 
 0 
 0 
 0 
 0 
 0 
 0 
 0 
 0 
 0 
 0 
 0 
 0 
 0 
 0 
 0 
 0 
 0 
 0 
 0 
 0 
 0 
 0 
 0 
 0 
 0 
 0 
 0 
 0 
 0 
 0 
 0 
 0 
 0 
 0 
 0 
 0 
 0 
 0 
 0 
 0 
 0 
 0 
 0 
 0 
 0 
 0 
 0 
 0 
 0 
 0 
 0 
 0 
 0 
 0 
 0 
 0 
 0 
 0 
 0 
 0 
 0 
 0 
 0 
 0 
 0 
 0 
 0 
 0 
 0 
 0 
 0 
 0 
 0 
 0 
 0 
 0 
 0 
 0 
 0 
 0 
 0 
 0 
 0 
 0 
 0 
 0 
 0 
 0 
 0 
 0 
 0 
 0 
 0 
 0 
 0 
 0 
 0 
 0 
 0 
 0 
