 0 
 0 
 0 
 0 
 0 
 0 
 0 
 0 
 0 
 0 
 0 
 0 
 0 
 0 
 0 
 0 
 0 
 0 
 0 
 0 
 0 
 0 
 0 
 0 
 0 
 0 
 0 
 0 
 0 
 0 
 0 
 0 
 0 
 0 
 0 
 0 
 0 
 0 
 0 
 0 
 0 
 0 
 0 
 0 
 0 
 0 
 0 
 0 
 0 
 0 
 0 
 0 
 0 
 0 
 0 
 0 
 0 
 0 
 0 
 0 
 0 
 0 
 0 
 0 
 0 
 0 
 0 
 0 
 0 
 0 
 0 
 0 
 0 
 0 
 0 
 0 
 0 
 0 
 0 
 0 
 0 
 0 
 0 
 0 
 0 
 0 
 0 
 0 
 0 
 0 
 0 
 0 
 0 
 0 
 0 
 0 
 0 
 0 
 0 
 0 
 0 
 0 
 0 
 0 
 0 
 0 
 0 
 0 
 0 
 0 
 0 
 0 
 0 
 0 
 0 
 0 
 0 
 0 
 0 
 0 
 0 
 0 
 0 
 0 
 0 
 0 
 0 
 0 
 0 
 0 
 0 
 0 
 0 
 0 
 0 
 0 
 0 
 0 
 0 
 0 
 0 
 0 
 0 
 0 
 0 
 0 
 0 
 0 
 0 
 0 
 0 
 0 
 0 
 0 
 0 
 0 
 0 
 0 
 0 
 0 
 0 
 0 
 0 
 0 
 0 
 0 
 0 
 0 
 0 
 0 
 0 
 0 
 0 
 0 
 0 
 0 
 0 
 0 
 0 
 0 
 0 
 0 
 0 
 0 
 0 
 0 
 0 
 0 
 0 
 0 
 0 
 0 
 0 
 0 
 0 
 0 
 0 
 0 
 0 
 0 
 0 
 0 
 0 
 0 
 0 
 0 
 0 
 0 
 0 
 0 
 0 
 0 
 0 
 0 
 0 
 0 
 0 
 0 
 0 
 0 
 0 
 0 
 0 
 0 
 0 
 0 
 0 
 0 
 0 
 0 
 0 
 0 
 0 
 0 
 0 
 0 
 0 
 0 
 0 
 0 
 0 
 0 
 0 
 0 
 0 
 0 
 0 
 0 
 0 
 0 
 0 
 0 
 0 
 0 
 0 
 0 
 0 
 0 
 0 
 0 
 0 
 0 
 0 
 0 
 0 
 0 
 0 
 0 
 0 
 0 
 0 
 0 
 0 
 0 
 0 
 0 
 0 
 0 
 0 
 0 
 0 
 0 
 0 
 0 
 0 
 0 
 0 
 0 
 0 
 0 
 0 
 0 
 0 
 0 
 0 
 0 
 0 
 0 
 0 
 0 
 0 
 0 
 0 
 0 
 0 
 0 
 0 
 0 
 0 
 0 
 0 
 0 
 0 
 0 
 0 
 0 
 0 
 0 
 0 
 0 
 0 
 0 
 0 
 0 
 0 
 0 
 0 
 0 
 0 
 0 
 0 
 0 
 0 
 0 
 0 
 0 
 0 
 0 
 0 
 0 
 0 
 0 
 0 
 0 
 0 
 0 
 0 
 0 
 0 
 0 
 0 
 0 
 0 
 0 
 0 
 0 
 0 
 0 
 0 
 0 
 0 
 0 
 0 
 0 
 0 
 0 
 0 
 0 
 0 
 0 
 0 
 0 
 0 
 0 
 0 
 0 
 0 
 0 
 0 
 0 
 0 
 0 
 0 
 0 
 0 
 0 
 0 
 0 
 0 
 0 
 0 
 0 
 0 
 0 
 0 
 0 
 0 
 0 
 0 
 0 
 0 
 0 
 0 
 0 
 0 
 0 
 0 
 0 
 0 
 0 
 0 
 0 
 0 
 0 
 0 
 0 
 0 
 0 
 0 
 0 
 0 
 0 
 0 
 0 
 0 
 0 
 0 
 0 
 0 
 0 
 0 
 0 
 0 
 0 
 8,46740050804403E-04 
 8,46740050804403E-04 
 8,46740050804403E-04 
 1,69348010160881E-03 
 1,69348010160881E-03 
 2,54022015241321E-03 
 2,54022015241321E-03 
 3,38696020321761E-03 
 4,23370025402202E-03 
 5,92718035563082E-03 
 5,92718035563082E-03 
 7,62066045723963E-03 
 1,10076206604572E-02 
 1,18543607112616E-02 
 1,35478408128704E-02 
 1,52413209144793E-02 
 1,69348010160881E-02 
 1,94750211685013E-02 
 1,01608806096528E-02 
 1,10076206604572E-02 
 7,62066045723963E-03 
 9,31414055884843E-03 
 8,46740050804403E-03 
 8,46740050804403E-03 
 1,01608806096528E-02 
 1,18543607112616E-02 
 1,10076206604572E-02 
 1,01608806096528E-02 
 1,10076206604572E-02 
 0,012701100762066 
 0,012701100762066 
 0,012701100762066 
 1,43945808636749E-02 
 1,35478408128704E-02 
 1,35478408128704E-02 
 1,43945808636749E-02 
 1,43945808636749E-02 
 1,60880609652837E-02 
 1,69348010160881E-02 
 1,60880609652837E-02 
 1,69348010160881E-02 
 1,77815410668925E-02 
 1,94750211685013E-02 
 1,94750211685013E-02 
 2,03217612193057E-02 
 2,20152413209145E-02 
 2,20152413209145E-02 
 2,28619813717189E-02 
 2,45554614733277E-02 
 2,45554614733277E-02 
 2,45554614733277E-02 
 2,79424216765453E-02 
 3,30228619813717E-02 
 3,38696020321761E-02 
 3,47163420829805E-02 
 2,96359017781541E-02 
 3,04826418289585E-02 
 3,30228619813717E-02 
 3,72565622353937E-02 
 4,14902624894158E-02 
 0,052497883149873 
 5,58848433530906E-02 
 0,056731583403895 
 5,84250635055038E-02 
 5,92718035563082E-02 
 0,060965283657917 
 6,18120237087214E-02 
 0,065198983911939 
 6,60457239627434E-02 
 7,36663844199831E-02 
 8,12870448772227E-02 
 8,12870448772227E-02 
 7,79000846740051E-02 
 7,95935647756139E-02 
 7,87468247248095E-02 
 7,79000846740051E-02 
 7,70533446232007E-02 
 6,85859441151566E-02 
 7,02794242167655E-02 
 6,85859441151566E-02 
 6,77392040643522E-02 
 7,36663844199831E-02 
 7,19729043183743E-02 
 7,28196443691787E-02 
 7,45131244707875E-02 
 7,79000846740051E-02 
 5,16511430990686E-02 
 0,052497883149873 
 5,92718035563082E-02 
 6,26587637595258E-02 
 5,50381033022862E-02 
 0,052497883149873 
 4,74174428450466E-02 
 0,048264182895851 
 4,91109229466554E-02 
 4,99576629974598E-02 
 4,06435224386113E-02 
 3,81033022861981E-02 
 4,48772226926334E-02 
 4,23370025402202E-02 
 5,92718035563082E-02 
 6,35055038103302E-02 
 6,77392040643522E-02 
 0,065198983911939 
 0,065198983911939 
 0,069432684165961 
 7,02794242167655E-02 
 7,11261642675699E-02 
 7,19729043183743E-02 
 0,069432684165961 
 7,36663844199831E-02 
 7,11261642675699E-02 
 8,63674851820491E-02 
 8,72142252328535E-02 
 8,04403048264183E-02 
 7,79000846740051E-02 
 8,21337849280271E-02 
 7,95935647756139E-02 
 7,95935647756139E-02 
 7,70533446232007E-02 
 8,55207451312447E-02 
 7,02794242167655E-02 
 6,26587637595258E-02 
 7,11261642675699E-02 
 7,62066045723963E-02 
 7,70533446232007E-02 
 7,70533446232007E-02 
 7,79000846740051E-02 
 7,45131244707875E-02 
 7,53598645215919E-02 
 7,53598645215919E-02 
 7,19729043183743E-02 
 7,28196443691787E-02 
 7,28196443691787E-02 
 7,79000846740051E-02 
 0,069432684165961 
 7,45131244707875E-02 
 7,02794242167655E-02 
 7,62066045723963E-02 
 7,62066045723963E-02 
 7,70533446232007E-02 
 8,29805249788315E-02 
 8,80609652836579E-02 
 8,38272650296359E-02 
 8,46740050804403E-02 
 9,48348856900931E-02 
 0,100762066045724 
 0,101608806096528 
 0,102455546147333 
 0,103302286198137 
 0,114309906858594 
 0,125317527519052 
 0,131244707874682 
 0,121930567315834 
 0,127857747671465 
 0,122777307366638 
 0,118543607112616 
 0,135478408128704 
 0,136325148179509 
 0,132091447925487 
 0,132938187976291 
 0,121930567315834 
 0,122777307366638 
 0,129551227773074 
 0,107535986452159 
 0,11346316680779 
 0,109229466553768 
 0,109229466553768 
 0,110076206604572 
 0,104995766299746 
 9,39881456392887E-02 
 8,80609652836579E-02 
 8,29805249788315E-02 
 9,56816257408975E-02 
 8,97544453852667E-02 
 9,06011854360711E-02 
 9,06011854360711E-02 
 7,28196443691787E-02 
 0,104149026248942 
 0,294665537679932 
 0,320914479254869 
 0,35393734123624 
 0,374259102455546 
 0,426756985605419 
 0,435224386113463 
 0,5385266723116 
 0,541066892464014 
 0,530906011854361 
 0,519898391193903 
 0,161727349703641 
 0,161727349703641 
 0,169348010160881 
 0,16342082980525 
 0,171041490262489 
 0,191363251481795 
 0,192209991532599 
 0,193056731583404 
 0,193903471634208 
 0,208298052497883 
 0,188823031329382 
 0,182895850973751 
 0,204064352243861 
 0,225232853513971 
 0,21930567315834 
 0,206604572396274 
 0,214225232853514 
 0,215071972904318 
 0,215918712955123 
 0,230313293818798 
 0,232006773920406 
 0,225232853513971 
 0,226079593564776 
 0,22692633361558 
 0,220999153259949 
 0,386113463166808 
 0,402201524132091 
 0,345469940728196 
 0,325148179508891 
 0,31160033869602 
 0,327688399661304 
 0,336155800169348 
 0,248941574936494 
 0,21337849280271 
 0,214225232853514 
 0,229466553767993 
 0,608806096528366 
 0,602878916172735 
 0,635055038103302 
 0,636748518204911 
 0,631668077900085 
 0,754445385266723 
 0,756138865368332 
 0,758679085520745 
 0,761219305673158 
 0,762912785774767 
 0,76545300592718 
 0,767993226079594 
 0,769686706181202 
 0,772226926333616 
 0,773920406435224 
 0,776460626587638 
 0,778154106689246 
 0,78069432684166 
 0,782387806943268 
 0,784928027095682 
 0,78662150719729 
 0,789161727349704 
 0,790855207451312 
 0,792548687552921 
 0,795088907705334 
 0,796782387806943 
 0,798475867908552 
 0,800169348010161 
 0,802709568162574 
 0,804403048264183 
 0,806096528365792 
 0,8077900084674 
 0,809483488569009 
 0,787468247248095 
 0,805249788314987 
 0,798475867908552 
 0,776460626587638 
 0,80186282811177 
 0,812023708721422 
 0,822184589331075 
 0,749364944961897 
 0,767146486028789 
 0,752751905165114 
 0,729043183742591 
 0,639288738357324 
 0,624047417442845 
 0,616426756985605 
 0,575783234546994 
 0,593564775613887 
 0,611346316680779 
 0,55376799322608 
 0,840812870448772 
 0,842506350550381 
 0,843353090601185 
 0,845046570702794 
 0,846740050804403 
 0,847586790855207 
 0,849280270956816 
 0,850127011007621 
 0,851820491109229 
 0,827265029635902 
 0,845893310753599 
 0,795935647756139 
 0,856900931414056 
 0,85774767146486 
 0,859441151566469 
 0,860287891617273 
 0,861134631668078 
 0,862828111769687 
 0,863674851820491 
 0,864521591871296 
 0,8653683319221 
 0,867061812023709 
 0,867908552074513 
 0,868755292125318 
 0,869602032176122 
 0,870448772226926 
 0,871295512277731 
 0,872142252328535 
 0,87298899237934 
 0,874682472480948 
 0,875529212531753 
 0,876375952582557 
 0,876375952582557 
 0,877222692633362 
 0,869602032176122 
 0,87891617273497 
 0,879762912785775 
 0,880609652836579 
 0,881456392887384 
 0,882303132938188 
 0,882303132938188 
 0,883149872988992 
 0,883996613039797 
 0,883996613039797 
 0,884843353090601 
 0,885690093141406 
 0,885690093141406 
 0,88653683319221 
 0,887383573243014 
 0,887383573243014 
 0,888230313293819 
 0,888230313293819 
 0,764606265876376 
 0,782387806943268 
 0,800169348010161 
 0,676545300592718 
 0,640982218458933 
 0,52497883149873 
 0,712955122777307 
 0,703640982218459 
 0,793395427603726 
 0,802709568162574 
 0,784928027095682 
 0,757832345469941 
 0,776460626587638 
 0,776460626587638 
 0,784928027095682 
 0,784928027095682 
 0,776460626587638 
 0,767146486028789 
 0,562235393734124 
 0,562235393734124 
 0,562235393734124 
 0,544453852667231 
 0,892464013547841 
 0,892464013547841 
 0,892464013547841 
 0,892464013547841 
 0,891617273497036 
 0,891617273497036 
 0,883149872988992 
 0,891617273497036 
 0,891617273497036 
 0,890770533446232 
 0,890770533446232 
 0,810330228619814 
 0,783234546994073 
 0,783234546994073 
 0,756138865368332 
 0,746824724809483 
 0,746824724809483 
 0,745977984758679 
 0,745977984758679 
 0,78069432684166 
 0,798475867908552 
 0,860287891617273 
 0,859441151566469 
 0,867908552074513 
 0,867061812023709 
 0,875529212531753 
 0,883996613039797 
 0,883149872988992 
 0,68839966130398 
 0,687552921253175 
 0,687552921253175 
 0,686706181202371 
 0,695173581710415 
 0,668077900084674 
 0,544453852667231 
 0,552921253175275 
 0,543607112616427 
 0,508044030482642 
 0,534292972057578 
 0,533446232006774 
 0,524132091447925 
 0,575783234546994 
 0,679932260795936 
 0,679085520745131 
 0,643522438611346 
 0,756138865368332 
 0,702794242167655 
 0,433530906011854 
 0,563082133784928 
 0,510584250635055 
 0,491955969517358 
 0,397121083827265 
 0,396274343776461 
 0,430143945808637 
 0,395427603725656 
 0,403048264182896 
 0,522438611346317 
 0,299745977984759 
 0,307366638441998 
 0,366638441998307 
 0,392040643522439 
 0,391193903471634 
 0,398814563928874 
 0,331075359864522 
 0,347163420829805 
 0,363251481795089 
 0,329381879762913 
 0,564775613886537 
 0,294665537679932 
 0,27688399661304 
 0,284504657070279 
 0,284504657070279 
 0,242167654530059 
 0,225232853513971 
 0,215918712955123 
 0,174428450465707 
 0,165961049957663 
 0,140558848433531 
 0,156646909398815 
 0,156646909398815 
 0,148179508890771 
 0,139712108382726 
 0,138865368331922 
 0,130397967823878 
 0,130397967823878 
 0,138018628281118 
 0,138018628281118 
 0,154106689246401 
 0,161727349703641 
 0,177815410668925 
 0,185436071126164 
 0,17696867061812 
 0,160033869602032 
 0,143945808636749 
 0,143099068585944 
 0,150719729043184 
 0,143099068585944 
 0,1346316680779 
 0,14225232853514 
 0,141405588484335 
 0,133784928027096 
 0,140558848433531 
 0,140558848433531 
 0,140558848433531 
 0,139712108382726 
 0,147332768839966 
 0,154106689246401 
 0,154106689246401 
 0,138018628281118 
 0,168501270110076 
 0,167654530059272 
 0,152413209144793 
 0,151566469093988 
 0,151566469093988 
 0,150719729043184 
 0,158340389500423 
 0,149872988992379 
 0,14225232853514 
 0,12701100762066 
 0,126164267569856 
 0,126164267569856 
 0,147332768839966 
 0,154106689246401 
 0,146486028789162 
 0,146486028789162 
 0,145639288738357 
 0,152413209144793 
 0,151566469093988 
 0,151566469093988 
 0,143945808636749 
 0,143099068585944 
 0,135478408128704 
 0,1346316680779 
 0,12701100762066 
 0,12701100762066 
 0,126164267569856 
 0,126164267569856 
 0,118543607112616 
 0,125317527519052 
 0,117696867061812 
 0,116850127011008 
 0,123624047417443 
 0,122777307366638 
 0,170194750211685 
 0,189669771380186 
 0,188823031329382 
 0,201524132091448 
 0,220999153259949 
 0,246401354784081 
 0,252328535139712 
 0,244707874682472 
 0,230313293818798 
 0,235393734123624 
 0,241320914479255 
 0,265876375952583 
 0,277730736663844 
 0,282811176968671 
 0,435224386113463 
 0,477561388653683 
 0,507197290431837 
 0,497883149872989 
 0,527519051651143 
 0,530906011854361 
 0,534292972057578 
 0,531752751905165 
 0,529212531752752 
 0,526672311600339 
 0,505503810330229 
 0,502963590177815 
 0,493649449618967 
 0,491109229466554 
 0,488569009314141 
 0,497883149872989 
 0,495342929720576 
 0,469093988145639 
 0,466553767993226 
 0,469940728196444 
 0,466553767993226 
 0,469940728196444 
 0,455546147332769 
 0,441998306519898 
 0,439458086367485 
 0,139712108382726 
 0,144792548687553 
 0,132938187976291 
 0,132091447925487 
 0,136325148179509 
 0,135478408128704 
 0,129551227773074 
 0,123624047417443 
 0,116850127011008 
 0,12701100762066 
 0,116003386960203 
 0,109229466553768 
 0,119390347163421 
 0,123624047417443 
 0,112616426756986 
 0,111769686706181 
 0,110922946655377 
 0,110076206604572 
 0,109229466553768 
 0,103302286198137 
 8,80609652836579E-02 
 0,106689246401355 
 9,65283657917019E-02 
 9,14479254868755E-02 
 8,55207451312447E-02 
 0,122777307366638 
 0,112616426756986 
 0,106689246401355 
 0,119390347163421 
 0,118543607112616 
 0,122777307366638 
 0,126164267569856 
 0,151566469093988 
 0,159187129551228 
 0,162574089754445 
 0,152413209144793 
 0,154953429297206 
 0,149872988992379 
 0,287891617273497 
 0,285351397121084 
 0,261642675698561 
 0,181202370872142 
 0,350550381033023 
 0,34801016088061 
 0,34038950042337 
 0,329381879762913 
 0,330228619813717 
 0,322607959356478 
 0,373412362404742 
 0,373412362404742 
 0,376799322607959 
 0,373412362404742 
 0,36917866215072 
 0,365791701947502 
 0,36155800169348 
 0,357324301439458 
 0,35393734123624 
 0,349703640982218 
 0,345469940728196 
 0,342082980524979 
 0,337849280270957 
 0,333615580016935 
 0,330228619813717 
 0,325994919559695 
 0,321761219305673 
 0,318374259102456 
 0,314140558848434 
 0,294665537679932 
 0,220152413209145 
 6,68924640135478E-02 
 0,065198983911939 
 6,77392040643522E-02 
 6,68924640135478E-02 
 6,60457239627434E-02 
 6,18120237087214E-02 
 5,84250635055038E-02 
 5,75783234546994E-02 
 5,92718035563082E-02 
 5,84250635055038E-02 
 0,065198983911939 
 6,18120237087214E-02 
 5,84250635055038E-02 
 6,01185436071126E-02 
 5,41913632514818E-02 
 5,33446232006774E-02 
 0,052497883149873 
 5,16511430990686E-02 
 5,08044030482642E-02 
 4,99576629974598E-02 
 5,08044030482642E-02 
 5,84250635055038E-02 
 5,58848433530906E-02 
 0,154953429297206 
 9,48348856900931E-02 
 9,31414055884843E-02 
 7,70533446232007E-02 
 7,36663844199831E-02 
 8,89077053344623E-02 
 0,065198983911939 
 0,065198983911939 
 6,26587637595258E-02 
 5,92718035563082E-02 
 5,75783234546994E-02 
 0,048264182895851 
 5,16511430990686E-02 
 0,052497883149873 
 0,052497883149873 
 6,60457239627434E-02 
 6,60457239627434E-02 
 6,26587637595258E-02 
 6,01185436071126E-02 
 5,84250635055038E-02 
 9,31414055884843E-02 
 8,89077053344623E-02 
 0,123624047417443 
 0,120237087214225 
 0,116003386960203 
 0,112616426756986 
 0,109229466553768 
 0,104149026248942 
 9,82218458933107E-02 
 9,56816257408975E-02 
 9,31414055884843E-02 
 8,89077053344623E-02 
 8,63674851820491E-02 
 8,38272650296359E-02 
 8,04403048264183E-02 
 7,70533446232007E-02 
 7,36663844199831E-02 
 7,02794242167655E-02 
 6,60457239627434E-02 
 6,35055038103302E-02 
 6,01185436071126E-02 
 0,056731583403895 
 5,41913632514818E-02 
 5,08044030482642E-02 
 4,74174428450466E-02 
 4,48772226926334E-02 
 4,14902624894158E-02 
 3,89500423370025E-02 
 3,64098221845893E-02 
 3,38696020321761E-02 
 3,04826418289585E-02 
 1,69348010160881E-02 
 1,43945808636749E-02 
 0,012701100762066 
 9,31414055884843E-03 
 7,62066045723963E-03 
 6,77392040643522E-03 
 0,012701100762066 
 1,18543607112616E-02 
 1,01608806096528E-02 
 8,46740050804403E-03 
 7,62066045723963E-03 
 5,92718035563082E-03 
 5,08044030482642E-03 
 4,23370025402202E-03 
 3,38696020321761E-03 
 2,54022015241321E-03 
 1,69348010160881E-03 
 8,46740050804403E-04 
 8,46740050804403E-04 
 8,46740050804403E-04 
 0 
 0 
 0 
 0 
 0 
 0 
 0 
 0 
 0 
 0 
 0 
 0 
 0 
 0 
 0 
 0 
 0 
 0 
 0 
 0 
 0 
 0 
 0 
 0 
 0 
 0 
 0 
 0 
 0 
 0 
 0 
 0 
 0 
 0 
 0 
 0 
 0 
 0 
 0 
 0 
 0 
 0 
 0 
 0 
 0 
 0 
 0 
 0 
 0 
 0 
 0 
 0 
 0 
 0 
 0 
 0 
 0 
 0 
 0 
 0 
 0 
 0 
 0 
 0 
 0 
 0 
 0 
 0 
 0 
 0 
 0 
 0 
 0 
 0 
 0 
 0 
 0 
 0 
 0 
 0 
 0 
 0 
 0 
 0 
 0 
 0 
 0 
 0 
 0 
 0 
 0 
 0 
 0 
 0 
 0 
 0 
 0 
 0 
 0 
 0 
 0 
 0 
 0 
 0 
 0 
 0 
 0 
 0 
 0 
 0 
 0 
 0 
 0 
 0 
 0 
 0 
 0 
 0 
 0 
 0 
 0 
 0 
 0 
 0 
 0 
 0 
 0 
 0 
 0 
 0 
 0 
 0 
 0 
 0 
 0 
 0 
 0 
 0 
 0 
 0 
 0 
 0 
 0 
 0 
 0 
 0 
 0 
 0 
 0 
 0 
 0 
 0 
 0 
 0 
 0 
 0 
 0 
 0 
 0 
 0 
 0 
 0 
 0 
 0 
 0 
 0 
 0 
 0 
 0 
 0 
 0 
 0 
 0 
 0 
 0 
 0 
 0 
 0 
 0 
 0 
 0 
 0 
 0 
 0 
 0 
 0 
 0 
 0 
 0 
 0 
 0 
 0 
 0 
 0 
 0 
 0 
 0 
 0 
 0 
 0 
 0 
 0 
 0 
 0 
 0 
 0 
 0 
 0 
 0 
 0 
 0 
 0 
 0 
 0 
 0 
 0 
 0 
 0 
 0 
 0 
 0 
 0 
 0 
 0 
 0 
 0 
 0 
 0 
 0 
 0 
 0 
 0 
 0 
 0 
 0 
 0 
 0 
 0 
 0 
 0 
 0 
 0 
 0 
 0 
 0 
 0 
 0 
 0 
 0 
 0 
 0 
 0 
 0 
 0 
 0 
 0 
 0 
 0 
 0 
 0 
 0 
 0 
 0 
 0 
 0 
 0 
 0 
 0 
 0 
 0 
 0 
 0 
 0 
 0 
 0 
 0 
 0 
 0 
 0 
 0 
 0 
 0 
 0 
 0 
 0 
 0 
 0 
 0 
 0 
 0 
 0 
 0 
 0 
 0 
 0 
 0 
 0 
 0 
 0 
 0 
 0 
 0 
 0 
 0 
 0 
 0 
 0 
 0 
 0 
 0 
 0 
