 0 
 0 
 0 
 0 
 0 
 0 
 0 
 0 
 0 
 0 
 0 
 0 
 0 
 0 
 0 
 0 
 0 
 0 
 0 
 0 
 0 
 0 
 0 
 0 
 0 
 0 
 0 
 0 
 0 
 0 
 0 
 0 
 0 
 0 
 0 
 0 
 0 
 0 
 0 
 0 
 0 
 0 
 0 
 0 
 0 
 0 
 0 
 0 
 0 
 0 
 0 
 0 
 0 
 0 
 0 
 0 
 0 
 0 
 0 
 0 
 0 
 0 
 0 
 0 
 0 
 0 
 0 
 0 
 0 
 0 
 0 
 0 
 0 
 0 
 0 
 0 
 0 
 0 
 0 
 0 
 0 
 0 
 0 
 0 
 0 
 0 
 0 
 0 
 0 
 0 
 0 
 0 
 0 
 0 
 0 
 0 
 0 
 0 
 0 
 0 
 0 
 0 
 0 
 0 
 0 
 0 
 0 
 0 
 0 
 0 
 0 
 0 
 0 
 0 
 0 
 0 
 0 
 0 
 0 
 0 
 0 
 0 
 0 
 0 
 0 
 0 
 0 
 0 
 0 
 0 
 0 
 0 
 0 
 0 
 0 
 0 
 0 
 0 
 0 
 0 
 0 
 0 
 0 
 0 
 0 
 0 
 0 
 0 
 0 
 0 
 0 
 0 
 0 
 0 
 0 
 0 
 0 
 0 
 0 
 0 
 0 
 0 
 0 
 0 
 0 
 0 
 0 
 0 
 0 
 0 
 0 
 0 
 0 
 0 
 0 
 0 
 0 
 0 
 0 
 0 
 0 
 0 
 0 
 0 
 0 
 0 
 0 
 0 
 0 
 0 
 0 
 0 
 0 
 0 
 0 
 0 
 0 
 0 
 0 
 0 
 0 
 0 
 0 
 0 
 0 
 0 
 0 
 0 
 0 
 0 
 0 
 0 
 0 
 0 
 0 
 0 
 0 
 0 
 0 
 0 
 0 
 0 
 0 
 0 
 0 
 0 
 0 
 0 
 0 
 0 
 0 
 0 
 0 
 0 
 0 
 0 
 0 
 0 
 0 
 0 
 0 
 0 
 0 
 0 
 0 
 0 
 0 
 0 
 0 
 0 
 0 
 0 
 0 
 0 
 0 
 0 
 0 
 0 
 0 
 0 
 0 
 0 
 0 
 0 
 0 
 0 
 0 
 0 
 0 
 0 
 0 
 0 
 0 
 0 
 0 
 0 
 0 
 0 
 0 
 0 
 0 
 0 
 0 
 0 
 0 
 0 
 0 
 0 
 0 
 0 
 0 
 0 
 0 
 0 
 0 
 0 
 0 
 0 
 0 
 0 
 0 
 0 
 0 
 0 
 0 
 0 
 0 
 0 
 0 
 0 
 0 
 0 
 0 
 0 
 0 
 0 
 0 
 0 
 0 
 0 
 0 
 0 
 0 
 0 
 0 
 0 
 0 
 0 
 0 
 0 
 0 
 0 
 0 
 0 
 0 
 0 
 0 
 0 
 0 
 0 
 0 
 0 
 0 
 0 
 0 
 0 
 0 
 0 
 0 
 0 
 0 
 0 
 0 
 0 
 0 
 0 
 0 
 0 
 0 
 0 
 0 
 0 
 0 
 0 
 0 
 0 
 0 
 0 
 0 
 0 
 0 
 0 
 0 
 0 
 0 
 0 
 0 
 0 
 0 
 0 
 0 
 0 
 0 
 0 
 0 
 0 
 0 
 0 
 0 
 0 
 0 
 0 
 0 
 0 
 0 
 0 
 0 
 0 
 0 
 0 
 0 
 0 
 0 
 0 
 0 
 0 
 0 
 0 
 0 
 0 
 0 
 0 
 0 
 0 
 0 
 0 
 0 
 0 
 0 
 0 
 0 
 0 
 0 
 0 
 0 
 0 
 0 
 0 
 0 
 0 
 0 
 0 
 0 
 0 
 0 
 8,46740050804403E-04 
 8,46740050804403E-04 
 8,46740050804403E-04 
 8,46740050804403E-04 
 1,69348010160881E-03 
 1,69348010160881E-03 
 1,69348010160881E-03 
 2,54022015241321E-03 
 3,38696020321761E-03 
 3,38696020321761E-03 
 4,23370025402202E-03 
 6,77392040643522E-03 
 8,46740050804403E-03 
 1,60880609652837E-02 
 1,77815410668925E-02 
 2,03217612193057E-02 
 2,20152413209145E-02 
 2,37087214225233E-02 
 2,45554614733277E-02 
 2,70956816257409E-02 
 2,87891617273497E-02 
 2,70956816257409E-02 
 2,70956816257409E-02 
 1,86282811176969E-02 
 1,86282811176969E-02 
 2,03217612193057E-02 
 2,37087214225233E-02 
 2,37087214225233E-02 
 2,87891617273497E-02 
 3,13293818797629E-02 
 0,048264182895851 
 5,33446232006774E-02 
 5,92718035563082E-02 
 6,26587637595258E-02 
 0,048264182895851 
 4,65707027942422E-02 
 2,96359017781541E-02 
 4,23370025402202E-02 
 0,044030482641829 
 6,35055038103302E-02 
 6,85859441151566E-02 
 7,87468247248095E-02 
 8,29805249788315E-02 
 8,55207451312447E-02 
 8,89077053344623E-02 
 7,62066045723963E-02 
 8,63674851820491E-02 
 5,16511430990686E-02 
 7,79000846740051E-02 
 8,21337849280271E-02 
 8,72142252328535E-02 
 7,62066045723963E-02 
 6,43522438611346E-02 
 6,43522438611346E-02 
 6,77392040643522E-02 
 6,43522438611346E-02 
 6,35055038103302E-02 
 6,60457239627434E-02 
 6,26587637595258E-02 
 6,60457239627434E-02 
 7,28196443691787E-02 
 8,38272650296359E-02 
 7,62066045723963E-02 
 7,62066045723963E-02 
 0,189669771380186 
 0,193056731583404 
 0,197290431837426 
 0,201524132091448 
 0,20575783234547 
 0,209144792548688 
 0,21337849280271 
 0,217612193056732 
 0,220999153259949 
 0,225232853513971 
 0,229466553767993 
 0,233700254022015 
 0,237087214225233 
 0,241320914479255 
 0,245554614733277 
 0,249788314987299 
 0,253175275190517 
 0,257408975444539 
 0,261642675698561 
 0,265876375952583 
 0,2692633361558 
 0,273497036409822 
 0,277730736663844 
 0,281964436917866 
 0,285351397121084 
 0,289585097375106 
 0,293818797629128 
 0,29805249788315 
 0,301439458086367 
 0,305673158340389 
 0,309906858594412 
 0,313293818797629 
 0,317527519051651 
 0,321761219305673 
 0,325148179508891 
 0,27688399661304 
 0,270110076206605 
 0,273497036409822 
 0,27688399661304 
 0,279424216765453 
 0,282811176968671 
 0,292972057578323 
 0,296359017781541 
 0,299745977984759 
 0,364944961896698 
 0,36917866215072 
 0,372565622353937 
 0,376799322607959 
 0,380186282811177 
 0,357324301439458 
 0,357324301439458 
 0,380186282811177 
 0,384419983065199 
 0,367485182049111 
 0,282811176968671 
 0,305673158340389 
 0,333615580016935 
 0,331922099915326 
 0,335309060118544 
 0,337849280270957 
 0,401354784081287 
 0,404741744284505 
 0,408128704487722 
 0,393734123624047 
 0,406435224386113 
 0,338696020321761 
 0,323454699407282 
 0,366638441998307 
 0,392887383573243 
 0,400508044030483 
 0,4038950042337 
 0,406435224386113 
 0,429297205757832 
 0,431837425910246 
 0,41151566469094 
 0,231160033869602 
 0,21337849280271 
 0,215071972904318 
 0,232006773920406 
 0,223539373412362 
 0,225232853513971 
 0,237087214225233 
 0,248941574936494 
 0,321761219305673 
 0,41151566469094 
 0,4038950042337 
 0,318374259102456 
 0,220152413209145 
 0,200677392040644 
 0,196443691786621 
 0,193056731583404 
 0,220999153259949 
 0,227773073666384 
 0,207451312447079 
 0,187129551227773 
 0,187976291278577 
 0,177815410668925 
 0,18458933107536 
 0,197290431837426 
 0,19813717188823 
 0,198983911939035 
 0,206604572396274 
 0,21337849280271 
 0,214225232853514 
 0,19813717188823 
 0,193056731583404 
 0,188823031329382 
 0,201524132091448 
 0,196443691786621 
 0,197290431837426 
 0,193056731583404 
 0,187976291278577 
 0,200677392040644 
 0,275190516511431 
 0,282811176968671 
 0,265876375952583 
 0,279424216765453 
 0,231160033869602 
 0,237933954276037 
 0,265029635901778 
 0,392887383573243 
 0,400508044030483 
 0,408975444538527 
 0,410668924640135 
 0,41913632514818 
 0,427603725656224 
 0,416596104995766 
 0,418289585097375 
 0,414055884843353 
 0,429297205757832 
 0,437764606265876 
 0,486028789161727 
 0,387806943268417 
 0,409822184589331 
 0,53259949195597 
 0,548687552921253 
 0,564775613886537 
 0,566469093988146 
 0,569009314140559 
 0,612193056731583 
 0,622353937341236 
 0,693480101608806 
 0,696867061812024 
 0,699407281964437 
 0,70194750211685 
 0,704487722269263 
 0,707027942421677 
 0,70956816257409 
 0,712108382726503 
 0,714648602878916 
 0,717188823031329 
 0,719729043183743 
 0,722269263336156 
 0,724809483488569 
 0,727349703640982 
 0,729889923793395 
 0,732430143945809 
 0,389500423370025 
 0,604572396274344 
 0,613886536833192 
 0,616426756985605 
 0,618120237087214 
 0,619813717188823 
 0,629974597798476 
 0,579170194750212 
 0,618120237087214 
 0,55969517358171 
 0,576629974597799 
 0,654530059271804 
 0,633361558001693 
 0,619813717188823 
 0,613886536833192 
 0,615580016934801 
 0,733276883996613 
 0,751058425063506 
 0,752751905165114 
 0,739204064352244 
 0,741744284504657 
 0,751058425063506 
 0,5961049957663 
 0,629127857747671 
 0,512277730736664 
 0,521591871295512 
 0,554614733276884 
 0,603725656223539 
 0,621507197290432 
 0,607112616426757 
 0,608806096528366 
 0,666384419983065 
 0,66723116003387 
 0,668924640135478 
 0,670618120237087 
 0,704487722269263 
 0,697713801862828 
 0,723962743437765 
 0,717188823031329 
 0,727349703640982 
 0,712108382726503 
 0,713801862828112 
 0,715495342929721 
 0,568162574089754 
 0,610499576629975 
 0,586790855207451 
 0,613039796782388 
 0,614733276883997 
 0,624047417442845 
 0,558001693480102 
 0,575783234546994 
 0,276037256562235 
 0,268416596104996 
 0,285351397121084 
 0,286198137171888 
 0,294665537679932 
 0,295512277730737 
 0,270110076206605 
 0,279424216765453 
 0,270956816257409 
 0,314140558848434 
 0,314987298899238 
 0,314987298899238 
 0,349703640982218 
 0,350550381033023 
 0,350550381033023 
 0,342929720575783 
 0,360711261642676 
 0,352243861134632 
 0,353090601185436 
 0,344623200677392 
 0,344623200677392 
 0,31922099915326 
 0,302286198137172 
 0,268416596104996 
 0,251481795088908 
 0,468247248094835 
 0,486875529212532 
 0,460626587637595 
 0,4614733276884 
 0,436071126164268 
 0,401354784081287 
 0,751058425063506 
 0,75190516511431 
 0,74428450465707 
 0,753598645215919 
 0,859441151566469 
 0,737510584250635 
 0,737510584250635 
 0,729889923793395 
 0,729889923793395 
 0,7307366638442 
 0,590177815410669 
 0,573243014394581 
 0,582557154953429 
 0,512277730736664 
 0,530059271803556 
 0,513124470787468 
 0,513124470787468 
 0,530906011854361 
 0,513971210838273 
 0,487722269263336 
 0,497036409822185 
 0,4614733276884 
 0,4614733276884 
 0,417442845046571 
 0,408975444538527 
 0,444538526672312 
 0,444538526672312 
 0,45385266723116 
 0,471634208298052 
 0,596951735817104 
 0,632514817950889 
 0,614733276883997 
 0,722269263336156 
 0,712955122777307 
 0,811176968670618 
 0,811176968670618 
 0,722269263336156 
 0,722269263336156 
 0,704487722269263 
 0,713801862828112 
 0,705334462320068 
 0,705334462320068 
 0,713801862828112 
 0,713801862828112 
 0,713801862828112 
 0,892464013547841 
 0,892464013547841 
 0,892464013547841 
 0,892464013547841 
 0,892464013547841 
 0,891617273497036 
 0,891617273497036 
 0,891617273497036 
 0,891617273497036 
 0,891617273497036 
 0,890770533446232 
 0,890770533446232 
 0,890770533446232 
 0,889923793395428 
 0,889923793395428 
 0,52497883149873 
 0,880609652836579 
 0,879762912785775 
 0,861981371718882 
 0,870448772226926 
 0,869602032176122 
 0,78069432684166 
 0,620660457239627 
 0,354784081287045 
 0,381033022861981 
 0,389500423370025 
 0,433530906011854 
 0,477561388653683 
 0,476714648602879 
 0,512277730736664 
 0,493649449618967 
 0,493649449618967 
 0,510584250635055 
 0,457239627434378 
 0,395427603725656 
 0,4038950042337 
 0,500423370025402 
 0,561388653683319 
 0,727349703640982 
 0,734970364098222 
 0,734123624047417 
 0,742591024555461 
 0,741744284504657 
 0,566469093988146 
 0,540220152413209 
 0,635055038103302 
 0,660457239627434 
 0,537679932260796 
 0,364098221845893 
 0,363251481795089 
 0,363251481795089 
 0,293818797629128 
 0,302286198137172 
 0,301439458086367 
 0,301439458086367 
 0,300592718035563 
 0,309060118543607 
 0,291278577476715 
 0,281964436917866 
 0,29043183742591 
 0,307366638441998 
 0,314987298899238 
 0,314987298899238 
 0,246401354784081 
 0,245554614733277 
 0,254022015241321 
 0,227773073666384 
 0,227773073666384 
 0,236240474174428 
 0,243861134631668 
 0,259949195596952 
 0,259949195596952 
 0,276037256562235 
 0,55969517358171 
 0,483488569009314 
 0,474174428450466 
 0,490262489415749 
 0,406435224386113 
 0,364098221845893 
 0,387806943268417 
 0,379339542760373 
 0,21337849280271 
 0,21337849280271 
 0,196443691786621 
 0,204064352243861 
 0,204064352243861 
 0,227773073666384 
 0,22692633361558 
 0,218458933107536 
 0,226079593564776 
 0,226079593564776 
 0,225232853513971 
 0,256562235393734 
 0,24047417442845 
 0,232006773920406 
 0,223539373412362 
 0,222692633361558 
 0,214225232853514 
 0,19813717188823 
 0,181202370872142 
 0,196443691786621 
 0,187976291278577 
 0,180355630821338 
 0,171888230313294 
 0,16342082980525 
 0,16342082980525 
 0,154953429297206 
 0,146486028789162 
 0,154106689246401 
 0,145639288738357 
 0,130397967823878 
 0,121930567315834 
 0,114309906858594 
 0,10584250635055 
 0,12108382726503 
 0,12108382726503 
 0,112616426756986 
 9,73751058425063E-02 
 8,97544453852667E-02 
 0,104149026248942 
 0,111769686706181 
 0,118543607112616 
 0,110922946655377 
 0,110076206604572 
 0,117696867061812 
 0,124470787468247 
 0,123624047417443 
 0,130397967823878 
 0,130397967823878 
 0,158340389500423 
 0,165114309906859 
 0,157493649449619 
 0,199830651989839 
 0,220152413209145 
 0,459779847586791 
 0,557154953429297 
 0,554614733276884 
 0,51735817104149 
 0,515664690939881 
 0,541066892464014 
 0,539373412362405 
 0,571549534292972 
 0,569009314140559 
 0,587637595258256 
 0,612193056731583 
 0,494496189669771 
 0,465707027942422 
 0,450465707027942 
 0,428450465707028 
 0,439458086367485 
 0,437764606265876 
 0,455546147332769 
 0,460626587637595 
 0,359864521591871 
 0,371718882303133 
 0,519051651143099 
 0,406435224386113 
 0,398814563928874 
 0,403048264182896 
 0,560541913632515 
 0,545300592718036 
 0,497883149872989 
 0,495342929720576 
 0,493649449618967 
 0,502963590177815 
 0,500423370025402 
 0,491955969517358 
 0,483488569009314 
 0,480948348856901 
 0,478408128704488 
 0,475867908552075 
 0,479254868755292 
 0,476714648602879 
 0,480101608806097 
 0,477561388653683 
 0,351397121083827 
 0,36155800169348 
 0,562235393734124 
 0,576629974597799 
 0,573243014394581 
 0,569856054191363 
 0,265876375952583 
 0,292972057578323 
 0,302286198137172 
 0,378492802709568 
 0,287891617273497 
 0,291278577476715 
 0,289585097375106 
 0,292972057578323 
 0,291278577476715 
 0,267569856054191 
 0,260795935647756 
 0,254022015241321 
 0,268416596104996 
 0,407281964436918 
 0,404741744284505 
 0,396274343776461 
 0,4038950042337 
 0,360711261642676 
 0,353090601185436 
 0,370872142252329 
 0,363251481795089 
 0,360711261642676 
 0,357324301439458 
 0,374259102455546 
 0,371718882303133 
 0,36917866215072 
 0,365791701947502 
 0,381879762912786 
 0,435224386113463 
 0,431837425910246 
 0,43268416596105 
 0,429297205757832 
 0,430990685859441 
 0,395427603725656 
 0,401354784081287 
 0,318374259102456 
 0,354784081287045 
 0,352243861134632 
 0,348856900931414 
 0,320067739204064 
 0,342929720575783 
 0,339542760372566 
 0,287044877222693 
 0,358171041490262 
 0,330228619813717 
 0,327688399661304 
 0,324301439458086 
 0,221845893310754 
 0,204064352243861 
 0,202370872142252 
 0,131244707874682 
 0,129551227773074 
 0,124470787468247 
 0,119390347163421 
 0,114309906858594 
 0,120237087214225 
 0,126164267569856 
 0,196443691786621 
 0,173581710414903 
 0,178662150719729 
 0,165961049957663 
 0,167654530059272 
 0,229466553767993 
 0,223539373412362 
 0,224386113463167 
 0,225232853513971 
 0,112616426756986 
 0,110922946655377 
 0,110076206604572 
 0,117696867061812 
 0,110076206604572 
 0,108382726502964 
 8,04403048264183E-02 
 7,95935647756139E-02 
 8,72142252328535E-02 
 8,29805249788315E-02 
 8,21337849280271E-02 
 6,68924640135478E-02 
 6,60457239627434E-02 
 7,28196443691787E-02 
 7,19729043183743E-02 
 7,11261642675699E-02 
 6,68924640135478E-02 
 7,11261642675699E-02 
 6,26587637595258E-02 
 6,18120237087214E-02 
 6,01185436071126E-02 
 6,18120237087214E-02 
 5,84250635055038E-02 
 5,50381033022862E-02 
 5,84250635055038E-02 
 5,75783234546994E-02 
 6,35055038103302E-02 
 6,43522438611346E-02 
 6,26587637595258E-02 
 6,60457239627434E-02 
 0,060965283657917 
 5,33446232006774E-02 
 0,048264182895851 
 4,14902624894158E-02 
 3,89500423370025E-02 
 3,64098221845893E-02 
 3,38696020321761E-02 
 3,30228619813717E-02 
 3,38696020321761E-02 
 2,96359017781541E-02 
 3,04826418289585E-02 
 3,13293818797629E-02 
 3,04826418289585E-02 
 3,13293818797629E-02 
 3,21761219305673E-02 
 3,30228619813717E-02 
 3,21761219305673E-02 
 4,06435224386113E-02 
 4,06435224386113E-02 
 3,81033022861981E-02 
 3,21761219305673E-02 
 2,96359017781541E-02 
 3,04826418289585E-02 
 3,30228619813717E-02 
 3,13293818797629E-02 
 2,87891617273497E-02 
 2,87891617273497E-02 
 2,70956816257409E-02 
 2,45554614733277E-02 
 2,37087214225233E-02 
 2,28619813717189E-02 
 2,20152413209145E-02 
 1,86282811176969E-02 
 1,86282811176969E-02 
 1,69348010160881E-02 
 1,60880609652837E-02 
 1,43945808636749E-02 
 0,012701100762066 
 0,012701100762066 
 0,012701100762066 
 1,18543607112616E-02 
 1,10076206604572E-02 
 1,10076206604572E-02 
 1,01608806096528E-02 
 1,01608806096528E-02 
 9,31414055884843E-03 
 6,77392040643522E-03 
 5,92718035563082E-03 
 5,08044030482642E-03 
 4,23370025402202E-03 
 4,23370025402202E-03 
 3,38696020321761E-03 
 3,38696020321761E-03 
 2,54022015241321E-03 
 2,54022015241321E-03 
 1,69348010160881E-03 
 1,69348010160881E-03 
 1,69348010160881E-03 
 1,69348010160881E-03 
 1,69348010160881E-03 
 8,46740050804403E-04 
 8,46740050804403E-04 
 8,46740050804403E-04 
 8,46740050804403E-04 
 8,46740050804403E-04 
 8,46740050804403E-04 
 8,46740050804403E-04 
 0 
 0 
 0 
 0 
 0 
 0 
 0 
 0 
 0 
 0 
 0 
 0 
 0 
 0 
 0 
 0 
 0 
 0 
 0 
 0 
 0 
 0 
 0 
 0 
 0 
 0 
 0 
 0 
 0 
 0 
 0 
 0 
 0 
 0 
 0 
 0 
 0 
 0 
 0 
 0 
 0 
 0 
 0 
 0 
 0 
 0 
 0 
 0 
 0 
 0 
 0 
 0 
 0 
 0 
 0 
 0 
 0 
 0 
 0 
 0 
 0 
 0 
 0 
 0 
 0 
 0 
 0 
 0 
 0 
 0 
 0 
 0 
 0 
 0 
 0 
 0 
 0 
 0 
 0 
 0 
 0 
 0 
 0 
 0 
 0 
 0 
 0 
 0 
 0 
 0 
 0 
 0 
 0 
 0 
 0 
 0 
 0 
 0 
 0 
 0 
 0 
 0 
 0 
 0 
 0 
 0 
 0 
 0 
 0 
 0 
 0 
 0 
 0 
 0 
 0 
 0 
 0 
 0 
 0 
 0 
 0 
 0 
 0 
 0 
 0 
 0 
 0 
 0 
 0 
 0 
 0 
 0 
 0 
 0 
 0 
 0 
 0 
 0 
 0 
 0 
 0 
 0 
 0 
 0 
 0 
 0 
 0 
 0 
 0 
 0 
 0 
 0 
 0 
 0 
 0 
 0 
 0 
 0 
 0 
 0 
 0 
 0 
 0 
 0 
 0 
 0 
 0 
 0 
 0 
 0 
 0 
 0 
 0 
 0 
 0 
 0 
 0 
 0 
 0 
 0 
 0 
 0 
 0 
 0 
 0 
 0 
 0 
 0 
 0 
 0 
 0 
 0 
 0 
 0 
 0 
 0 
 0 
 0 
 0 
 0 
 0 
 0 
 0 
 0 
 0 
 0 
 0 
 0 
 0 
 0 
 0 
 0 
 0 
 0 
 0 
 0 
 0 
 0 
 0 
 0 
 0 
 0 
 0 
 0 
 0 
 0 
 0 
 0 
 0 
 0 
 0 
 0 
 0 
 0 
 0 
 0 
 0 
 0 
 0 
 0 
 0 
 0 
 0 
 0 
 0 
 0 
 0 
 0 
 0 
 0 
 0 
 0 
 0 
 0 
 0 
 0 
 0 
 0 
 0 
 0 
 0 
 0 
 0 
 0 
 0 
 0 
 0 
 0 
 0 
 0 
 0 
 0 
 0 
 0 
 0 
 0 
 0 
 0 
 0 
 0 
 0 
 0 
 0 
 0 
 0 
 0 
 0 
 0 
 0 
 0 
 0 
 0 
 0 
 0 
 0 
 0 
 0 
 0 
 0 
 0 
 0 
 0 
 0 
 0 
 0 
 0 
 0 
 0 
 0 
 0 
 0 
 0 
 0 
