 0 
 0 
 0 
 0 
 0 
 0 
 0 
 0 
 0 
 0 
 0 
 0 
 0 
 0 
 0 
 0 
 0 
 0 
 0 
 0 
 0 
 0 
 0 
 0 
 0 
 0 
 0 
 0 
 0 
 0 
 0 
 0 
 0 
 0 
 0 
 0 
 0 
 0 
 0 
 0 
 0 
 0 
 0 
 0 
 0 
 0 
 0 
 0 
 0 
 0 
 0 
 0 
 0 
 0 
 0 
 0 
 0 
 0 
 0 
 0 
 0 
 0 
 0 
 0 
 0 
 0 
 0 
 0 
 0 
 0 
 0 
 0 
 0 
 0 
 0 
 0 
 0 
 0 
 0 
 0 
 0 
 0 
 0 
 0 
 0 
 0 
 0 
 0 
 0 
 0 
 0 
 0 
 0 
 0 
 0 
 0 
 0 
 0 
 0 
 0 
 0 
 0 
 0 
 0 
 0 
 0 
 0 
 0 
 0 
 0 
 0 
 0 
 0 
 0 
 0 
 0 
 0 
 0 
 0 
 0 
 0 
 0 
 0 
 0 
 0 
 0 
 0 
 0 
 0 
 0 
 0 
 0 
 0 
 0 
 0 
 0 
 0 
 0 
 0 
 0 
 0 
 0 
 0 
 0 
 0 
 0 
 0 
 0 
 0 
 0 
 0 
 0 
 0 
 0 
 0 
 0 
 0 
 0 
 0 
 0 
 0 
 0 
 0 
 0 
 0 
 0 
 0 
 0 
 0 
 0 
 0 
 0 
 0 
 0 
 0 
 0 
 0 
 0 
 0 
 0 
 0 
 0 
 0 
 0 
 0 
 0 
 0 
 0 
 0 
 0 
 0 
 0 
 0 
 0 
 0 
 0 
 0 
 0 
 0 
 0 
 0 
 0 
 0 
 0 
 0 
 0 
 0 
 0 
 0 
 0 
 0 
 0 
 0 
 0 
 0 
 0 
 0 
 0 
 0 
 0 
 0 
 0 
 0 
 0 
 0 
 0 
 0 
 0 
 0 
 0 
 0 
 0 
 0 
 0 
 0 
 0 
 0 
 0 
 0 
 0 
 0 
 0 
 0 
 0 
 0 
 0 
 0 
 0 
 0 
 0 
 0 
 0 
 0 
 0 
 0 
 0 
 0 
 0 
 0 
 0 
 0 
 0 
 0 
 0 
 0 
 0 
 0 
 0 
 0 
 0 
 0 
 0 
 0 
 0 
 0 
 0 
 0 
 0 
 0 
 0 
 0 
 0 
 0 
 0 
 0 
 0 
 0 
 0 
 0 
 0 
 0 
 0 
 0 
 0 
 0 
 0 
 0 
 0 
 0 
 0 
 0 
 0 
 0 
 0 
 0 
 0 
 0 
 0 
 0 
 0 
 0 
 0 
 0 
 0 
 0 
 0 
 0 
 0 
 0 
 0 
 0 
 0 
 0 
 0 
 0 
 0 
 0 
 0 
 0 
 0 
 0 
 0 
 0 
 0 
 0 
 0 
 0 
 0 
 0 
 0 
 0 
 0 
 0 
 0 
 0 
 0 
 0 
 0 
 0 
 0 
 0 
 0 
 0 
 0 
 0 
 0 
 0 
 0 
 0 
 0 
 0 
 0 
 0 
 0 
 0 
 0 
 0 
 0 
 0 
 0 
 0 
 0 
 0 
 0 
 0 
 0 
 0 
 0 
 0 
 0 
 0 
 0 
 0 
 0 
 0 
 0 
 0 
 0 
 0 
 0 
 0 
 0 
 0 
 0 
 0 
 0 
 0 
 0 
 0 
 0 
 0 
 0 
 0 
 0 
 0 
 0 
 0 
 0 
 0 
 0 
 0 
 0 
 0 
 0 
 0 
 0 
 0 
 0 
 0 
 0 
 0 
 0 
 0 
 0 
 0 
 0 
 0 
 0 
 0 
 0 
 0 
 0 
 0 
 0 
 8,46740050804403E-04 
 8,46740050804403E-04 
 1,69348010160881E-03 
 1,69348010160881E-03 
 2,54022015241321E-03 
 3,38696020321761E-03 
 4,23370025402202E-03 
 5,08044030482642E-03 
 6,77392040643522E-03 
 7,62066045723963E-03 
 9,31414055884843E-03 
 1,01608806096528E-02 
 1,10076206604572E-02 
 6,77392040643522E-03 
 7,62066045723963E-03 
 8,46740050804403E-03 
 9,31414055884843E-03 
 8,46740050804403E-03 
 9,31414055884843E-03 
 1,10076206604572E-02 
 1,18543607112616E-02 
 0,012701100762066 
 1,43945808636749E-02 
 1,43945808636749E-02 
 1,69348010160881E-02 
 2,03217612193057E-02 
 2,11685012701101E-02 
 2,45554614733277E-02 
 2,54022015241321E-02 
 2,54022015241321E-02 
 2,96359017781541E-02 
 3,13293818797629E-02 
 3,30228619813717E-02 
 4,06435224386113E-02 
 4,14902624894158E-02 
 4,31837425910246E-02 
 4,57239627434378E-02 
 4,65707027942422E-02 
 4,23370025402202E-02 
 4,14902624894158E-02 
 4,23370025402202E-02 
 4,06435224386113E-02 
 4,23370025402202E-02 
 3,97967823878069E-02 
 4,23370025402202E-02 
 5,08044030482642E-02 
 6,60457239627434E-02 
 6,68924640135478E-02 
 7,11261642675699E-02 
 6,77392040643522E-02 
 0,065198983911939 
 6,85859441151566E-02 
 5,84250635055038E-02 
 0,052497883149873 
 5,41913632514818E-02 
 5,58848433530906E-02 
 6,18120237087214E-02 
 6,18120237087214E-02 
 6,35055038103302E-02 
 0,069432684165961 
 0,060965283657917 
 6,26587637595258E-02 
 7,28196443691787E-02 
 7,45131244707875E-02 
 7,79000846740051E-02 
 7,95935647756139E-02 
 8,12870448772227E-02 
 8,46740050804403E-02 
 8,89077053344623E-02 
 8,80609652836579E-02 
 8,97544453852667E-02 
 8,97544453852667E-02 
 8,72142252328535E-02 
 8,89077053344623E-02 
 0,187129551227773 
 0,187976291278577 
 0,188823031329382 
 0,189669771380186 
 0,193056731583404 
 0,1346316680779 
 0,14225232853514 
 0,144792548687553 
 0,165114309906859 
 0,162574089754445 
 0,204911092294666 
 0,204911092294666 
 0,21337849280271 
 0,216765453005927 
 0,21930567315834 
 0,228619813717189 
 0,23454699407282 
 0,243861134631668 
 0,288738357324301 
 0,301439458086367 
 0,305673158340389 
 0,220152413209145 
 0,257408975444539 
 0,254022015241321 
 0,254022015241321 
 0,266723116003387 
 0,270110076206605 
 0,270110076206605 
 0,270110076206605 
 0,273497036409822 
 0,276037256562235 
 0,272650296359018 
 0,349703640982218 
 0,321761219305673 
 0,317527519051651 
 0,320914479254869 
 0,320914479254869 
 0,372565622353937 
 0,376799322607959 
 0,380186282811177 
 0,384419983065199 
 0,388653683319221 
 0,364944961896698 
 0,372565622353937 
 0,375952582557155 
 0,278577476714649 
 0,293818797629128 
 0,292125317527519 
 0,414902624894157 
 0,414902624894157 
 0,414055884843353 
 0,392040643522439 
 0,386960203217612 
 0,39034716342083 
 0,398814563928874 
 0,357324301439458 
 0,364944961896698 
 0,368331922099915 
 0,371718882303133 
 0,374259102455546 
 0,377646062658764 
 0,464013547840813 
 0,46740050804403 
 0,471634208298052 
 0,47502116850127 
 0,478408128704488 
 0,48264182895851 
 0,486028789161727 
 0,489415749364945 
 0,394580863674852 
 0,392040643522439 
 0,395427603725656 
 0,428450465707028 
 0,339542760372566 
 0,357324301439458 
 0,185436071126164 
 0,160880609652837 
 0,145639288738357 
 0,162574089754445 
 0,153259949195597 
 0,143945808636749 
 0,154953429297206 
 0,156646909398815 
 0,162574089754445 
 0,16342082980525 
 0,159187129551228 
 0,187976291278577 
 0,188823031329382 
 0,195596951735817 
 0,331922099915326 
 0,333615580016935 
 0,296359017781541 
 0,292125317527519 
 0,265029635901778 
 0,266723116003387 
 0,273497036409822 
 0,263336155800169 
 0,27688399661304 
 0,266723116003387 
 0,25571549534293 
 0,2692633361558 
 0,348856900931414 
 0,338696020321761 
 0,347163420829805 
 0,324301439458086 
 0,331922099915326 
 0,197290431837426 
 0,198983911939035 
 0,168501270110076 
 0,16342082980525 
 0,170194750211685 
 0,221845893310754 
 0,203217612193057 
 0,204911092294666 
 0,20575783234547 
 0,174428450465707 
 0,175275190516511 
 0,182049110922947 
 0,170194750211685 
 0,183742591024555 
 0,158340389500423 
 0,159187129551228 
 0,166807790008467 
 0,160880609652837 
 0,160880609652837 
 0,175275190516511 
 0,176121930567316 
 0,170194750211685 
 0,164267569856054 
 0,150719729043184 
 0,151566469093988 
 0,152413209144793 
 0,187129551227773 
 0,187976291278577 
 0,188823031329382 
 0,203217612193057 
 0,225232853513971 
 0,21930567315834 
 0,20575783234547 
 0,242167654530059 
 0,257408975444539 
 0,258255715495343 
 0,158340389500423 
 0,498729889923793 
 0,536833192209991 
 0,443691786621507 
 0,423370025402202 
 0,439458086367485 
 0,441151566469094 
 0,449618966977138 
 0,68077900084674 
 0,683319220999153 
 0,692633361558002 
 0,605419136325148 
 0,599491955969517 
 0,593564775613887 
 0,603725656223539 
 0,650296359017781 
 0,652836579170195 
 0,654530059271804 
 0,656223539373412 
 0,635055038103302 
 0,645215918712955 
 0,615580016934801 
 0,602032176121931 
 0,603725656223539 
 0,636748518204911 
 0,63844199830652 
 0,647756138865368 
 0,641828958509738 
 0,635901778154107 
 0,637595258255716 
 0,639288738357324 
 0,640135478408129 
 0,634208298052498 
 0,627434377646063 
 0,518204911092295 
 0,470787468247248 
 0,447925486875529 
 0,417442845046571 
 0,409822184589331 
 0,443691786621507 
 0,379339542760373 
 0,404741744284505 
 0,414055884843353 
 0,414902624894157 
 0,407281964436918 
 0,75952582557155 
 0,745131244707875 
 0,647756138865368 
 0,657917019475021 
 0,66723116003387 
 0,693480101608806 
 0,686706181202371 
 0,679085520745131 
 0,68077900084674 
 0,690093141405589 
 0,691786621507197 
 0,701100762066046 
 0,702794242167655 
 0,737510584250635 
 0,654530059271804 
 0,655376799322608 
 0,648602878916173 
 0,615580016934801 
 0,658763759525826 
 0,626587637595258 
 0,644369178662151 
 0,712955122777307 
 0,740050804403048 
 0,740897544453853 
 0,690939881456393 
 0,683319220999153 
 0,641828958509738 
 0,599491955969517 
 0,57493649449619 
 0,592718035563082 
 0,593564775613887 
 0,542760372565622 
 0,655376799322608 
 0,656223539373412 
 0,640135478408129 
 0,580016934801016 
 0,597798475867909 
 0,546994072819644 
 0,564775613886537 
 0,478408128704488 
 0,49618966977138 
 0,375105842506351 
 0,401354784081287 
 0,690093141405589 
 0,699407281964437 
 0,647756138865368 
 0,762066045723963 
 0,789161727349704 
 0,78069432684166 
 0,781541066892464 
 0,782387806943268 
 0,783234546994073 
 0,784081287044877 
 0,722269263336156 
 0,72311600338696 
 0,714648602878916 
 0,335309060118544 
 0,344623200677392 
 0,336155800169348 
 0,397967823878069 
 0,381033022861981 
 0,398814563928874 
 0,434377646062659 
 0,497036409822185 
 0,497036409822185 
 0,346316680779001 
 0,310753598645216 
 0,337849280270957 
 0,329381879762913 
 0,329381879762913 
 0,337849280270957 
 0,337849280270957 
 0,347163420829805 
 0,347163420829805 
 0,356477561388654 
 0,329381879762913 
 0,330228619813717 
 0,320914479254869 
 0,570702794242168 
 0,615580016934801 
 0,597798475867909 
 0,597798475867909 
 0,589331075359865 
 0,607112616426757 
 0,607112616426757 
 0,651143099068586 
 0,642675698560542 
 0,651143099068586 
 0,633361558001693 
 0,678238780694327 
 0,633361558001693 
 0,749364944961897 
 0,749364944961897 
 0,757832345469941 
 0,757832345469941 
 0,757832345469941 
 0,748518204911092 
 0,686706181202371 
 0,685859441151566 
 0,677392040643522 
 0,69432684165961 
 0,69432684165961 
 0,69432684165961 
 0,693480101608806 
 0,764606265876376 
 0,764606265876376 
 0,737510584250635 
 0,754445385266723 
 0,754445385266723 
 0,754445385266723 
 0,753598645215919 
 0,74428450465707 
 0,752751905165114 
 0,717188823031329 
 0,662997459779848 
 0,662997459779848 
 0,75952582557155 
 0,758679085520745 
 0,767146486028789 
 0,767146486028789 
 0,766299745977985 
 0,756985605419136 
 0,756138865368332 
 0,764606265876376 
 0,754445385266723 
 0,754445385266723 
 0,770533446232007 
 0,761219305673158 
 0,778154106689246 
 0,734123624047417 
 0,802709568162574 
 0,784928027095682 
 0,60965283657917 
 0,478408128704488 
 0,469093988145639 
 0,459779847586791 
 0,66723116003387 
 0,666384419983065 
 0,320067739204064 
 0,345469940728196 
 0,344623200677392 
 0,336155800169348 
 0,292125317527519 
 0,292125317527519 
 0,282811176968671 
 0,222692633361558 
 0,222692633361558 
 0,230313293818798 
 0,238780694326842 
 0,247248094834886 
 0,271803556308213 
 0,280270956816257 
 0,279424216765453 
 0,279424216765453 
 0,203217612193057 
 0,193903471634208 
 0,202370872142252 
 0,193056731583404 
 0,18458933107536 
 0,18458933107536 
 0,192209991532599 
 0,200677392040644 
 0,199830651989839 
 0,191363251481795 
 0,182895850973751 
 0,182049110922947 
 0,190516511430991 
 0,181202370872142 
 0,172734970364098 
 0,21337849280271 
 0,246401354784081 
 0,254022015241321 
 0,253175275190517 
 0,27688399661304 
 0,284504657070279 
 0,292125317527519 
 0,291278577476715 
 0,291278577476715 
 0,281964436917866 
 0,29805249788315 
 0,313293818797629 
 0,328535139712108 
 0,303979678238781 
 0,310753598645216 
 0,309906858594412 
 0,317527519051651 
 0,316680779000847 
 0,276037256562235 
 0,275190516511431 
 0,274343776460627 
 0,289585097375106 
 0,273497036409822 
 0,265029635901778 
 0,372565622353937 
 0,657917019475021 
 0,618120237087214 
 0,616426756985605 
 0,606265876375953 
 0,643522438611346 
 0,633361558001693 
 0,631668077900085 
 0,607112616426757 
 0,613039796782388 
 0,603725656223539 
 0,602032176121931 
 0,554614733276884 
 0,552921253175275 
 0,5961049957663 
 0,594411515664691 
 0,644369178662151 
 0,634208298052498 
 0,632514817950889 
 0,629974597798476 
 0,635901778154107 
 0,633361558001693 
 0,674851820491109 
 0,686706181202371 
 0,677392040643522 
 0,689246401354784 
 0,693480101608806 
 0,712955122777307 
 0,710414902624894 
 0,707874682472481 
 0,704487722269263 
 0,70194750211685 
 0,699407281964437 
 0,515664690939881 
 0,506350550381033 
 0,504657070279424 
 0,502963590177815 
 0,685859441151566 
 0,683319220999153 
 0,68077900084674 
 0,677392040643522 
 0,674851820491109 
 0,672311600338696 
 0,668924640135478 
 0,666384419983065 
 0,662997459779848 
 0,660457239627434 
 0,657070279424217 
 0,654530059271804 
 0,65198983911939 
 0,648602878916173 
 0,64606265876376 
 0,642675698560542 
 0,639288738357324 
 0,636748518204911 
 0,633361558001693 
 0,63082133784928 
 0,627434377646063 
 0,624047417442845 
 0,621507197290432 
 0,618120237087214 
 0,614733276883997 
 0,612193056731583 
 0,608806096528366 
 0,605419136325148 
 0,602032176121931 
 0,599491955969517 
 0,5961049957663 
 0,569009314140559 
 0,554614733276884 
 0,545300592718036 
 0,519051651143099 
 0,515664690939881 
 0,490262489415749 
 0,486875529212532 
 0,484335309060119 
 0,322607959356478 
 0,365791701947502 
 0,201524132091448 
 0,188823031329382 
 0,187976291278577 
 0,170194750211685 
 0,169348010160881 
 0,195596951735817 
 0,193903471634208 
 0,21930567315834 
 0,228619813717189 
 0,237933954276037 
 0,299745977984759 
 0,417442845046571 
 0,409822184589331 
 0,406435224386113 
 0,4038950042337 
 0,508044030482642 
 0,504657070279424 
 0,500423370025402 
 0,497036409822185 
 0,399661303979678 
 0,416596104995766 
 0,413209144792549 
 0,42506350550381 
 0,407281964436918 
 0,408975444538527 
 0,46740050804403 
 0,463166807790008 
 0,455546147332769 
 0,451312447078747 
 0,402201524132091 
 0,398814563928874 
 0,400508044030483 
 0,392040643522439 
 0,393734123624047 
 0,39034716342083 
 0,38272650296359 
 0,396274343776461 
 0,426756985605419 
 0,423370025402202 
 0,41913632514818 
 0,415749364944962 
 0,41151566469094 
 0,408128704487722 
 0,4038950042337 
 0,400508044030483 
 0,396274343776461 
 0,392887383573243 
 0,388653683319221 
 0,385266723116003 
 0,381033022861981 
 0,376799322607959 
 0,373412362404742 
 0,36917866215072 
 0,365791701947502 
 0,36155800169348 
 0,357324301439458 
 0,35393734123624 
 0,349703640982218 
 0,345469940728196 
 0,342082980524979 
 0,337849280270957 
 0,333615580016935 
 0,330228619813717 
 0,309906858594412 
 0,299745977984759 
 0,295512277730737 
 0,210838272650296 
 0,160880609652837 
 0,162574089754445 
 0,16342082980525 
 0,176121930567316 
 0,223539373412362 
 0,217612193056732 
 0,209144792548688 
 0,197290431837426 
 0,197290431837426 
 0,188823031329382 
 0,199830651989839 
 0,204911092294666 
 0,201524132091448 
 0,162574089754445 
 0,154953429297206 
 0,162574089754445 
 0,179508890770533 
 0,242167654530059 
 0,237933954276037 
 0,233700254022015 
 0,230313293818798 
 0,226079593564776 
 0,221845893310754 
 0,193903471634208 
 0,190516511430991 
 0,167654530059272 
 0,162574089754445 
 0,15580016934801 
 0,148179508890771 
 0,126164267569856 
 0,165114309906859 
 0,161727349703641 
 0,16342082980525 
 0,154953429297206 
 0,153259949195597 
 0,146486028789162 
 0,143099068585944 
 9,22946655376799E-02 
 9,31414055884843E-02 
 9,14479254868755E-02 
 8,89077053344623E-02 
 8,21337849280271E-02 
 7,95935647756139E-02 
 6,43522438611346E-02 
 6,35055038103302E-02 
 7,11261642675699E-02 
 5,08044030482642E-02 
 4,91109229466554E-02 
 4,91109229466554E-02 
 4,65707027942422E-02 
 0,052497883149873 
 5,41913632514818E-02 
 8,29805249788315E-02 
 7,28196443691787E-02 
 0,056731583403895 
 5,50381033022862E-02 
 4,91109229466554E-02 
 5,16511430990686E-02 
 7,70533446232007E-02 
 6,85859441151566E-02 
 6,60457239627434E-02 
 6,85859441151566E-02 
 6,60457239627434E-02 
 6,35055038103302E-02 
 6,01185436071126E-02 
 0,056731583403895 
 5,33446232006774E-02 
 0,048264182895851 
 4,74174428450466E-02 
 4,65707027942422E-02 
 4,48772226926334E-02 
 4,14902624894158E-02 
 3,89500423370025E-02 
 3,55630821337849E-02 
 3,38696020321761E-02 
 3,04826418289585E-02 
 2,79424216765453E-02 
 2,62489415749365E-02 
 2,37087214225233E-02 
 2,11685012701101E-02 
 1,94750211685013E-02 
 1,69348010160881E-02 
 1,52413209144793E-02 
 1,35478408128704E-02 
 1,18543607112616E-02 
 1,01608806096528E-02 
 8,46740050804403E-03 
 6,77392040643522E-03 
 5,92718035563082E-03 
 4,23370025402202E-03 
 3,38696020321761E-03 
 2,54022015241321E-03 
 1,69348010160881E-03 
 1,69348010160881E-03 
 8,46740050804403E-04 
 8,46740050804403E-04 
 0 
 0 
 0 
 0 
 0 
 0 
 0 
 0 
 0 
 0 
 0 
 0 
 0 
 0 
 0 
 0 
 0 
 0 
 0 
 0 
 0 
 0 
 0 
 0 
 0 
 0 
 0 
 0 
 0 
 0 
 0 
 0 
 0 
 0 
 0 
 0 
 0 
 0 
 0 
 0 
 0 
 0 
 0 
 0 
 0 
 0 
 0 
 0 
 0 
 0 
 0 
 0 
 0 
 0 
 0 
 0 
 0 
 0 
 0 
 0 
 0 
 0 
 0 
 0 
 0 
 0 
 0 
 0 
 0 
 0 
 0 
 0 
 0 
 0 
 0 
 0 
 0 
 0 
 0 
 0 
 0 
 0 
 0 
 0 
 0 
 0 
 0 
 0 
 0 
 0 
 0 
 0 
 0 
 0 
 0 
 0 
 0 
 0 
 0 
 0 
 0 
 0 
 0 
 0 
 0 
 0 
 0 
 0 
 0 
 0 
 0 
 0 
 0 
 0 
 0 
 0 
 0 
 0 
 0 
 0 
 0 
 0 
 0 
 0 
 0 
 0 
 0 
 0 
 0 
 0 
 0 
 0 
 0 
 0 
 0 
 0 
 0 
 0 
 0 
 0 
 0 
 0 
 0 
 0 
 0 
 0 
 0 
 0 
 0 
 0 
 0 
 0 
 0 
 0 
 0 
 0 
 0 
 0 
 0 
 0 
 0 
 0 
 0 
 0 
 0 
 0 
 0 
 0 
 0 
 0 
 0 
 0 
 0 
 0 
 0 
 0 
 0 
 0 
 0 
 0 
 0 
 0 
 0 
 0 
 0 
 0 
 0 
 0 
 0 
 0 
 0 
 0 
 0 
 0 
 0 
 0 
 0 
 0 
 0 
 0 
 0 
 0 
 0 
 0 
 0 
 0 
 0 
 0 
 0 
 0 
 0 
 0 
 0 
 0 
 0 
 0 
 0 
 0 
 0 
 0 
 0 
 0 
 0 
 0 
 0 
 0 
 0 
 0 
 0 
 0 
 0 
 0 
 0 
 0 
 0 
 0 
 0 
 0 
 0 
 0 
 0 
 0 
 0 
 0 
 0 
 0 
 0 
 0 
 0 
 0 
 0 
 0 
 0 
 0 
 0 
 0 
 0 
 0 
 0 
 0 
 0 
 0 
 0 
 0 
 0 
 0 
 0 
 0 
 0 
 0 
 0 
 0 
 0 
 0 
 0 
 0 
 0 
 0 
 0 
 0 
 0 
 0 
 0 
 0 
 0 
 0 
 0 
 0 
 0 
 0 
 0 
 0 
 0 
 0 
 0 
 0 
 0 
 0 
 0 
 0 
 0 
 0 
 0 
 0 
 0 
 0 
 0 
 0 
 0 
 0 
 0 
