 0 
 0 
 0 
 0 
 0 
 0 
 0 
 0 
 0 
 0 
 0 
 0 
 0 
 0 
 0 
 0 
 0 
 0 
 0 
 0 
 0 
 0 
 0 
 0 
 0 
 0 
 0 
 0 
 0 
 0 
 0 
 0 
 0 
 0 
 0 
 0 
 0 
 0 
 0 
 0 
 0 
 0 
 0 
 0 
 0 
 0 
 0 
 0 
 0 
 0 
 0 
 0 
 0 
 0 
 0 
 0 
 0 
 0 
 0 
 0 
 0 
 0 
 0 
 0 
 0 
 0 
 0 
 0 
 0 
 0 
 0 
 0 
 0 
 0 
 0 
 0 
 0 
 0 
 0 
 0 
 0 
 0 
 0 
 0 
 0 
 0 
 0 
 0 
 0 
 0 
 0 
 0 
 0 
 0 
 0 
 0 
 0 
 0 
 0 
 0 
 0 
 0 
 0 
 0 
 0 
 0 
 0 
 0 
 0 
 0 
 0 
 0 
 0 
 0 
 0 
 0 
 0 
 0 
 0 
 0 
 0 
 0 
 0 
 0 
 0 
 0 
 0 
 0 
 0 
 0 
 0 
 0 
 0 
 0 
 0 
 0 
 0 
 0 
 0 
 0 
 0 
 0 
 0 
 0 
 0 
 0 
 0 
 0 
 0 
 0 
 0 
 0 
 0 
 0 
 0 
 0 
 0 
 0 
 0 
 0 
 0 
 0 
 0 
 0 
 0 
 0 
 0 
 0 
 0 
 0 
 0 
 0 
 0 
 0 
 0 
 0 
 0 
 0 
 0 
 0 
 0 
 0 
 0 
 0 
 0 
 0 
 0 
 0 
 0 
 0 
 0 
 0 
 0 
 0 
 0 
 0 
 0 
 0 
 0 
 0 
 0 
 0 
 0 
 0 
 0 
 0 
 0 
 0 
 0 
 0 
 0 
 0 
 0 
 0 
 0 
 0 
 0 
 0 
 0 
 0 
 0 
 0 
 0 
 0 
 0 
 0 
 0 
 0 
 0 
 0 
 0 
 0 
 0 
 0 
 0 
 0 
 0 
 0 
 0 
 0 
 0 
 0 
 0 
 0 
 0 
 0 
 0 
 0 
 0 
 0 
 0 
 0 
 0 
 0 
 0 
 0 
 0 
 0 
 0 
 0 
 0 
 0 
 0 
 0 
 0 
 0 
 0 
 0 
 0 
 0 
 0 
 0 
 0 
 0 
 0 
 0 
 0 
 0 
 0 
 0 
 0 
 0 
 0 
 0 
 0 
 0 
 0 
 0 
 0 
 0 
 0 
 0 
 0 
 0 
 0 
 0 
 0 
 0 
 0 
 0 
 0 
 0 
 0 
 0 
 0 
 0 
 0 
 0 
 0 
 0 
 0 
 0 
 0 
 0 
 0 
 0 
 0 
 0 
 0 
 0 
 0 
 0 
 0 
 0 
 0 
 0 
 0 
 0 
 0 
 0 
 0 
 0 
 0 
 0 
 0 
 0 
 0 
 0 
 0 
 0 
 0 
 0 
 0 
 0 
 0 
 0 
 0 
 0 
 0 
 0 
 0 
 0 
 0 
 0 
 0 
 0 
 0 
 0 
 0 
 0 
 0 
 0 
 0 
 0 
 0 
 0 
 0 
 0 
 0 
 0 
 0 
 0 
 0 
 0 
 0 
 0 
 0 
 0 
 0 
 0 
 0 
 0 
 0 
 0 
 0 
 0 
 0 
 0 
 0 
 0 
 0 
 0 
 0 
 0 
 0 
 0 
 0 
 0 
 0 
 0 
 0 
 0 
 0 
 0 
 0 
 0 
 0 
 0 
 0 
 0 
 0 
 0 
 0 
 0 
 0 
 0 
 0 
 0 
 0 
 0 
 0 
 0 
 0 
 0 
 0 
 0 
 0 
 0 
 0 
 0 
 0 
 0 
 0 
 0 
 0 
 0 
 8,46740050804403E-04 
 8,46740050804403E-04 
 8,46740050804403E-04 
 2,54022015241321E-03 
 3,38696020321761E-03 
 4,23370025402202E-03 
 5,08044030482642E-03 
 3,38696020321761E-03 
 3,38696020321761E-03 
 3,38696020321761E-03 
 4,23370025402202E-03 
 5,08044030482642E-03 
 5,92718035563082E-03 
 6,77392040643522E-03 
 7,62066045723963E-03 
 8,46740050804403E-03 
 9,31414055884843E-03 
 1,01608806096528E-02 
 1,10076206604572E-02 
 1,10076206604572E-02 
 2,11685012701101E-02 
 1,94750211685013E-02 
 2,03217612193057E-02 
 2,03217612193057E-02 
 2,03217612193057E-02 
 2,28619813717189E-02 
 2,70956816257409E-02 
 2,96359017781541E-02 
 3,21761219305673E-02 
 4,74174428450466E-02 
 4,91109229466554E-02 
 4,65707027942422E-02 
 3,81033022861981E-02 
 3,89500423370025E-02 
 5,50381033022862E-02 
 5,92718035563082E-02 
 6,26587637595258E-02 
 6,35055038103302E-02 
 6,18120237087214E-02 
 6,43522438611346E-02 
 6,60457239627434E-02 
 6,77392040643522E-02 
 8,97544453852667E-02 
 7,70533446232007E-02 
 8,12870448772227E-02 
 7,02794242167655E-02 
 7,02794242167655E-02 
 9,14479254868755E-02 
 9,56816257408975E-02 
 0,123624047417443 
 0,131244707874682 
 0,131244707874682 
 0,131244707874682 
 0,135478408128704 
 0,150719729043184 
 0,148179508890771 
 0,147332768839966 
 0,154106689246401 
 0,15580016934801 
 7,95935647756139E-02 
 0,158340389500423 
 0,147332768839966 
 0,149872988992379 
 0,1346316680779 
 0,193056731583404 
 0,197290431837426 
 0,201524132091448 
 0,20575783234547 
 0,209144792548688 
 0,21337849280271 
 0,217612193056732 
 0,220999153259949 
 0,225232853513971 
 0,229466553767993 
 0,233700254022015 
 0,237087214225233 
 0,241320914479255 
 0,245554614733277 
 0,249788314987299 
 0,253175275190517 
 0,257408975444539 
 0,261642675698561 
 0,265876375952583 
 0,2692633361558 
 0,273497036409822 
 0,236240474174428 
 0,261642675698561 
 0,262489415749365 
 0,260795935647756 
 0,126164267569856 
 0,133784928027096 
 0,12108382726503 
 0,119390347163421 
 9,90685859441152E-02 
 9,06011854360711E-02 
 8,89077053344623E-02 
 8,38272650296359E-02 
 8,80609652836579E-02 
 0,102455546147333 
 0,11346316680779 
 0,111769686706181 
 0,119390347163421 
 0,12108382726503 
 0,310753598645216 
 0,282811176968671 
 0,267569856054191 
 0,209144792548688 
 0,309906858594412 
 0,317527519051651 
 0,320914479254869 
 0,327688399661304 
 0,335309060118544 
 0,342082980524979 
 0,337849280270957 
 0,341236240474174 
 0,33276883996613 
 0,211685012701101 
 0,221845893310754 
 0,224386113463167 
 0,201524132091448 
 0,215918712955123 
 0,193056731583404 
 0,198983911939035 
 0,345469940728196 
 0,344623200677392 
 0,351397121083827 
 0,157493649449619 
 0,159187129551228 
 0,249788314987299 
 0,337002540220152 
 0,335309060118544 
 0,337849280270957 
 0,317527519051651 
 0,329381879762913 
 0,215071972904318 
 0,146486028789162 
 0,147332768839966 
 0,153259949195597 
 0,1346316680779 
 0,140558848433531 
 0,132091447925487 
 0,153259949195597 
 0,138865368331922 
 0,130397967823878 
 0,131244707874682 
 0,106689246401355 
 0,117696867061812 
 0,185436071126164 
 0,181202370872142 
 0,19813717188823 
 0,209991532599492 
 0,179508890770533 
 0,165114309906859 
 0,209144792548688 
 0,209991532599492 
 0,216765453005927 
 0,430990685859441 
 0,444538526672312 
 0,447925486875529 
 0,472480948348857 
 0,486875529212532 
 0,450465707027942 
 0,560541913632515 
 0,569009314140559 
 0,572396274343776 
 0,575783234546994 
 0,579170194750212 
 0,582557154953429 
 0,585944115156647 
 0,589331075359865 
 0,592718035563082 
 0,595258255715495 
 0,598645215918713 
 0,602032176121931 
 0,605419136325148 
 0,608806096528366 
 0,611346316680779 
 0,614733276883997 
 0,618120237087214 
 0,497036409822185 
 0,4614733276884 
 0,501270110076207 
 0,516511430990686 
 0,519051651143099 
 0,521591871295512 
 0,518204911092295 
 0,513971210838273 
 0,516511430990686 
 0,512277730736664 
 0,508044030482642 
 0,569009314140559 
 0,564775613886537 
 0,561388653683319 
 0,536833192209991 
 0,539373412362405 
 0,501270110076207 
 0,483488569009314 
 0,438611346316681 
 0,447078746824725 
 0,428450465707028 
 0,416596104995766 
 0,42506350550381 
 0,674851820491109 
 0,677392040643522 
 0,6731583403895 
 0,682472480948349 
 0,671464860287892 
 0,652836579170195 
 0,408975444538527 
 0,409822184589331 
 0,404741744284505 
 0,398814563928874 
 0,386113463166808 
 0,473327688399661 
 0,690939881456393 
 0,686706181202371 
 0,724809483488569 
 0,727349703640982 
 0,729889923793395 
 0,732430143945809 
 0,712955122777307 
 0,715495342929721 
 0,68077900084674 
 0,64606265876376 
 0,647756138865368 
 0,657070279424217 
 0,65198983911939 
 0,556308213378493 
 0,414902624894157 
 0,408128704487722 
 0,485182049110923 
 0,494496189669771 
 0,49618966977138 
 0,48264182895851 
 0,460626587637595 
 0,36155800169348 
 0,347163420829805 
 0,410668924640135 
 0,41913632514818 
 0,397121083827265 
 0,421676545300593 
 0,4614733276884 
 0,509737510584251 
 0,78662150719729 
 0,789161727349704 
 0,790855207451312 
 0,792548687552921 
 0,795088907705334 
 0,796782387806943 
 0,798475867908552 
 0,800169348010161 
 0,802709568162574 
 0,804403048264183 
 0,806096528365792 
 0,8077900084674 
 0,640135478408129 
 0,568162574089754 
 0,60965283657917 
 0,602878916172735 
 0,69432684165961 
 0,696020321761219 
 0,696867061812024 
 0,698560541913632 
 0,700254022015241 
 0,70194750211685 
 0,305673158340389 
 0,232006773920406 
 0,232853513971211 
 0,232853513971211 
 0,225232853513971 
 0,225232853513971 
 0,226079593564776 
 0,176121930567316 
 0,193056731583404 
 0,18458933107536 
 0,235393734123624 
 0,236240474174428 
 0,236240474174428 
 0,270956816257409 
 0,279424216765453 
 0,254868755292125 
 0,288738357324301 
 0,331922099915326 
 0,383573243014395 
 0,401354784081287 
 0,410668924640135 
 0,393734123624047 
 0,386113463166808 
 0,377646062658764 
 0,438611346316681 
 0,421676545300593 
 0,430990685859441 
 0,552921253175275 
 0,389500423370025 
 0,389500423370025 
 0,372565622353937 
 0,39034716342083 
 0,391193903471634 
 0,425910245554615 
 0,469940728196444 
 0,80186282811177 
 0,488569009314141 
 0,480101608806097 
 0,472480948348857 
 0,428450465707028 
 0,429297205757832 
 0,403048264182896 
 0,394580863674852 
 0,377646062658764 
 0,36917866215072 
 0,308213378492803 
 0,29043183742591 
 0,299745977984759 
 0,661303979678239 
 0,652836579170195 
 0,644369178662151 
 0,645215918712955 
 0,716342082980525 
 0,707874682472481 
 0,717188823031329 
 0,726502963590178 
 0,789161727349704 
 0,789161727349704 
 0,718882303132938 
 0,718882303132938 
 0,639288738357324 
 0,889077053344623 
 0,889077053344623 
 0,889923793395428 
 0,889923793395428 
 0,889923793395428 
 0,890770533446232 
 0,890770533446232 
 0,890770533446232 
 0,891617273497036 
 0,891617273497036 
 0,891617273497036 
 0,891617273497036 
 0,891617273497036 
 0,892464013547841 
 0,562235393734124 
 0,562235393734124 
 0,615580016934801 
 0,312447078746825 
 0,320914479254869 
 0,320914479254869 
 0,383573243014395 
 0,562235393734124 
 0,535139712108383 
 0,34801016088061 
 0,365791701947502 
 0,392887383573243 
 0,401354784081287 
 0,41913632514818 
 0,802709568162574 
 0,802709568162574 
 0,891617273497036 
 0,890770533446232 
 0,890770533446232 
 0,881456392887384 
 0,863674851820491 
 0,862828111769687 
 0,845046570702794 
 0,845046570702794 
 0,835732430143946 
 0,808636748518205 
 0,55969517358171 
 0,585944115156647 
 0,620660457239627 
 0,620660457239627 
 0,637595258255716 
 0,619813717188823 
 0,654530059271804 
 0,583403895004234 
 0,565622353937341 
 0,591871295512278 
 0,574089754445385 
 0,458933107535986 
 0,431837425910246 
 0,44030482641829 
 0,396274343776461 
 0,386960203217612 
 0,342929720575783 
 0,394580863674852 
 0,386113463166808 
 0,832345469940728 
 0,761219305673158 
 0,6731583403895 
 0,672311600338696 
 0,855207451312447 
 0,845893310753599 
 0,784081287044877 
 0,773920406435224 
 0,790855207451312 
 0,78069432684166 
 0,736663844199831 
 0,536833192209991 
 0,466553767993226 
 0,448772226926334 
 0,422523285351397 
 0,336155800169348 
 0,335309060118544 
 0,335309060118544 
 0,292125317527519 
 0,282811176968671 
 0,281964436917866 
 0,307366638441998 
 0,33276883996613 
 0,306519898391194 
 0,314987298899238 
 0,339542760372566 
 0,331075359864522 
 0,372565622353937 
 0,354784081287045 
 0,346316680779001 
 0,35393734123624 
 0,353090601185436 
 0,352243861134632 
 0,368331922099915 
 0,368331922099915 
 0,367485182049111 
 0,358171041490262 
 0,365791701947502 
 0,364944961896698 
 0,356477561388654 
 0,487722269263336 
 0,354784081287045 
 0,4038950042337 
 0,41151566469094 
 0,418289585097375 
 0,515664690939881 
 0,523285351397121 
 0,595258255715495 
 0,447078746824725 
 0,44623200677392 
 0,420829805249788 
 0,419983065198984 
 0,322607959356478 
 0,321761219305673 
 0,353090601185436 
 0,344623200677392 
 0,271803556308213 
 0,270956816257409 
 0,254022015241321 
 0,254022015241321 
 0,260795935647756 
 0,259949195596952 
 0,259949195596952 
 0,259102455546147 
 0,243014394580864 
 0,242167654530059 
 0,202370872142252 
 0,209991532599492 
 0,209144792548688 
 0,247248094834886 
 0,238780694326842 
 0,237933954276037 
 0,244707874682472 
 0,229466553767993 
 0,236240474174428 
 0,55376799322608 
 0,378492802709568 
 0,354784081287045 
 0,353090601185436 
 0,359864521591871 
 0,328535139712108 
 0,327688399661304 
 0,661303979678239 
 0,658763759525826 
 0,671464860287892 
 0,662150719729043 
 0,645215918712955 
 0,642675698560542 
 0,662150719729043 
 0,696867061812024 
 0,643522438611346 
 0,655376799322608 
 0,64606265876376 
 0,651143099068586 
 0,605419136325148 
 0,5961049957663 
 0,594411515664691 
 0,606265876375953 
 0,603725656223539 
 0,622353937341236 
 0,619813717188823 
 0,618120237087214 
 0,615580016934801 
 0,606265876375953 
 0,61727349703641 
 0,594411515664691 
 0,598645215918713 
 0,44030482641829 
 0,445385266723116 
 0,396274343776461 
 0,368331922099915 
 0,379339542760373 
 0,378492802709568 
 0,165114309906859 
 0,157493649449619 
 0,189669771380186 
 0,182049110922947 
 0,187976291278577 
 0,193903471634208 
 0,166807790008467 
 0,140558848433531 
 0,146486028789162 
 0,145639288738357 
 0,157493649449619 
 0,150719729043184 
 0,149872988992379 
 0,130397967823878 
 0,14225232853514 
 0,147332768839966 
 0,153259949195597 
 0,146486028789162 
 0,132938187976291 
 0,144792548687553 
 0,15580016934801 
 0,154953429297206 
 0,14225232853514 
 0,135478408128704 
 0,10584250635055 
 0,116850127011008 
 0,121930567315834 
 0,12701100762066 
 0,114309906858594 
 0,114309906858594 
 0,11346316680779 
 0,118543607112616 
 0,122777307366638 
 0,116850127011008 
 0,12701100762066 
 0,126164267569856 
 0,125317527519052 
 0,130397967823878 
 0,124470787468247 
 0,117696867061812 
 0,116850127011008 
 0,12701100762066 
 0,126164267569856 
 0,130397967823878 
 0,1346316680779 
 0,138865368331922 
 0,138018628281118 
 0,12701100762066 
 0,126164267569856 
 0,135478408128704 
 0,129551227773074 
 0,132938187976291 
 0,137171888230313 
 0,136325148179509 
 0,130397967823878 
 0,129551227773074 
 0,118543607112616 
 0,117696867061812 
 0,126164267569856 
 0,125317527519052 
 0,115156646909399 
 0,123624047417443 
 0,122777307366638 
 0,126164267569856 
 0,124470787468247 
 0,127857747671465 
 0,122777307366638 
 9,56816257408975E-02 
 9,06011854360711E-02 
 9,39881456392887E-02 
 9,31414055884843E-02 
 9,22946655376799E-02 
 9,56816257408975E-02 
 9,48348856900931E-02 
 9,39881456392887E-02 
 7,28196443691787E-02 
 7,19729043183743E-02 
 7,11261642675699E-02 
 6,68924640135478E-02 
 7,02794242167655E-02 
 5,75783234546994E-02 
 0,060965283657917 
 0,056731583403895 
 5,58848433530906E-02 
 5,50381033022862E-02 
 5,50381033022862E-02 
 5,41913632514818E-02 
 5,33446232006774E-02 
 4,91109229466554E-02 
 4,57239627434378E-02 
 4,48772226926334E-02 
 4,06435224386113E-02 
 4,06435224386113E-02 
 4,31837425910246E-02 
 3,64098221845893E-02 
 3,55630821337849E-02 
 3,55630821337849E-02 
 4,14902624894158E-02 
 0,044030482641829 
 4,99576629974598E-02 
 5,16511430990686E-02 
 0,048264182895851 
 4,74174428450466E-02 
 0,044030482641829 
 4,31837425910246E-02 
 4,31837425910246E-02 
 4,48772226926334E-02 
 4,48772226926334E-02 
 4,14902624894158E-02 
 4,06435224386113E-02 
 4,23370025402202E-02 
 4,23370025402202E-02 
 4,65707027942422E-02 
 0,048264182895851 
 4,99576629974598E-02 
 0,044030482641829 
 3,89500423370025E-02 
 4,06435224386113E-02 
 4,23370025402202E-02 
 3,89500423370025E-02 
 4,74174428450466E-02 
 0,044030482641829 
 4,31837425910246E-02 
 4,06435224386113E-02 
 4,65707027942422E-02 
 4,74174428450466E-02 
 4,65707027942422E-02 
 4,57239627434378E-02 
 4,65707027942422E-02 
 4,91109229466554E-02 
 0,048264182895851 
 4,74174428450466E-02 
 4,65707027942422E-02 
 5,08044030482642E-02 
 4,74174428450466E-02 
 4,48772226926334E-02 
 4,23370025402202E-02 
 2,20152413209145E-02 
 2,20152413209145E-02 
 2,11685012701101E-02 
 2,20152413209145E-02 
 2,11685012701101E-02 
 2,11685012701101E-02 
 2,20152413209145E-02 
 2,20152413209145E-02 
 1,77815410668925E-02 
 1,52413209144793E-02 
 1,35478408128704E-02 
 1,35478408128704E-02 
 1,43945808636749E-02 
 1,43945808636749E-02 
 0,012701100762066 
 1,01608806096528E-02 
 1,01608806096528E-02 
 9,31414055884843E-03 
 1,01608806096528E-02 
 8,46740050804403E-03 
 8,46740050804403E-03 
 7,62066045723963E-03 
 7,62066045723963E-03 
 9,31414055884843E-03 
 9,31414055884843E-03 
 7,62066045723963E-03 
 6,77392040643522E-03 
 5,92718035563082E-03 
 5,08044030482642E-03 
 5,08044030482642E-03 
 4,23370025402202E-03 
 4,23370025402202E-03 
 4,23370025402202E-03 
 3,38696020321761E-03 
 2,54022015241321E-03 
 2,54022015241321E-03 
 2,54022015241321E-03 
 2,54022015241321E-03 
 2,54022015241321E-03 
 1,69348010160881E-03 
 1,69348010160881E-03 
 1,69348010160881E-03 
 1,69348010160881E-03 
 1,69348010160881E-03 
 1,69348010160881E-03 
 8,46740050804403E-04 
 8,46740050804403E-04 
 8,46740050804403E-04 
 8,46740050804403E-04 
 8,46740050804403E-04 
 8,46740050804403E-04 
 8,46740050804403E-04 
 0 
 0 
 0 
 0 
 0 
 0 
 0 
 0 
 0 
 0 
 0 
 0 
 0 
 0 
 0 
 0 
 0 
 0 
 0 
 0 
 0 
 0 
 0 
 0 
 0 
 0 
 0 
 0 
 0 
 0 
 0 
 0 
 0 
 0 
 0 
 0 
 0 
 0 
 0 
 0 
 0 
 0 
 0 
 0 
 0 
 0 
 0 
 0 
 0 
 0 
 0 
 0 
 0 
 0 
 0 
 0 
 0 
 0 
 0 
 0 
 0 
 0 
 0 
 0 
 0 
 0 
 0 
 0 
 0 
 0 
 0 
 0 
 0 
 0 
 0 
 0 
 0 
 0 
 0 
 0 
 0 
 0 
 0 
 0 
 0 
 0 
 0 
 0 
 0 
 0 
 0 
 0 
 0 
 0 
 0 
 0 
 0 
 0 
 0 
 0 
 0 
 0 
 0 
 0 
 0 
 0 
 0 
 0 
 0 
 0 
 0 
 0 
 0 
 0 
 0 
 0 
 0 
 0 
 0 
 0 
 0 
 0 
 0 
 0 
 0 
 0 
 0 
 0 
 0 
 0 
 0 
 0 
 0 
 0 
 0 
 0 
 0 
 0 
 0 
 0 
 0 
 0 
 0 
 0 
 0 
 0 
 0 
 0 
 0 
 0 
 0 
 0 
 0 
 0 
 0 
 0 
 0 
 0 
 0 
 0 
 0 
 0 
 0 
 0 
 0 
 0 
 0 
 0 
 0 
 0 
 0 
 0 
 0 
 0 
 0 
 0 
 0 
 0 
 0 
 0 
 0 
 0 
 0 
 0 
 0 
 0 
 0 
 0 
 0 
 0 
 0 
 0 
 0 
 0 
 0 
 0 
 0 
 0 
 0 
 0 
 0 
 0 
 0 
 0 
 0 
 0 
 0 
 0 
 0 
 0 
 0 
 0 
 0 
 0 
 0 
 0 
 0 
 0 
 0 
 0 
 0 
 0 
 0 
 0 
 0 
 0 
 0 
 0 
 0 
 0 
 0 
 0 
 0 
 0 
 0 
 0 
 0 
 0 
 0 
 0 
 0 
 0 
 0 
 0 
 0 
 0 
 0 
 0 
 0 
 0 
 0 
 0 
 0 
 0 
 0 
 0 
 0 
 0 
 0 
 0 
 0 
 0 
 0 
 0 
 0 
 0 
 0 
 0 
 0 
 0 
 0 
 0 
 0 
 0 
 0 
 0 
 0 
 0 
 0 
 0 
 0 
 0 
 0 
 0 
 0 
 0 
 0 
 0 
 0 
 0 
 0 
 0 
 0 
 0 
 0 
 0 
 0 
 0 
 0 
 0 
 0 
 0 
 0 
 0 
 0 
 0 
 0 
 0 
 0 
 0 
 0 
 0 
 0 
 0 
 0 
 0 
 0 
