 0 
 0 
 0 
 0 
 0 
 0 
 0 
 0 
 0 
 0 
 0 
 0 
 0 
 0 
 0 
 0 
 0 
 0 
 0 
 0 
 0 
 0 
 0 
 0 
 0 
 0 
 0 
 0 
 0 
 0 
 0 
 0 
 0 
 0 
 0 
 0 
 0 
 0 
 0 
 0 
 0 
 0 
 0 
 0 
 0 
 0 
 0 
 0 
 0 
 0 
 0 
 0 
 0 
 0 
 0 
 0 
 0 
 0 
 0 
 0 
 0 
 0 
 0 
 0 
 0 
 0 
 0 
 0 
 0 
 0 
 0 
 0 
 0 
 0 
 0 
 0 
 0 
 0 
 0 
 0 
 0 
 0 
 0 
 0 
 0 
 0 
 0 
 0 
 0 
 0 
 0 
 0 
 0 
 0 
 0 
 0 
 0 
 0 
 0 
 0 
 0 
 0 
 0 
 0 
 0 
 0 
 0 
 0 
 0 
 0 
 0 
 0 
 0 
 0 
 0 
 0 
 0 
 0 
 0 
 0 
 0 
 0 
 0 
 0 
 0 
 0 
 0 
 0 
 0 
 0 
 0 
 0 
 0 
 0 
 0 
 0 
 0 
 0 
 0 
 0 
 0 
 0 
 0 
 0 
 0 
 0 
 0 
 0 
 0 
 0 
 0 
 0 
 0 
 0 
 0 
 0 
 0 
 0 
 0 
 0 
 0 
 0 
 0 
 0 
 0 
 0 
 0 
 0 
 0 
 0 
 0 
 0 
 0 
 0 
 0 
 0 
 0 
 0 
 0 
 0 
 0 
 0 
 0 
 0 
 0 
 0 
 0 
 0 
 0 
 0 
 0 
 0 
 0 
 0 
 0 
 0 
 0 
 0 
 0 
 0 
 0 
 0 
 0 
 0 
 0 
 0 
 0 
 0 
 0 
 0 
 0 
 0 
 0 
 0 
 0 
 0 
 0 
 0 
 0 
 0 
 0 
 0 
 0 
 0 
 0 
 0 
 0 
 0 
 0 
 0 
 0 
 0 
 0 
 0 
 0 
 0 
 0 
 0 
 0 
 0 
 0 
 0 
 0 
 0 
 0 
 0 
 0 
 0 
 0 
 0 
 0 
 0 
 0 
 0 
 0 
 0 
 0 
 0 
 0 
 0 
 0 
 0 
 0 
 0 
 0 
 0 
 0 
 0 
 0 
 0 
 0 
 0 
 0 
 0 
 0 
 0 
 0 
 0 
 0 
 0 
 0 
 0 
 0 
 0 
 0 
 0 
 0 
 0 
 0 
 0 
 0 
 0 
 0 
 0 
 0 
 0 
 0 
 0 
 0 
 0 
 0 
 0 
 0 
 0 
 0 
 0 
 0 
 0 
 0 
 0 
 0 
 0 
 0 
 0 
 0 
 0 
 0 
 0 
 0 
 0 
 0 
 0 
 0 
 0 
 0 
 0 
 0 
 0 
 0 
 0 
 0 
 0 
 0 
 0 
 0 
 0 
 0 
 0 
 0 
 0 
 0 
 0 
 0 
 0 
 0 
 0 
 0 
 0 
 0 
 0 
 0 
 0 
 0 
 0 
 0 
 0 
 0 
 0 
 0 
 0 
 0 
 0 
 0 
 0 
 0 
 0 
 0 
 0 
 0 
 0 
 0 
 0 
 0 
 0 
 0 
 0 
 0 
 0 
 0 
 0 
 0 
 0 
 0 
 0 
 0 
 0 
 0 
 0 
 0 
 0 
 0 
 0 
 0 
 0 
 0 
 0 
 0 
 0 
 0 
 0 
 0 
 0 
 0 
 0 
 0 
 0 
 0 
 0 
 0 
 0 
 0 
 0 
 0 
 0 
 0 
 0 
 0 
 0 
 0 
 0 
 0 
 0 
 0 
 0 
 0 
 0 
 0 
 0 
 0 
 0 
 0 
 0 
 0 
 0 
 0 
 0 
 0 
 0 
 8,46740050804403E-04 
 8,46740050804403E-04 
 8,46740050804403E-04 
 8,46740050804403E-04 
 1,69348010160881E-03 
 1,69348010160881E-03 
 2,54022015241321E-03 
 2,54022015241321E-03 
 2,54022015241321E-03 
 3,38696020321761E-03 
 3,38696020321761E-03 
 4,23370025402202E-03 
 4,23370025402202E-03 
 4,23370025402202E-03 
 4,23370025402202E-03 
 5,08044030482642E-03 
 5,92718035563082E-03 
 5,92718035563082E-03 
 5,92718035563082E-03 
 5,92718035563082E-03 
 5,92718035563082E-03 
 6,77392040643522E-03 
 7,62066045723963E-03 
 8,46740050804403E-03 
 9,31414055884843E-03 
 1,10076206604572E-02 
 1,18543607112616E-02 
 1,18543607112616E-02 
 1,01608806096528E-02 
 9,31414055884843E-03 
 9,31414055884843E-03 
 1,01608806096528E-02 
 9,31414055884843E-03 
 1,01608806096528E-02 
 1,10076206604572E-02 
 1,18543607112616E-02 
 1,52413209144793E-02 
 1,52413209144793E-02 
 1,69348010160881E-02 
 1,77815410668925E-02 
 1,94750211685013E-02 
 2,03217612193057E-02 
 1,94750211685013E-02 
 2,11685012701101E-02 
 2,70956816257409E-02 
 2,96359017781541E-02 
 3,13293818797629E-02 
 3,38696020321761E-02 
 3,72565622353937E-02 
 3,81033022861981E-02 
 3,97967823878069E-02 
 4,06435224386113E-02 
 4,31837425910246E-02 
 4,06435224386113E-02 
 4,06435224386113E-02 
 3,64098221845893E-02 
 3,72565622353937E-02 
 3,97967823878069E-02 
 4,23370025402202E-02 
 4,57239627434378E-02 
 4,48772226926334E-02 
 4,14902624894158E-02 
 4,06435224386113E-02 
 4,74174428450466E-02 
 0,052497883149873 
 4,91109229466554E-02 
 0,048264182895851 
 4,65707027942422E-02 
 4,57239627434378E-02 
 5,33446232006774E-02 
 5,41913632514818E-02 
 5,50381033022862E-02 
 6,26587637595258E-02 
 6,43522438611346E-02 
 6,26587637595258E-02 
 0,060965283657917 
 6,77392040643522E-02 
 5,84250635055038E-02 
 0,056731583403895 
 5,75783234546994E-02 
 0,060965283657917 
 6,43522438611346E-02 
 6,60457239627434E-02 
 6,68924640135478E-02 
 7,02794242167655E-02 
 7,11261642675699E-02 
 7,53598645215919E-02 
 8,55207451312447E-02 
 8,29805249788315E-02 
 8,46740050804403E-02 
 7,95935647756139E-02 
 8,04403048264183E-02 
 7,19729043183743E-02 
 7,62066045723963E-02 
 7,36663844199831E-02 
 8,46740050804403E-02 
 8,21337849280271E-02 
 8,97544453852667E-02 
 9,48348856900931E-02 
 0,153259949195597 
 0,159187129551228 
 0,164267569856054 
 0,165961049957663 
 0,175275190516511 
 0,173581710414903 
 0,186282811176969 
 0,173581710414903 
 0,193903471634208 
 0,192209991532599 
 0,19813717188823 
 0,111769686706181 
 0,112616426756986 
 0,117696867061812 
 0,110922946655377 
 0,116003386960203 
 0,116850127011008 
 0,118543607112616 
 0,119390347163421 
 0,124470787468247 
 0,125317527519052 
 0,122777307366638 
 0,161727349703641 
 0,150719729043184 
 0,151566469093988 
 0,153259949195597 
 0,154953429297206 
 0,151566469093988 
 0,143945808636749 
 0,135478408128704 
 0,141405588484335 
 0,143099068585944 
 0,148179508890771 
 0,276037256562235 
 0,264182895850974 
 0,247248094834886 
 0,186282811176969 
 0,193056731583404 
 0,198983911939035 
 0,181202370872142 
 0,207451312447079 
 0,21337849280271 
 0,185436071126164 
 0,186282811176969 
 0,187976291278577 
 0,183742591024555 
 0,190516511430991 
 0,165961049957663 
 0,166807790008467 
 0,173581710414903 
 0,174428450465707 
 0,175275190516511 
 0,17696867061812 
 0,166807790008467 
 0,168501270110076 
 0,169348010160881 
 0,165114309906859 
 0,292972057578323 
 0,31160033869602 
 0,352243861134632 
 0,354784081287045 
 0,566469093988146 
 0,569009314140559 
 0,56731583403895 
 0,575783234546994 
 0,579170194750212 
 0,582557154953429 
 0,527519051651143 
 0,518204911092295 
 0,521591871295512 
 0,541913632514818 
 0,557154953429297 
 0,565622353937341 
 0,605419136325148 
 0,608806096528366 
 0,57493649449619 
 0,584250635055038 
 0,57493649449619 
 0,552921253175275 
 0,542760372565622 
 0,564775613886537 
 0,573243014394581 
 0,563928873835732 
 0,566469093988146 
 0,58848433530906 
 0,584250635055038 
 0,43268416596105 
 0,330228619813717 
 0,338696020321761 
 0,34038950042337 
 0,321761219305673 
 0,29043183742591 
 0,29805249788315 
 0,306519898391194 
 0,307366638441998 
 0,315834038950042 
 0,316680779000847 
 0,352243861134632 
 0,298899237933954 
 0,300592718035563 
 0,281117696867062 
 0,303132938187976 
 0,310753598645216 
 0,305673158340389 
 0,313293818797629 
 0,307366638441998 
 0,315834038950042 
 0,288738357324301 
 0,297205757832345 
 0,29805249788315 
 0,363251481795089 
 0,357324301439458 
 0,315834038950042 
 0,590177815410669 
 0,578323454699407 
 0,580016934801016 
 0,57493649449619 
 0,576629974597799 
 0,579170194750212 
 0,610499576629975 
 0,612193056731583 
 0,466553767993226 
 0,453005927180356 
 0,4614733276884 
 0,455546147332769 
 0,464860287891617 
 0,49618966977138 
 0,633361558001693 
 0,552074513124471 
 0,561388653683319 
 0,555461473327688 
 0,580016934801016 
 0,581710414902625 
 0,652836579170195 
 0,415749364944962 
 0,416596104995766 
 0,464860287891617 
 0,225232853513971 
 0,241320914479255 
 0,226079593564776 
 0,430143945808637 
 0,392040643522439 
 0,42506350550381 
 0,378492802709568 
 0,371718882303133 
 0,364944961896698 
 0,389500423370025 
 0,406435224386113 
 0,407281964436918 
 0,424216765453006 
 0,408975444538527 
 0,441998306519898 
 0,451312447078747 
 0,266723116003387 
 0,275190516511431 
 0,283657917019475 
 0,284504657070279 
 0,285351397121084 
 0,261642675698561 
 0,310753598645216 
 0,336155800169348 
 0,312447078746825 
 0,320914479254869 
 0,321761219305673 
 0,289585097375106 
 0,289585097375106 
 0,348856900931414 
 0,315834038950042 
 0,325148179508891 
 0,292125317527519 
 0,468247248094835 
 0,460626587637595 
 0,478408128704488 
 0,462320067739204 
 0,563928873835732 
 0,573243014394581 
 0,675698560541914 
 0,56731583403895 
 0,576629974597799 
 0,543607112616427 
 0,535986452159187 
 0,468247248094835 
 0,724809483488569 
 0,734970364098222 
 0,752751905165114 
 0,753598645215919 
 0,763759525825571 
 0,77307366638442 
 0,860287891617273 
 0,861134631668078 
 0,862828111769687 
 0,863674851820491 
 0,371718882303133 
 0,372565622353937 
 0,372565622353937 
 0,398814563928874 
 0,408128704487722 
 0,408975444538527 
 0,408975444538527 
 0,392040643522439 
 0,383573243014395 
 0,401354784081287 
 0,410668924640135 
 0,41151566469094 
 0,41151566469094 
 0,403048264182896 
 0,377646062658764 
 0,386113463166808 
 0,18458933107536 
 0,176121930567316 
 0,167654530059272 
 0,176121930567316 
 0,176121930567316 
 0,176121930567316 
 0,185436071126164 
 0,185436071126164 
 0,185436071126164 
 0,185436071126164 
 0,17696867061812 
 0,17696867061812 
 0,17696867061812 
 0,168501270110076 
 0,168501270110076 
 0,168501270110076 
 0,186282811176969 
 0,168501270110076 
 0,160033869602032 
 0,160033869602032 
 0,14225232853514 
 0,133784928027096 
 0,133784928027096 
 0,14225232853514 
 0,133784928027096 
 0,124470787468247 
 0,124470787468247 
 0,124470787468247 
 0,116003386960203 
 0,106689246401355 
 0,116003386960203 
 9,82218458933107E-02 
 0,151566469093988 
 0,143099068585944 
 0,133784928027096 
 0,143099068585944 
 0,125317527519052 
 0,133784928027096 
 0,143099068585944 
 0,133784928027096 
 0,125317527519052 
 0,125317527519052 
 0,125317527519052 
 0,133784928027096 
 0,133784928027096 
 0,124470787468247 
 0,124470787468247 
 0,116003386960203 
 0,124470787468247 
 0,133784928027096 
 0,133784928027096 
 0,133784928027096 
 8,89077053344623E-02 
 8,89077053344623E-02 
 8,89077053344623E-02 
 8,89077053344623E-02 
 8,89077053344623E-02 
 8,89077053344623E-02 
 8,89077053344623E-02 
 8,89077053344623E-02 
 8,89077053344623E-02 
 8,89077053344623E-02 
 8,89077053344623E-02 
 9,73751058425063E-02 
 8,80609652836579E-02 
 9,73751058425063E-02 
 0,10584250635055 
 0,10584250635055 
 0,10584250635055 
 0,10584250635055 
 0,114309906858594 
 0,114309906858594 
 0,122777307366638 
 0,122777307366638 
 0,131244707874682 
 0,131244707874682 
 0,122777307366638 
 0,131244707874682 
 0,183742591024555 
 0,157493649449619 
 0,131244707874682 
 0,148179508890771 
 0,139712108382726 
 0,138865368331922 
 0,138865368331922 
 0,15580016934801 
 0,173581710414903 
 0,173581710414903 
 0,172734970364098 
 0,181202370872142 
 0,154953429297206 
 0,171888230313294 
 0,154953429297206 
 0,154953429297206 
 0,16342082980525 
 0,197290431837426 
 0,20575783234547 
 0,204911092294666 
 0,238780694326842 
 0,230313293818798 
 0,229466553767993 
 0,246401354784081 
 0,237087214225233 
 0,237087214225233 
 0,261642675698561 
 0,261642675698561 
 0,252328535139712 
 0,252328535139712 
 0,218458933107536 
 0,226079593564776 
 0,23454699407282 
 0,216765453005927 
 0,225232853513971 
 0,224386113463167 
 0,215918712955123 
 0,505503810330229 
 0,537679932260796 
 0,495342929720576 
 0,395427603725656 
 0,386113463166808 
 0,402201524132091 
 0,392887383573243 
 0,3268416596105 
 0,391193903471634 
 0,66723116003387 
 0,560541913632515 
 0,551227773073666 
 0,508890770533446 
 0,144792548687553 
 0,137171888230313 
 0,152413209144793 
 0,152413209144793 
 0,143945808636749 
 0,127857747671465 
 0,135478408128704 
 0,158340389500423 
 0,158340389500423 
 0,173581710414903 
 0,157493649449619 
 0,172734970364098 
 0,156646909398815 
 0,15580016934801 
 0,171041490262489 
 0,171041490262489 
 0,170194750211685 
 0,200677392040644 
 0,199830651989839 
 0,192209991532599 
 0,176121930567316 
 0,137171888230313 
 0,121930567315834 
 0,12108382726503 
 0,11346316680779 
 0,10584250635055 
 9,73751058425063E-02 
 9,73751058425063E-02 
 0,104995766299746 
 8,97544453852667E-02 
 8,89077053344623E-02 
 8,89077053344623E-02 
 8,89077053344623E-02 
 8,12870448772227E-02 
 8,04403048264183E-02 
 6,60457239627434E-02 
 0,065198983911939 
 0,065198983911939 
 0,065198983911939 
 7,19729043183743E-02 
 6,43522438611346E-02 
 6,43522438611346E-02 
 7,11261642675699E-02 
 7,11261642675699E-02 
 0,056731583403895 
 4,91109229466554E-02 
 4,91109229466554E-02 
 4,91109229466554E-02 
 4,14902624894158E-02 
 4,14902624894158E-02 
 4,14902624894158E-02 
 4,14902624894158E-02 
 4,14902624894158E-02 
 5,50381033022862E-02 
 0,060965283657917 
 5,41913632514818E-02 
 4,74174428450466E-02 
 4,74174428450466E-02 
 3,97967823878069E-02 
 3,97967823878069E-02 
 3,97967823878069E-02 
 5,92718035563082E-02 
 5,92718035563082E-02 
 7,19729043183743E-02 
 7,79000846740051E-02 
 7,79000846740051E-02 
 7,79000846740051E-02 
 8,38272650296359E-02 
 8,29805249788315E-02 
 7,62066045723963E-02 
 8,21337849280271E-02 
 7,53598645215919E-02 
 6,26587637595258E-02 
 8,72142252328535E-02 
 9,90685859441152E-02 
 9,31414055884843E-02 
 9,22946655376799E-02 
 0,104149026248942 
 0,103302286198137 
 0,109229466553768 
 0,108382726502964 
 0,107535986452159 
 0,107535986452159 
 0,106689246401355 
 0,111769686706181 
 0,116850127011008 
 0,116850127011008 
 0,127857747671465 
 0,138018628281118 
 0,143099068585944 
 0,137171888230313 
 0,101608806096528 
 0,106689246401355 
 0,106689246401355 
 0,10584250635055 
 9,99153259949196E-02 
 0,110076206604572 
 0,109229466553768 
 0,108382726502964 
 0,107535986452159 
 0,101608806096528 
 0,100762066045724 
 0,100762066045724 
 0,104995766299746 
 0,104149026248942 
 9,31414055884843E-02 
 8,72142252328535E-02 
 8,21337849280271E-02 
 8,12870448772227E-02 
 8,04403048264183E-02 
 8,55207451312447E-02 
 8,97544453852667E-02 
 8,38272650296359E-02 
 8,80609652836579E-02 
 8,72142252328535E-02 
 8,72142252328535E-02 
 8,63674851820491E-02 
 9,99153259949196E-02 
 0,104149026248942 
 9,82218458933107E-02 
 0,102455546147333 
 0,10584250635055 
 9,56816257408975E-02 
 9,48348856900931E-02 
 8,97544453852667E-02 
 8,89077053344623E-02 
 9,31414055884843E-02 
 8,80609652836579E-02 
 9,56816257408975E-02 
 9,48348856900931E-02 
 9,39881456392887E-02 
 8,89077053344623E-02 
 9,65283657917019E-02 
 9,99153259949196E-02 
 9,48348856900931E-02 
 9,39881456392887E-02 
 9,31414055884843E-02 
 8,80609652836579E-02 
 9,48348856900931E-02 
 9,82218458933107E-02 
 0,109229466553768 
 0,12701100762066 
 0,129551227773074 
 0,132091447925487 
 0,104149026248942 
 0,103302286198137 
 0,10584250635055 
 9,06011854360711E-02 
 8,97544453852667E-02 
 8,46740050804403E-02 
 7,70533446232007E-02 
 7,28196443691787E-02 
 6,85859441151566E-02 
 6,77392040643522E-02 
 6,35055038103302E-02 
 5,92718035563082E-02 
 7,19729043183743E-02 
 0,060965283657917 
 6,01185436071126E-02 
 5,33446232006774E-02 
 5,92718035563082E-02 
 5,50381033022862E-02 
 5,75783234546994E-02 
 0,056731583403895 
 6,18120237087214E-02 
 5,84250635055038E-02 
 5,75783234546994E-02 
 5,33446232006774E-02 
 5,58848433530906E-02 
 0,052497883149873 
 5,16511430990686E-02 
 5,08044030482642E-02 
 4,74174428450466E-02 
 4,65707027942422E-02 
 4,31837425910246E-02 
 3,97967823878069E-02 
 3,72565622353937E-02 
 3,64098221845893E-02 
 3,55630821337849E-02 
 3,30228619813717E-02 
 2,28619813717189E-02 
 2,28619813717189E-02 
 2,20152413209145E-02 
 2,37087214225233E-02 
 2,37087214225233E-02 
 2,28619813717189E-02 
 2,28619813717189E-02 
 2,45554614733277E-02 
 2,37087214225233E-02 
 2,28619813717189E-02 
 3,21761219305673E-02 
 3,13293818797629E-02 
 3,13293818797629E-02 
 3,38696020321761E-02 
 3,13293818797629E-02 
 3,38696020321761E-02 
 3,13293818797629E-02 
 2,96359017781541E-02 
 2,70956816257409E-02 
 2,96359017781541E-02 
 2,70956816257409E-02 
 2,62489415749365E-02 
 2,87891617273497E-02 
 2,79424216765453E-02 
 2,54022015241321E-02 
 2,79424216765453E-02 
 2,54022015241321E-02 
 2,37087214225233E-02 
 2,37087214225233E-02 
 2,28619813717189E-02 
 1,94750211685013E-02 
 1,94750211685013E-02 
 1,77815410668925E-02 
 1,43945808636749E-02 
 1,35478408128704E-02 
 1,35478408128704E-02 
 0,012701100762066 
 1,43945808636749E-02 
 1,43945808636749E-02 
 1,35478408128704E-02 
 1,35478408128704E-02 
 1,35478408128704E-02 
 1,43945808636749E-02 
 1,43945808636749E-02 
 1,35478408128704E-02 
 1,35478408128704E-02 
 0,012701100762066 
 0,012701100762066 
 1,18543607112616E-02 
 1,10076206604572E-02 
 1,01608806096528E-02 
 9,31414055884843E-03 
 8,46740050804403E-03 
 7,62066045723963E-03 
 6,77392040643522E-03 
 6,77392040643522E-03 
 6,77392040643522E-03 
 6,77392040643522E-03 
 5,92718035563082E-03 
 5,92718035563082E-03 
 5,08044030482642E-03 
 4,23370025402202E-03 
 3,38696020321761E-03 
 3,38696020321761E-03 
 3,38696020321761E-03 
 2,54022015241321E-03 
 2,54022015241321E-03 
 2,54022015241321E-03 
 1,69348010160881E-03 
 1,69348010160881E-03 
 1,69348010160881E-03 
 8,46740050804403E-04 
 8,46740050804403E-04 
 8,46740050804403E-04 
 0 
 0 
 0 
 0 
 0 
 0 
 0 
 0 
 0 
 0 
 0 
 0 
 0 
 0 
 0 
 0 
 0 
 0 
 0 
 0 
 0 
 0 
 0 
 0 
 0 
 0 
 0 
 0 
 0 
 0 
 0 
 0 
 0 
 0 
 0 
 0 
 0 
 0 
 0 
 0 
 0 
 0 
 0 
 0 
 0 
 0 
 0 
 0 
 0 
 0 
 0 
 0 
 0 
 0 
 0 
 0 
 0 
 0 
 0 
 0 
 0 
 0 
 0 
 0 
 0 
 0 
 0 
 0 
 0 
 0 
 0 
 0 
 0 
 0 
 0 
 0 
 0 
 0 
 0 
 0 
 0 
 0 
 0 
 0 
 0 
 0 
 0 
 0 
 0 
 0 
 0 
 0 
 0 
 0 
 0 
 0 
 0 
 0 
 0 
 0 
 0 
 0 
 0 
 0 
 0 
 0 
 0 
 0 
 0 
 0 
 0 
 0 
 0 
 0 
 0 
 0 
 0 
 0 
 0 
 0 
 0 
 0 
 0 
 0 
 0 
 0 
 0 
 0 
 0 
 0 
 0 
 0 
 0 
 0 
 0 
 0 
 0 
 0 
 0 
 0 
 0 
 0 
 0 
 0 
 0 
 0 
 0 
 0 
 0 
 0 
 0 
 0 
 0 
 0 
 0 
 0 
 0 
 0 
 0 
 0 
 0 
 0 
 0 
 0 
 0 
 0 
 0 
 0 
 0 
 0 
 0 
 0 
 0 
 0 
 0 
 0 
 0 
 0 
 0 
 0 
 0 
 0 
 0 
 0 
 0 
 0 
 0 
 0 
 0 
 0 
 0 
 0 
 0 
 0 
 0 
 0 
 0 
 0 
 0 
 0 
 0 
 0 
 0 
 0 
 0 
 0 
 0 
 0 
 0 
 0 
 0 
 0 
 0 
 0 
 0 
 0 
 0 
 0 
 0 
 0 
 0 
 0 
 0 
 0 
 0 
 0 
 0 
 0 
 0 
 0 
 0 
 0 
 0 
 0 
 0 
 0 
 0 
 0 
 0 
 0 
 0 
 0 
 0 
 0 
 0 
 0 
 0 
 0 
 0 
 0 
 0 
 0 
 0 
 0 
 0 
 0 
 0 
 0 
 0 
 0 
 0 
 0 
 0 
 0 
 0 
 0 
 0 
 0 
 0 
 0 
 0 
 0 
 0 
 0 
 0 
 0 
 0 
 0 
 0 
 0 
 0 
 0 
 0 
 0 
 0 
 0 
 0 
 0 
 0 
 0 
 0 
 0 
 0 
 0 
 0 
 0 
 0 
 0 
 0 
 0 
 0 
 0 
 0 
 0 
 0 
 0 
 0 
 0 
 0 
 0 
 0 
 0 
 0 
