 0 
 0 
 0 
 0 
 0 
 0 
 0 
 0 
 0 
 0 
 0 
 0 
 0 
 0 
 0 
 0 
 0 
 0 
 0 
 0 
 0 
 0 
 0 
 0 
 0 
 0 
 0 
 0 
 0 
 0 
 0 
 0 
 0 
 0 
 0 
 0 
 0 
 0 
 0 
 0 
 0 
 0 
 0 
 0 
 0 
 0 
 0 
 0 
 0 
 0 
 0 
 0 
 0 
 0 
 0 
 0 
 0 
 0 
 0 
 0 
 0 
 0 
 0 
 0 
 0 
 0 
 0 
 0 
 0 
 0 
 0 
 0 
 0 
 0 
 0 
 0 
 0 
 0 
 0 
 0 
 0 
 0 
 0 
 0 
 0 
 0 
 0 
 0 
 0 
 0 
 0 
 0 
 0 
 0 
 0 
 0 
 0 
 0 
 0 
 0 
 0 
 0 
 0 
 0 
 0 
 0 
 0 
 0 
 0 
 0 
 0 
 0 
 0 
 0 
 0 
 0 
 0 
 0 
 0 
 0 
 0 
 0 
 0 
 0 
 0 
 0 
 0 
 0 
 0 
 0 
 0 
 0 
 0 
 0 
 0 
 0 
 0 
 0 
 0 
 0 
 0 
 0 
 0 
 0 
 0 
 0 
 0 
 0 
 0 
 0 
 0 
 0 
 0 
 0 
 0 
 0 
 0 
 0 
 0 
 0 
 0 
 0 
 0 
 0 
 0 
 0 
 0 
 0 
 0 
 0 
 0 
 0 
 0 
 0 
 0 
 0 
 0 
 0 
 0 
 0 
 0 
 0 
 0 
 0 
 0 
 0 
 0 
 0 
 0 
 0 
 0 
 0 
 0 
 0 
 0 
 0 
 0 
 0 
 0 
 0 
 0 
 0 
 0 
 0 
 0 
 0 
 0 
 0 
 0 
 0 
 0 
 0 
 0 
 0 
 0 
 0 
 0 
 0 
 0 
 0 
 0 
 0 
 0 
 0 
 0 
 0 
 0 
 0 
 0 
 0 
 0 
 0 
 0 
 0 
 0 
 0 
 0 
 0 
 0 
 0 
 0 
 0 
 0 
 0 
 0 
 0 
 0 
 0 
 0 
 0 
 0 
 0 
 0 
 0 
 0 
 0 
 0 
 0 
 0 
 0 
 0 
 0 
 0 
 0 
 0 
 0 
 0 
 0 
 0 
 0 
 0 
 0 
 0 
 0 
 0 
 0 
 0 
 0 
 0 
 0 
 0 
 0 
 0 
 0 
 0 
 0 
 0 
 0 
 0 
 0 
 0 
 0 
 0 
 0 
 0 
 0 
 0 
 0 
 0 
 0 
 0 
 0 
 0 
 0 
 0 
 0 
 0 
 0 
 0 
 0 
 0 
 0 
 0 
 0 
 0 
 0 
 0 
 0 
 0 
 0 
 0 
 0 
 0 
 0 
 0 
 0 
 0 
 0 
 0 
 0 
 0 
 0 
 0 
 0 
 0 
 0 
 0 
 0 
 0 
 0 
 0 
 0 
 0 
 0 
 0 
 0 
 0 
 0 
 0 
 0 
 0 
 0 
 0 
 0 
 0 
 0 
 0 
 0 
 0 
 0 
 0 
 0 
 0 
 0 
 0 
 0 
 0 
 0 
 0 
 0 
 0 
 0 
 0 
 0 
 0 
 0 
 0 
 0 
 0 
 0 
 0 
 0 
 0 
 0 
 0 
 0 
 0 
 0 
 0 
 0 
 0 
 0 
 0 
 0 
 0 
 0 
 0 
 0 
 0 
 0 
 0 
 0 
 0 
 0 
 0 
 0 
 0 
 0 
 0 
 0 
 0 
 0 
 0 
 0 
 0 
 0 
 0 
 0 
 0 
 0 
 0 
 0 
 0 
 0 
 0 
 0 
 0 
 0 
 0 
 0 
 0 
 0 
 0 
 0 
 8,46740050804403E-04 
 8,46740050804403E-04 
 1,69348010160881E-03 
 1,69348010160881E-03 
 2,54022015241321E-03 
 3,38696020321761E-03 
 4,23370025402202E-03 
 5,92718035563082E-03 
 6,77392040643522E-03 
 8,46740050804403E-03 
 9,31414055884843E-03 
 1,10076206604572E-02 
 0,012701100762066 
 1,43945808636749E-02 
 1,69348010160881E-02 
 1,86282811176969E-02 
 2,11685012701101E-02 
 2,28619813717189E-02 
 2,45554614733277E-02 
 2,54022015241321E-02 
 2,79424216765453E-02 
 3,04826418289585E-02 
 2,87891617273497E-02 
 3,13293818797629E-02 
 3,38696020321761E-02 
 3,55630821337849E-02 
 3,81033022861981E-02 
 4,06435224386113E-02 
 4,23370025402202E-02 
 4,48772226926334E-02 
 5,33446232006774E-02 
 5,58848433530906E-02 
 5,84250635055038E-02 
 6,60457239627434E-02 
 6,68924640135478E-02 
 7,28196443691787E-02 
 7,79000846740051E-02 
 7,95935647756139E-02 
 8,12870448772227E-02 
 8,38272650296359E-02 
 8,72142252328535E-02 
 9,31414055884843E-02 
 0,100762066045724 
 0,104995766299746 
 0,108382726502964 
 0,111769686706181 
 0,116003386960203 
 0,119390347163421 
 0,123624047417443 
 0,12701100762066 
 0,131244707874682 
 0,060965283657917 
 5,50381033022862E-02 
 4,57239627434378E-02 
 0,052497883149873 
 5,41913632514818E-02 
 5,50381033022862E-02 
 6,01185436071126E-02 
 6,18120237087214E-02 
 5,50381033022862E-02 
 5,58848433530906E-02 
 0,060965283657917 
 0,056731583403895 
 6,18120237087214E-02 
 0,065198983911939 
 6,60457239627434E-02 
 6,77392040643522E-02 
 0,069432684165961 
 6,60457239627434E-02 
 6,35055038103302E-02 
 0,182049110922947 
 0,185436071126164 
 0,141405588484335 
 0,152413209144793 
 0,164267569856054 
 0,190516511430991 
 0,203217612193057 
 0,206604572396274 
 0,220152413209145 
 0,223539373412362 
 0,22692633361558 
 0,243014394580864 
 0,257408975444539 
 0,261642675698561 
 0,265876375952583 
 0,2692633361558 
 0,273497036409822 
 0,277730736663844 
 0,281964436917866 
 0,285351397121084 
 0,289585097375106 
 0,293818797629128 
 0,29805249788315 
 0,301439458086367 
 0,305673158340389 
 0,309906858594412 
 0,313293818797629 
 0,317527519051651 
 0,321761219305673 
 0,325148179508891 
 0,329381879762913 
 0,333615580016935 
 0,337849280270957 
 0,341236240474174 
 0,345469940728196 
 0,348856900931414 
 0,353090601185436 
 0,357324301439458 
 0,360711261642676 
 0,364944961896698 
 0,36917866215072 
 0,372565622353937 
 0,376799322607959 
 0,380186282811177 
 0,384419983065199 
 0,388653683319221 
 0,392040643522439 
 0,396274343776461 
 0,399661303979678 
 0,4038950042337 
 0,407281964436918 
 0,41151566469094 
 0,414902624894157 
 0,41913632514818 
 0,422523285351397 
 0,426756985605419 
 0,430143945808637 
 0,434377646062659 
 0,437764606265876 
 0,441998306519898 
 0,445385266723116 
 0,448772226926334 
 0,453005927180356 
 0,456392887383573 
 0,460626587637595 
 0,338696020321761 
 0,303979678238781 
 0,310753598645216 
 0,33276883996613 
 0,292125317527519 
 0,265029635901778 
 0,262489415749365 
 0,215071972904318 
 0,216765453005927 
 0,457239627434378 
 0,44030482641829 
 0,433530906011854 
 0,436071126164268 
 0,439458086367485 
 0,442845046570703 
 0,450465707027942 
 0,474174428450466 
 0,488569009314141 
 0,491109229466554 
 0,478408128704488 
 0,471634208298052 
 0,469093988145639 
 0,433530906011854 
 0,453005927180356 
 0,5385266723116 
 0,535986452159187 
 0,556308213378493 
 0,55969517358171 
 0,563082133784928 
 0,566469093988146 
 0,569009314140559 
 0,572396274343776 
 0,575783234546994 
 0,579170194750212 
 0,582557154953429 
 0,585944115156647 
 0,483488569009314 
 0,248941574936494 
 0,25571549534293 
 0,245554614733277 
 0,247248094834886 
 0,459779847586791 
 0,450465707027942 
 0,360711261642676 
 0,220999153259949 
 0,222692633361558 
 0,223539373412362 
 0,224386113463167 
 0,187976291278577 
 0,176121930567316 
 0,183742591024555 
 0,18458933107536 
 0,19813717188823 
 0,20575783234547 
 0,226079593564776 
 0,207451312447079 
 0,312447078746825 
 0,314140558848434 
 0,223539373412362 
 0,224386113463167 
 0,238780694326842 
 0,239627434377646 
 0,24047417442845 
 0,242167654530059 
 0,249788314987299 
 0,243861134631668 
 0,244707874682472 
 0,259102455546147 
 0,260795935647756 
 0,261642675698561 
 0,242167654530059 
 0,29805249788315 
 0,285351397121084 
 0,300592718035563 
 0,294665537679932 
 0,288738357324301 
 0,346316680779001 
 0,375952582557155 
 0,384419983065199 
 0,357324301439458 
 0,200677392040644 
 0,180355630821338 
 0,173581710414903 
 0,195596951735817 
 0,204064352243861 
 0,204064352243861 
 0,212531752751905 
 0,20575783234547 
 0,206604572396274 
 0,192209991532599 
 0,185436071126164 
 0,186282811176969 
 0,209144792548688 
 0,217612193056732 
 0,225232853513971 
 0,218458933107536 
 0,22692633361558 
 0,273497036409822 
 0,296359017781541 
 0,29043183742591 
 0,321761219305673 
 0,299745977984759 
 0,300592718035563 
 0,354784081287045 
 0,34801016088061 
 0,325994919559695 
 0,3268416596105 
 0,38272650296359 
 0,391193903471634 
 0,58086367485182 
 0,574089754445385 
 0,599491955969517 
 0,679932260795936 
 0,681625740897544 
 0,683319220999153 
 0,685012701100762 
 0,679085520745131 
 0,472480948348857 
 0,473327688399661 
 0,788314987298899 
 0,790008467400508 
 0,791701947502117 
 0,809483488569009 
 0,811176968670618 
 0,796782387806943 
 0,676545300592718 
 0,653683319220999 
 0,662997459779848 
 0,533446232006774 
 0,542760372565622 
 0,552074513124471 
 0,379339542760373 
 0,454699407281964 
 0,422523285351397 
 0,447925486875529 
 0,48264182895851 
 0,291278577476715 
 0,266723116003387 
 0,267569856054191 
 0,251481795088908 
 0,259949195596952 
 0,252328535139712 
 0,2692633361558 
 0,278577476714649 
 0,287044877222693 
 0,287891617273497 
 0,296359017781541 
 0,288738357324301 
 0,288738357324301 
 0,306519898391194 
 0,341236240474174 
 0,418289585097375 
 0,376799322607959 
 0,368331922099915 
 0,351397121083827 
 0,335309060118544 
 0,370025402201524 
 0,413209144792549 
 0,422523285351397 
 0,423370025402202 
 0,509737510584251 
 0,450465707027942 
 0,563082133784928 
 0,512277730736664 
 0,356477561388654 
 0,339542760372566 
 0,339542760372566 
 0,322607959356478 
 0,314140558848434 
 0,314140558848434 
 0,209991532599492 
 0,201524132091448 
 0,201524132091448 
 0,193056731583404 
 0,201524132091448 
 0,21930567315834 
 0,220152413209145 
 0,220152413209145 
 0,211685012701101 
 0,211685012701101 
 0,203217612193057 
 0,185436071126164 
 0,193903471634208 
 0,203217612193057 
 0,203217612193057 
 0,203217612193057 
 0,204064352243861 
 0,230313293818798 
 0,239627434377646 
 0,239627434377646 
 0,24809483488569 
 0,231160033869602 
 0,221845893310754 
 0,221845893310754 
 0,21337849280271 
 0,231160033869602 
 0,248941574936494 
 0,248941574936494 
 0,258255715495343 
 0,276037256562235 
 0,267569856054191 
 0,267569856054191 
 0,276037256562235 
 0,267569856054191 
 0,294665537679932 
 0,285351397121084 
 0,294665537679932 
 0,303132938187976 
 0,303132938187976 
 0,464013547840813 
 0,455546147332769 
 0,44623200677392 
 0,455546147332769 
 0,455546147332769 
 0,526672311600339 
 0,436917866215072 
 0,41913632514818 
 0,401354784081287 
 0,303132938187976 
 0,294665537679932 
 0,294665537679932 
 0,285351397121084 
 0,285351397121084 
 0,285351397121084 
 0,249788314987299 
 0,249788314987299 
 0,248941574936494 
 0,24047417442845 
 0,258255715495343 
 0,258255715495343 
 0,418289585097375 
 0,408975444538527 
 0,435224386113463 
 0,443691786621507 
 0,514817950889077 
 0,497036409822185 
 0,443691786621507 
 0,469940728196444 
 0,486875529212532 
 0,761219305673158 
 0,75190516511431 
 0,751058425063506 
 0,733276883996613 
 0,803556308213379 
 0,838272650296359 
 0,775613886536833 
 0,880609652836579 
 0,879762912785775 
 0,87891617273497 
 0,878069432684166 
 0,842506350550381 
 0,771380186282811 
 0,735817104149026 
 0,734970364098222 
 0,734123624047417 
 0,742591024555461 
 0,741744284504657 
 0,566469093988146 
 0,565622353937341 
 0,556308213378493 
 0,556308213378493 
 0,555461473327688 
 0,485182049110923 
 0,475867908552075 
 0,337002540220152 
 0,371718882303133 
 0,379339542760373 
 0,387806943268417 
 0,456392887383573 
 0,300592718035563 
 0,300592718035563 
 0,291278577476715 
 0,281964436917866 
 0,265029635901778 
 0,25571549534293 
 0,25571549534293 
 0,263336155800169 
 0,271803556308213 
 0,322607959356478 
 0,279424216765453 
 0,397121083827265 
 0,354784081287045 
 0,420829805249788 
 0,782387806943268 
 0,789161727349704 
 0,729043183742591 
 0,752751905165114 
 0,668077900084674 
 0,666384419983065 
 0,640982218458933 
 0,597798475867909 
 0,605419136325148 
 0,603725656223539 
 0,536833192209991 
 0,329381879762913 
 0,328535139712108 
 0,221845893310754 
 0,212531752751905 
 0,212531752751905 
 0,211685012701101 
 0,211685012701101 
 0,210838272650296 
 0,210838272650296 
 0,209991532599492 
 0,201524132091448 
 0,209144792548688 
 0,208298052497883 
 0,199830651989839 
 0,199830651989839 
 0,198983911939035 
 0,198983911939035 
 0,237933954276037 
 0,2692633361558 
 0,252328535139712 
 0,267569856054191 
 0,282811176968671 
 0,281964436917866 
 0,249788314987299 
 0,685012701100762 
 0,342082980524979 
 0,696867061812024 
 0,695173581710415 
 0,708721422523285 
 0,752751905165114 
 0,689246401354784 
 0,695173581710415 
 0,685012701100762 
 0,683319220999153 
 0,68839966130398 
 0,69432684165961 
 0,684165961049958 
 0,697713801862828 
 0,717188823031329 
 0,72311600338696 
 0,47502116850127 
 0,49618966977138 
 0,479254868755292 
 0,41151566469094 
 0,417442845046571 
 0,7307366638442 
 0,728196443691787 
 0,725656223539373 
 0,72311600338696 
 0,540220152413209 
 0,545300592718036 
 0,514817950889077 
 0,434377646062659 
 0,4614733276884 
 0,417442845046571 
 0,493649449618967 
 0,541066892464014 
 0,475867908552075 
 0,438611346316681 
 0,436917866215072 
 0,497883149872989 
 0,502963590177815 
 0,453005927180356 
 0,458086367485182 
 0,65961049957663 
 0,541913632514818 
 0,533446232006774 
 0,464013547840813 
 0,502116850127011 
 0,579170194750212 
 0,563928873835732 
 0,653683319220999 
 0,651143099068586 
 0,602032176121931 
 0,606265876375953 
 0,596951735817104 
 0,594411515664691 
 0,578323454699407 
 0,403048264182896 
 0,394580863674852 
 0,380186282811177 
 0,473327688399661 
 0,426756985605419 
 0,331075359864522 
 0,273497036409822 
 0,593564775613887 
 0,473327688399661 
 0,519898391193903 
 0,425910245554615 
 0,272650296359018 
 0,253175275190517 
 0,251481795088908 
 0,250635055038103 
 0,260795935647756 
 0,182895850973751 
 0,176121930567316 
 0,175275190516511 
 0,179508890770533 
 0,178662150719729 
 0,171888230313294 
 0,148179508890771 
 0,164267569856054 
 0,152413209144793 
 0,156646909398815 
 0,133784928027096 
 0,12701100762066 
 0,12108382726503 
 0,114309906858594 
 0,124470787468247 
 0,11346316680779 
 9,65283657917019E-02 
 9,06011854360711E-02 
 8,46740050804403E-02 
 7,87468247248095E-02 
 7,79000846740051E-02 
 8,29805249788315E-02 
 9,82218458933107E-02 
 0,102455546147333 
 0,111769686706181 
 0,110922946655377 
 0,110076206604572 
 0,109229466553768 
 0,11346316680779 
 0,117696867061812 
 0,126164267569856 
 0,125317527519052 
 0,119390347163421 
 0,14225232853514 
 0,12701100762066 
 0,121930567315834 
 0,125317527519052 
 0,115156646909399 
 0,114309906858594 
 0,12701100762066 
 0,12108382726503 
 0,116003386960203 
 0,10584250635055 
 0,109229466553768 
 0,126164267569856 
 0,129551227773074 
 0,132091447925487 
 0,131244707874682 
 0,121930567315834 
 0,220152413209145 
 0,292125317527519 
 0,305673158340389 
 0,31160033869602 
 0,280270956816257 
 0,166807790008467 
 0,145639288738357 
 0,132091447925487 
 0,131244707874682 
 0,121930567315834 
 0,11346316680779 
 0,104149026248942 
 0,110922946655377 
 0,109229466553768 
 9,73751058425063E-02 
 9,65283657917019E-02 
 9,22946655376799E-02 
 8,38272650296359E-02 
 7,95935647756139E-02 
 8,21337849280271E-02 
 8,46740050804403E-02 
 7,36663844199831E-02 
 6,60457239627434E-02 
 7,19729043183743E-02 
 6,43522438611346E-02 
 6,35055038103302E-02 
 5,92718035563082E-02 
 0,065198983911939 
 6,43522438611346E-02 
 6,01185436071126E-02 
 7,19729043183743E-02 
 7,62066045723963E-02 
 0,104149026248942 
 9,14479254868755E-02 
 7,87468247248095E-02 
 8,38272650296359E-02 
 7,36663844199831E-02 
 7,28196443691787E-02 
 0,069432684165961 
 0,065198983911939 
 6,68924640135478E-02 
 6,60457239627434E-02 
 0,065198983911939 
 6,18120237087214E-02 
 0,161727349703641 
 0,161727349703641 
 0,159187129551228 
 0,193056731583404 
 0,189669771380186 
 0,186282811176969 
 0,178662150719729 
 0,175275190516511 
 0,174428450465707 
 0,168501270110076 
 0,165961049957663 
 0,164267569856054 
 0,160880609652837 
 0,15580016934801 
 0,150719729043184 
 0,143945808636749 
 0,143945808636749 
 0,143099068585944 
 0,139712108382726 
 0,139712108382726 
 0,136325148179509 
 0,132938187976291 
 0,131244707874682 
 0,129551227773074 
 0,126164267569856 
 0,137171888230313 
 0,125317527519052 
 0,122777307366638 
 0,121930567315834 
 0,118543607112616 
 0,115156646909399 
 0,104149026248942 
 0,114309906858594 
 0,109229466553768 
 9,48348856900931E-02 
 9,14479254868755E-02 
 8,29805249788315E-02 
 7,45131244707875E-02 
 4,65707027942422E-02 
 0,044030482641829 
 4,06435224386113E-02 
 3,89500423370025E-02 
 3,89500423370025E-02 
 3,72565622353937E-02 
 3,55630821337849E-02 
 3,89500423370025E-02 
 3,89500423370025E-02 
 4,14902624894158E-02 
 3,89500423370025E-02 
 4,06435224386113E-02 
 4,65707027942422E-02 
 0,044030482641829 
 4,06435224386113E-02 
 4,06435224386113E-02 
 3,81033022861981E-02 
 3,55630821337849E-02 
 3,30228619813717E-02 
 3,04826418289585E-02 
 2,70956816257409E-02 
 2,45554614733277E-02 
 2,28619813717189E-02 
 2,03217612193057E-02 
 1,86282811176969E-02 
 1,77815410668925E-02 
 1,60880609652837E-02 
 1,18543607112616E-02 
 0,012701100762066 
 1,10076206604572E-02 
 9,31414055884843E-03 
 8,46740050804403E-03 
 6,77392040643522E-03 
 5,08044030482642E-03 
 4,23370025402202E-03 
 3,38696020321761E-03 
 2,54022015241321E-03 
 1,69348010160881E-03 
 1,69348010160881E-03 
 8,46740050804403E-04 
 8,46740050804403E-04 
 0 
 0 
 0 
 0 
 0 
 0 
 0 
 0 
 0 
 0 
 0 
 0 
 0 
 0 
 0 
 0 
 0 
 0 
 0 
 0 
 0 
 0 
 0 
 0 
 0 
 0 
 0 
 0 
 0 
 0 
 0 
 0 
 0 
 0 
 0 
 0 
 0 
 0 
 0 
 0 
 0 
 0 
 0 
 0 
 0 
 0 
 0 
 0 
 0 
 0 
 0 
 0 
 0 
 0 
 0 
 0 
 0 
 0 
 0 
 0 
 0 
 0 
 0 
 0 
 0 
 0 
 0 
 0 
 0 
 0 
 0 
 0 
 0 
 0 
 0 
 0 
 0 
 0 
 0 
 0 
 0 
 0 
 0 
 0 
 0 
 0 
 0 
 0 
 0 
 0 
 0 
 0 
 0 
 0 
 0 
 0 
 0 
 0 
 0 
 0 
 0 
 0 
 0 
 0 
 0 
 0 
 0 
 0 
 0 
 0 
 0 
 0 
 0 
 0 
 0 
 0 
 0 
 0 
 0 
 0 
 0 
 0 
 0 
 0 
 0 
 0 
 0 
 0 
 0 
 0 
 0 
 0 
 0 
 0 
 0 
 0 
 0 
 0 
 0 
 0 
 0 
 0 
 0 
 0 
 0 
 0 
 0 
 0 
 0 
 0 
 0 
 0 
 0 
 0 
 0 
 0 
 0 
 0 
 0 
 0 
 0 
 0 
 0 
 0 
 0 
 0 
 0 
 0 
 0 
 0 
 0 
 0 
 0 
 0 
 0 
 0 
 0 
 0 
 0 
 0 
 0 
 0 
 0 
 0 
 0 
 0 
 0 
 0 
 0 
 0 
 0 
 0 
 0 
 0 
 0 
 0 
 0 
 0 
 0 
 0 
 0 
 0 
 0 
 0 
 0 
 0 
 0 
 0 
 0 
 0 
 0 
 0 
 0 
 0 
 0 
 0 
 0 
 0 
 0 
 0 
 0 
 0 
 0 
 0 
 0 
 0 
 0 
 0 
 0 
 0 
 0 
 0 
 0 
 0 
 0 
 0 
 0 
 0 
 0 
 0 
 0 
 0 
 0 
 0 
 0 
 0 
 0 
 0 
 0 
 0 
 0 
 0 
 0 
 0 
 0 
 0 
 0 
 0 
 0 
 0 
 0 
 0 
 0 
 0 
 0 
 0 
 0 
 0 
 0 
 0 
 0 
 0 
 0 
 0 
 0 
 0 
 0 
 0 
 0 
 0 
 0 
 0 
 0 
 0 
 0 
 0 
 0 
 0 
 0 
 0 
 0 
 0 
 0 
 0 
 0 
 0 
 0 
 0 
 0 
 0 
 0 
 0 
 0 
 0 
 0 
 0 
 0 
 0 
 0 
 0 
 0 
