 0 
 0 
 0 
 0 
 0 
 0 
 0 
 0 
 0 
 0 
 0 
 0 
 0 
 0 
 0 
 0 
 0 
 0 
 0 
 0 
 0 
 0 
 0 
 0 
 0 
 0 
 0 
 0 
 0 
 0 
 0 
 0 
 0 
 0 
 0 
 0 
 0 
 0 
 0 
 0 
 0 
 0 
 0 
 0 
 0 
 0 
 0 
 0 
 0 
 0 
 0 
 0 
 0 
 0 
 0 
 0 
 0 
 0 
 0 
 0 
 0 
 0 
 0 
 0 
 0 
 0 
 0 
 0 
 0 
 0 
 0 
 0 
 0 
 0 
 0 
 0 
 0 
 0 
 0 
 0 
 0 
 0 
 0 
 0 
 0 
 0 
 0 
 0 
 0 
 0 
 0 
 0 
 0 
 0 
 0 
 0 
 0 
 0 
 0 
 0 
 0 
 0 
 0 
 0 
 0 
 0 
 0 
 0 
 0 
 0 
 0 
 0 
 0 
 0 
 0 
 0 
 0 
 0 
 0 
 0 
 0 
 0 
 0 
 0 
 0 
 0 
 0 
 0 
 0 
 0 
 0 
 0 
 0 
 0 
 0 
 0 
 0 
 0 
 0 
 0 
 0 
 0 
 0 
 0 
 0 
 0 
 0 
 0 
 0 
 0 
 0 
 0 
 0 
 0 
 0 
 0 
 0 
 0 
 0 
 0 
 0 
 0 
 0 
 0 
 0 
 0 
 0 
 0 
 0 
 0 
 0 
 0 
 0 
 0 
 0 
 0 
 0 
 0 
 0 
 0 
 0 
 0 
 0 
 0 
 0 
 0 
 0 
 0 
 0 
 0 
 0 
 0 
 0 
 0 
 0 
 0 
 0 
 0 
 0 
 0 
 0 
 0 
 0 
 0 
 0 
 0 
 0 
 0 
 0 
 0 
 0 
 0 
 0 
 0 
 0 
 0 
 0 
 0 
 0 
 0 
 0 
 0 
 0 
 0 
 0 
 0 
 0 
 0 
 0 
 0 
 0 
 0 
 0 
 0 
 0 
 0 
 0 
 0 
 0 
 0 
 0 
 0 
 0 
 0 
 0 
 0 
 0 
 0 
 0 
 0 
 0 
 0 
 0 
 0 
 0 
 0 
 0 
 0 
 0 
 0 
 0 
 0 
 0 
 0 
 0 
 0 
 0 
 0 
 0 
 0 
 0 
 0 
 0 
 0 
 0 
 0 
 0 
 0 
 0 
 0 
 0 
 0 
 0 
 0 
 0 
 0 
 0 
 0 
 0 
 0 
 0 
 0 
 0 
 0 
 0 
 0 
 0 
 0 
 0 
 0 
 0 
 0 
 0 
 0 
 0 
 0 
 0 
 0 
 0 
 0 
 0 
 0 
 0 
 0 
 0 
 0 
 0 
 0 
 0 
 0 
 0 
 0 
 0 
 0 
 0 
 0 
 0 
 0 
 0 
 0 
 0 
 0 
 0 
 0 
 0 
 0 
 0 
 0 
 0 
 0 
 0 
 0 
 0 
 0 
 0 
 0 
 0 
 0 
 0 
 0 
 0 
 0 
 0 
 0 
 0 
 0 
 0 
 0 
 0 
 0 
 0 
 0 
 0 
 0 
 0 
 0 
 0 
 0 
 0 
 0 
 0 
 0 
 0 
 0 
 0 
 0 
 0 
 0 
 0 
 0 
 0 
 0 
 0 
 0 
 0 
 0 
 0 
 0 
 0 
 0 
 0 
 0 
 0 
 0 
 0 
 0 
 0 
 0 
 0 
 0 
 0 
 0 
 0 
 0 
 0 
 0 
 0 
 0 
 0 
 0 
 0 
 0 
 0 
 0 
 0 
 0 
 0 
 0 
 0 
 0 
 0 
 0 
 0 
 0 
 0 
 0 
 0 
 0 
 0 
 0 
 0 
 0 
 0 
 0 
 0 
 8,46740050804403E-04 
 8,46740050804403E-04 
 8,46740050804403E-04 
 8,46740050804403E-04 
 1,69348010160881E-03 
 1,69348010160881E-03 
 2,54022015241321E-03 
 3,38696020321761E-03 
 3,38696020321761E-03 
 4,23370025402202E-03 
 4,23370025402202E-03 
 5,92718035563082E-03 
 6,77392040643522E-03 
 8,46740050804403E-03 
 8,46740050804403E-03 
 8,46740050804403E-03 
 7,62066045723963E-03 
 8,46740050804403E-03 
 1,10076206604572E-02 
 0,012701100762066 
 1,43945808636749E-02 
 1,60880609652837E-02 
 1,69348010160881E-02 
 1,77815410668925E-02 
 2,20152413209145E-02 
 2,28619813717189E-02 
 2,79424216765453E-02 
 2,96359017781541E-02 
 3,13293818797629E-02 
 3,13293818797629E-02 
 3,04826418289585E-02 
 3,30228619813717E-02 
 3,38696020321761E-02 
 3,38696020321761E-02 
 2,87891617273497E-02 
 2,96359017781541E-02 
 3,13293818797629E-02 
 3,30228619813717E-02 
 3,38696020321761E-02 
 6,01185436071126E-02 
 9,73751058425063E-02 
 9,82218458933107E-02 
 8,46740050804403E-02 
 8,55207451312447E-02 
 8,89077053344623E-02 
 9,14479254868755E-02 
 0,119390347163421 
 0,123624047417443 
 0,12701100762066 
 0,119390347163421 
 0,1346316680779 
 0,138865368331922 
 0,14225232853514 
 0,146486028789162 
 0,149872988992379 
 0,152413209144793 
 0,156646909398815 
 0,116850127011008 
 0,12108382726503 
 0,121930567315834 
 0,109229466553768 
 0,14225232853514 
 0,165114309906859 
 0,171041490262489 
 0,176121930567316 
 0,171888230313294 
 0,161727349703641 
 0,16342082980525 
 0,164267569856054 
 0,167654530059272 
 0,171041490262489 
 0,169348010160881 
 0,17696867061812 
 0,177815410668925 
 0,187976291278577 
 0,188823031329382 
 0,192209991532599 
 0,204911092294666 
 0,210838272650296 
 0,211685012701101 
 0,215918712955123 
 0,208298052497883 
 0,209144792548688 
 0,209991532599492 
 0,215918712955123 
 0,21930567315834 
 0,225232853513971 
 0,20575783234547 
 0,208298052497883 
 0,214225232853514 
 0,223539373412362 
 0,226079593564776 
 0,237933954276037 
 0,244707874682472 
 0,222692633361558 
 0,153259949195597 
 0,161727349703641 
 0,166807790008467 
 0,153259949195597 
 0,167654530059272 
 0,156646909398815 
 0,154953429297206 
 0,156646909398815 
 0,176121930567316 
 0,181202370872142 
 0,187129551227773 
 0,178662150719729 
 0,191363251481795 
 0,189669771380186 
 0,180355630821338 
 0,175275190516511 
 0,181202370872142 
 0,175275190516511 
 0,17696867061812 
 0,143945808636749 
 0,144792548687553 
 0,14225232853514 
 0,164267569856054 
 0,201524132091448 
 0,207451312447079 
 0,197290431837426 
 0,207451312447079 
 0,21337849280271 
 0,211685012701101 
 0,161727349703641 
 6,85859441151566E-02 
 0,069432684165961 
 7,45131244707875E-02 
 7,53598645215919E-02 
 9,82218458933107E-02 
 9,90685859441152E-02 
 0,104149026248942 
 0,150719729043184 
 0,151566469093988 
 0,153259949195597 
 0,144792548687553 
 0,146486028789162 
 0,151566469093988 
 0,153259949195597 
 0,154106689246401 
 0,160033869602032 
 0,156646909398815 
 0,157493649449619 
 0,133784928027096 
 0,139712108382726 
 0,141405588484335 
 0,152413209144793 
 0,173581710414903 
 0,170194750211685 
 0,196443691786621 
 0,214225232853514 
 0,193903471634208 
 0,195596951735817 
 0,207451312447079 
 0,21930567315834 
 0,253175275190517 
 0,259949195596952 
 0,267569856054191 
 0,132091447925487 
 0,132938187976291 
 0,116850127011008 
 0,128704487722269 
 0,123624047417443 
 0,107535986452159 
 0,108382726502964 
 0,103302286198137 
 9,22946655376799E-02 
 9,22946655376799E-02 
 0,104995766299746 
 9,99153259949196E-02 
 9,99153259949196E-02 
 0,100762066045724 
 9,56816257408975E-02 
 9,56816257408975E-02 
 9,06011854360711E-02 
 9,65283657917019E-02 
 9,14479254868755E-02 
 0,104149026248942 
 0,128704487722269 
 0,129551227773074 
 0,111769686706181 
 0,112616426756986 
 0,112616426756986 
 0,11346316680779 
 0,120237087214225 
 0,12108382726503 
 0,12108382726503 
 0,1346316680779 
 0,122777307366638 
 0,122777307366638 
 0,123624047417443 
 0,117696867061812 
 0,124470787468247 
 0,138865368331922 
 0,132938187976291 
 0,126164267569856 
 0,541913632514818 
 0,536833192209991 
 0,539373412362405 
 0,352243861134632 
 0,367485182049111 
 0,36155800169348 
 0,41151566469094 
 0,578323454699407 
 0,58086367485182 
 0,575783234546994 
 0,578323454699407 
 0,580016934801016 
 0,61727349703641 
 0,563928873835732 
 0,601185436071126 
 0,518204911092295 
 0,513124470787468 
 0,514817950889077 
 0,530906011854361 
 0,53259949195597 
 0,484335309060119 
 0,406435224386113 
 0,378492802709568 
 0,328535139712108 
 0,314987298899238 
 0,470787468247248 
 0,419983065198984 
 0,370025402201524 
 0,378492802709568 
 0,380186282811177 
 0,410668924640135 
 0,397121083827265 
 0,398814563928874 
 0,293818797629128 
 0,287044877222693 
 0,265876375952583 
 0,251481795088908 
 0,336155800169348 
 0,344623200677392 
 0,330228619813717 
 0,284504657070279 
 0,270110076206605 
 0,270956816257409 
 0,333615580016935 
 0,373412362404742 
 0,39034716342083 
 0,320914479254869 
 0,314140558848434 
 0,629127857747671 
 0,607112616426757 
 0,608806096528366 
 0,546994072819644 
 0,572396274343776 
 0,573243014394581 
 0,558848433530906 
 0,535986452159187 
 0,545300592718036 
 0,602878916172735 
 0,604572396274344 
 0,629974597798476 
 0,679932260795936 
 0,633361558001693 
 0,593564775613887 
 0,65198983911939 
 0,653683319220999 
 0,654530059271804 
 0,656223539373412 
 0,501270110076207 
 0,486028789161727 
 0,478408128704488 
 0,827265029635902 
 0,828958509737511 
 0,829805249788315 
 0,607112616426757 
 0,607959356477561 
 0,634208298052498 
 0,618966977138019 
 0,535986452159187 
 0,579170194750212 
 0,740050804403048 
 0,740897544453853 
 0,734123624047417 
 0,734970364098222 
 0,736663844199831 
 0,737510584250635 
 0,772226926333616 
 0,76545300592718 
 0,749364944961897 
 0,776460626587638 
 0,700254022015241 
 0,710414902624894 
 0,702794242167655 
 0,703640982218459 
 0,704487722269263 
 0,722269263336156 
 0,732430143945809 
 0,758679085520745 
 0,751058425063506 
 0,75190516511431 
 0,571549534292972 
 0,572396274343776 
 0,537679932260796 
 0,530059271803556 
 0,539373412362405 
 0,522438611346317 
 0,610499576629975 
 0,671464860287892 
 0,550381033022862 
 0,52497883149873 
 0,875529212531753 
 0,876375952582557 
 0,876375952582557 
 0,877222692633362 
 0,878069432684166 
 0,87891617273497 
 0,879762912785775 
 0,872142252328535 
 0,590177815410669 
 0,591024555461473 
 0,670618120237087 
 0,689246401354784 
 0,424216765453006 
 0,441998306519898 
 0,238780694326842 
 0,230313293818798 
 0,301439458086367 
 0,292972057578323 
 0,310753598645216 
 0,265876375952583 
 0,302286198137172 
 0,302286198137172 
 0,302286198137172 
 0,320067739204064 
 0,284504657070279 
 0,276037256562235 
 0,266723116003387 
 0,258255715495343 
 0,267569856054191 
 0,258255715495343 
 0,249788314987299 
 0,222692633361558 
 0,232006773920406 
 0,24047417442845 
 0,249788314987299 
 0,259102455546147 
 0,285351397121084 
 0,338696020321761 
 0,357324301439458 
 0,339542760372566 
 0,339542760372566 
 0,339542760372566 
 0,34801016088061 
 0,383573243014395 
 0,383573243014395 
 0,365791701947502 
 0,34801016088061 
 0,34801016088061 
 0,330228619813717 
 0,338696020321761 
 0,356477561388654 
 0,374259102455546 
 0,356477561388654 
 0,364944961896698 
 0,364944961896698 
 0,356477561388654 
 0,347163420829805 
 0,489415749364945 
 0,542760372565622 
 0,489415749364945 
 0,515664690939881 
 0,551227773073666 
 0,550381033022862 
 0,594411515664691 
 0,443691786621507 
 0,452159187129551 
 0,452159187129551 
 0,478408128704488 
 0,42506350550381 
 0,469093988145639 
 0,645215918712955 
 0,582557154953429 
 0,574089754445385 
 0,546994072819644 
 0,573243014394581 
 0,660457239627434 
 0,65961049957663 
 0,633361558001693 
 0,526672311600339 
 0,685012701100762 
 0,684165961049958 
 0,691786621507197 
 0,691786621507197 
 0,690939881456393 
 0,672311600338696 
 0,87298899237934 
 0,871295512277731 
 0,870448772226926 
 0,869602032176122 
 0,868755292125318 
 0,867908552074513 
 0,867061812023709 
 0,866215071972904 
 0,864521591871296 
 0,863674851820491 
 0,862828111769687 
 0,861134631668078 
 0,860287891617273 
 0,859441151566469 
 0,85774767146486 
 0,856900931414056 
 0,855207451312447 
 0,854360711261643 
 0,853513971210838 
 0,851820491109229 
 0,850127011007621 
 0,849280270956816 
 0,847586790855207 
 0,829805249788315 
 0,828111769686706 
 0,683319220999153 
 0,682472480948349 
 0,714648602878916 
 0,722269263336156 
 0,720575783234547 
 0,711261642675699 
 0,75952582557155 
 0,750211685012701 
 0,756985605419136 
 0,763759525825571 
 0,754445385266723 
 0,752751905165114 
 0,528365791701948 
 0,700254022015241 
 0,789161727349704 
 0,787468247248095 
 0,785774767146486 
 0,784081287044877 
 0,725656223539373 
 0,723962743437765 
 0,714648602878916 
 0,388653683319221 
 0,453005927180356 
 0,483488569009314 
 0,507197290431837 
 0,473327688399661 
 0,672311600338696 
 0,679085520745131 
 0,661303979678239 
 0,635901778154107 
 0,634208298052498 
 0,632514817950889 
 0,63082133784928 
 0,621507197290432 
 0,619813717188823 
 0,265876375952583 
 0,343776460626588 
 0,342929720575783 
 0,342082980524979 
 0,348856900931414 
 0,347163420829805 
 0,662150719729043 
 0,652836579170195 
 0,612193056731583 
 0,610499576629975 
 0,388653683319221 
 0,379339542760373 
 0,386113463166808 
 0,414902624894157 
 0,75190516511431 
 0,749364944961897 
 0,747671464860288 
 0,745131244707875 
 0,742591024555461 
 0,740050804403048 
 0,737510584250635 
 0,735817104149026 
 0,733276883996613 
 0,7307366638442 
 0,728196443691787 
 0,725656223539373 
 0,72311600338696 
 0,720575783234547 
 0,718035563082134 
 0,715495342929721 
 0,712955122777307 
 0,710414902624894 
 0,573243014394581 
 0,570702794242168 
 0,575783234546994 
 0,58086367485182 
 0,578323454699407 
 0,451312447078747 
 0,380186282811177 
 0,399661303979678 
 0,377646062658764 
 0,38272650296359 
 0,421676545300593 
 0,494496189669771 
 0,492802709568163 
 0,476714648602879 
 0,629127857747671 
 0,626587637595258 
 0,629974597798476 
 0,653683319220999 
 0,651143099068586 
 0,654530059271804 
 0,65198983911939 
 0,648602878916173 
 0,64606265876376 
 0,642675698560542 
 0,639288738357324 
 0,636748518204911 
 0,633361558001693 
 0,63082133784928 
 0,627434377646063 
 0,624047417442845 
 0,621507197290432 
 0,618120237087214 
 0,614733276883997 
 0,612193056731583 
 0,608806096528366 
 0,605419136325148 
 0,602032176121931 
 0,599491955969517 
 0,5961049957663 
 0,592718035563082 
 0,589331075359865 
 0,585944115156647 
 0,583403895004234 
 0,580016934801016 
 0,576629974597799 
 0,573243014394581 
 0,569856054191363 
 0,566469093988146 
 0,563082133784928 
 0,55969517358171 
 0,556308213378493 
 0,491955969517358 
 0,483488569009314 
 0,480948348856901 
 0,260795935647756 
 0,259102455546147 
 0,262489415749365 
 0,309060118543607 
 0,275190516511431 
 0,268416596104996 
 0,265876375952583 
 0,310753598645216 
 0,282811176968671 
 0,265876375952583 
 0,325148179508891 
 0,317527519051651 
 0,315834038950042 
 0,173581710414903 
 0,192209991532599 
 0,195596951735817 
 0,198983911939035 
 0,19813717188823 
 0,196443691786621 
 0,199830651989839 
 0,160033869602032 
 0,16342082980525 
 0,166807790008467 
 0,160880609652837 
 0,150719729043184 
 0,149872988992379 
 0,143945808636749 
 0,138018628281118 
 0,141405588484335 
 0,131244707874682 
 0,126164267569856 
 0,125317527519052 
 0,119390347163421 
 0,110076206604572 
 0,104995766299746 
 7,45131244707875E-02 
 7,02794242167655E-02 
 0,069432684165961 
 6,85859441151566E-02 
 6,43522438611346E-02 
 6,77392040643522E-02 
 6,68924640135478E-02 
 6,60457239627434E-02 
 0,065198983911939 
 0,060965283657917 
 7,19729043183743E-02 
 7,87468247248095E-02 
 7,36663844199831E-02 
 7,28196443691787E-02 
 8,63674851820491E-02 
 8,55207451312447E-02 
 8,12870448772227E-02 
 8,38272650296359E-02 
 9,65283657917019E-02 
 0,102455546147333 
 9,48348856900931E-02 
 9,65283657917019E-02 
 8,21337849280271E-02 
 8,12870448772227E-02 
 8,04403048264183E-02 
 7,02794242167655E-02 
 6,60457239627434E-02 
 0,065198983911939 
 7,62066045723963E-02 
 7,53598645215919E-02 
 7,19729043183743E-02 
 7,62066045723963E-02 
 7,87468247248095E-02 
 8,29805249788315E-02 
 8,21337849280271E-02 
 8,04403048264183E-02 
 7,70533446232007E-02 
 7,53598645215919E-02 
 7,45131244707875E-02 
 7,36663844199831E-02 
 0,128704487722269 
 0,129551227773074 
 0,144792548687553 
 0,138018628281118 
 0,140558848433531 
 0,140558848433531 
 0,119390347163421 
 0,117696867061812 
 0,117696867061812 
 0,135478408128704 
 0,135478408128704 
 0,130397967823878 
 0,126164267569856 
 0,12108382726503 
 0,11346316680779 
 0,110922946655377 
 0,112616426756986 
 0,110076206604572 
 0,100762066045724 
 9,48348856900931E-02 
 9,39881456392887E-02 
 0,100762066045724 
 9,56816257408975E-02 
 9,65283657917019E-02 
 0,104149026248942 
 0,103302286198137 
 9,39881456392887E-02 
 6,01185436071126E-02 
 5,75783234546994E-02 
 5,58848433530906E-02 
 6,26587637595258E-02 
 0,060965283657917 
 5,75783234546994E-02 
 5,58848433530906E-02 
 0,056731583403895 
 0,048264182895851 
 4,65707027942422E-02 
 4,48772226926334E-02 
 4,31837425910246E-02 
 3,04826418289585E-02 
 3,04826418289585E-02 
 3,38696020321761E-02 
 3,30228619813717E-02 
 2,87891617273497E-02 
 2,70956816257409E-02 
 2,62489415749365E-02 
 2,54022015241321E-02 
 2,20152413209145E-02 
 2,20152413209145E-02 
 2,20152413209145E-02 
 1,94750211685013E-02 
 1,86282811176969E-02 
 1,77815410668925E-02 
 1,60880609652837E-02 
 1,69348010160881E-02 
 1,60880609652837E-02 
 1,35478408128704E-02 
 1,18543607112616E-02 
 1,18543607112616E-02 
 1,10076206604572E-02 
 1,10076206604572E-02 
 1,77815410668925E-02 
 1,69348010160881E-02 
 1,52413209144793E-02 
 1,35478408128704E-02 
 1,18543607112616E-02 
 1,10076206604572E-02 
 8,46740050804403E-03 
 7,62066045723963E-03 
 6,77392040643522E-03 
 5,92718035563082E-03 
 5,08044030482642E-03 
 4,23370025402202E-03 
 4,23370025402202E-03 
 4,23370025402202E-03 
 4,23370025402202E-03 
 2,54022015241321E-03 
 1,69348010160881E-03 
 8,46740050804403E-04 
 8,46740050804403E-04 
 8,46740050804403E-04 
 0 
 0 
 0 
 0 
 0 
 0 
 0 
 0 
 0 
 0 
 0 
 0 
 0 
 0 
 0 
 0 
 0 
 0 
 0 
 0 
 0 
 0 
 0 
 0 
 0 
 0 
 0 
 0 
 0 
 0 
 0 
 0 
 0 
 0 
 0 
 0 
 0 
 0 
 0 
 0 
 0 
 0 
 0 
 0 
 0 
 0 
 0 
 0 
 0 
 0 
 0 
 0 
 0 
 0 
 0 
 0 
 0 
 0 
 0 
 0 
 0 
 0 
 0 
 0 
 0 
 0 
 0 
 0 
 0 
 0 
 0 
 0 
 0 
 0 
 0 
 0 
 0 
 0 
 0 
 0 
 0 
 0 
 0 
 0 
 0 
 0 
 0 
 0 
 0 
 0 
 0 
 0 
 0 
 0 
 0 
 0 
 0 
 0 
 0 
 0 
 0 
 0 
 0 
 0 
 0 
 0 
 0 
 0 
 0 
 0 
 0 
 0 
 0 
 0 
 0 
 0 
 0 
 0 
 0 
 0 
 0 
 0 
 0 
 0 
 0 
 0 
 0 
 0 
 0 
 0 
 0 
 0 
 0 
 0 
 0 
 0 
 0 
 0 
 0 
 0 
 0 
 0 
 0 
 0 
 0 
 0 
 0 
 0 
 0 
 0 
 0 
 0 
 0 
 0 
 0 
 0 
 0 
 0 
 0 
 0 
 0 
 0 
 0 
 0 
 0 
 0 
 0 
 0 
 0 
 0 
 0 
 0 
 0 
 0 
 0 
 0 
 0 
 0 
 0 
 0 
 0 
 0 
 0 
 0 
 0 
 0 
 0 
 0 
 0 
 0 
 0 
 0 
 0 
 0 
 0 
 0 
 0 
 0 
 0 
 0 
 0 
 0 
 0 
 0 
 0 
 0 
 0 
 0 
 0 
 0 
 0 
 0 
 0 
 0 
 0 
 0 
 0 
 0 
 0 
 0 
 0 
 0 
 0 
 0 
 0 
 0 
 0 
 0 
 0 
 0 
 0 
 0 
 0 
 0 
 0 
 0 
 0 
 0 
 0 
 0 
 0 
 0 
 0 
 0 
 0 
 0 
 0 
 0 
 0 
 0 
 0 
 0 
 0 
 0 
 0 
 0 
 0 
 0 
 0 
 0 
 0 
 0 
 0 
 0 
 0 
 0 
 0 
 0 
 0 
 0 
 0 
 0 
 0 
 0 
 0 
 0 
 0 
 0 
 0 
 0 
 0 
 0 
 0 
 0 
 0 
 0 
 0 
 0 
 0 
 0 
 0 
 0 
 0 
 0 
 0 
 0 
 0 
 0 
 0 
 0 
 0 
 0 
 0 
 0 
 0 
 0 
 0 
 0 
 0 
 0 
 0 
 0 
 0 
