 0 
 0 
 0 
 0 
 0 
 0 
 0 
 0 
 0 
 0 
 0 
 0 
 0 
 0 
 0 
 0 
 0 
 0 
 0 
 0 
 0 
 0 
 0 
 0 
 0 
 0 
 0 
 0 
 0 
 0 
 0 
 0 
 0 
 0 
 0 
 0 
 0 
 0 
 0 
 0 
 0 
 0 
 0 
 0 
 0 
 0 
 0 
 0 
 0 
 0 
 0 
 0 
 0 
 0 
 0 
 0 
 0 
 0 
 0 
 0 
 0 
 0 
 0 
 0 
 0 
 0 
 0 
 0 
 0 
 0 
 0 
 0 
 0 
 0 
 0 
 0 
 0 
 0 
 0 
 0 
 0 
 0 
 0 
 0 
 0 
 0 
 0 
 0 
 0 
 0 
 0 
 0 
 0 
 0 
 0 
 0 
 0 
 0 
 0 
 0 
 0 
 0 
 0 
 0 
 0 
 0 
 0 
 0 
 0 
 0 
 0 
 0 
 0 
 0 
 0 
 0 
 0 
 0 
 0 
 0 
 0 
 0 
 0 
 0 
 0 
 0 
 0 
 0 
 0 
 0 
 0 
 0 
 0 
 0 
 0 
 0 
 0 
 0 
 0 
 0 
 0 
 0 
 0 
 0 
 0 
 0 
 0 
 0 
 0 
 0 
 0 
 0 
 0 
 0 
 0 
 0 
 0 
 0 
 0 
 0 
 0 
 0 
 0 
 0 
 0 
 0 
 0 
 0 
 0 
 0 
 0 
 0 
 0 
 0 
 0 
 0 
 0 
 0 
 0 
 0 
 0 
 0 
 0 
 0 
 0 
 0 
 0 
 0 
 0 
 0 
 0 
 0 
 0 
 0 
 0 
 0 
 0 
 0 
 0 
 0 
 0 
 0 
 0 
 0 
 0 
 0 
 0 
 0 
 0 
 0 
 0 
 0 
 0 
 0 
 0 
 0 
 0 
 0 
 0 
 0 
 0 
 0 
 0 
 0 
 0 
 0 
 0 
 0 
 0 
 0 
 0 
 0 
 0 
 0 
 0 
 0 
 0 
 0 
 0 
 0 
 0 
 0 
 0 
 0 
 0 
 0 
 0 
 0 
 0 
 0 
 0 
 0 
 0 
 0 
 0 
 0 
 0 
 0 
 0 
 0 
 0 
 0 
 0 
 0 
 0 
 0 
 0 
 0 
 0 
 0 
 0 
 0 
 0 
 0 
 0 
 0 
 0 
 0 
 0 
 0 
 0 
 0 
 0 
 0 
 0 
 0 
 0 
 0 
 0 
 0 
 0 
 0 
 0 
 0 
 0 
 0 
 0 
 0 
 0 
 0 
 0 
 0 
 0 
 0 
 0 
 0 
 0 
 0 
 0 
 0 
 0 
 0 
 0 
 0 
 0 
 0 
 0 
 0 
 0 
 0 
 0 
 0 
 0 
 0 
 0 
 0 
 0 
 0 
 0 
 0 
 0 
 0 
 0 
 0 
 0 
 0 
 0 
 0 
 0 
 0 
 0 
 0 
 0 
 0 
 0 
 0 
 0 
 0 
 0 
 0 
 0 
 0 
 0 
 0 
 0 
 0 
 0 
 0 
 0 
 0 
 0 
 0 
 0 
 0 
 0 
 0 
 0 
 0 
 0 
 0 
 0 
 0 
 0 
 0 
 0 
 0 
 0 
 0 
 0 
 0 
 0 
 0 
 0 
 0 
 0 
 0 
 0 
 0 
 0 
 0 
 0 
 0 
 0 
 0 
 0 
 0 
 0 
 0 
 0 
 0 
 0 
 0 
 0 
 0 
 0 
 0 
 0 
 0 
 0 
 0 
 0 
 0 
 0 
 0 
 0 
 0 
 0 
 0 
 0 
 0 
 0 
 0 
 0 
 0 
 0 
 0 
 0 
 0 
 0 
 0 
 0 
 0 
 0 
 0 
 8,46740050804403E-04 
 8,46740050804403E-04 
 1,69348010160881E-03 
 1,69348010160881E-03 
 2,54022015241321E-03 
 3,38696020321761E-03 
 4,23370025402202E-03 
 5,92718035563082E-03 
 6,77392040643522E-03 
 8,46740050804403E-03 
 9,31414055884843E-03 
 1,10076206604572E-02 
 0,012701100762066 
 1,35478408128704E-02 
 1,52413209144793E-02 
 1,77815410668925E-02 
 1,94750211685013E-02 
 2,20152413209145E-02 
 2,45554614733277E-02 
 2,62489415749365E-02 
 2,87891617273497E-02 
 3,04826418289585E-02 
 3,30228619813717E-02 
 3,47163420829805E-02 
 3,64098221845893E-02 
 3,89500423370025E-02 
 3,97967823878069E-02 
 0,044030482641829 
 4,57239627434378E-02 
 0,048264182895851 
 5,92718035563082E-02 
 6,26587637595258E-02 
 6,60457239627434E-02 
 5,75783234546994E-02 
 3,13293818797629E-02 
 7,62066045723963E-02 
 7,95935647756139E-02 
 8,29805249788315E-02 
 8,63674851820491E-02 
 9,06011854360711E-02 
 9,39881456392887E-02 
 9,73751058425063E-02 
 7,95935647756139E-02 
 8,72142252328535E-02 
 5,75783234546994E-02 
 5,84250635055038E-02 
 4,48772226926334E-02 
 0,044030482641829 
 4,23370025402202E-02 
 3,97967823878069E-02 
 3,89500423370025E-02 
 5,41913632514818E-02 
 5,92718035563082E-02 
 6,01185436071126E-02 
 5,58848433530906E-02 
 6,01185436071126E-02 
 6,60457239627434E-02 
 6,43522438611346E-02 
 6,60457239627434E-02 
 6,77392040643522E-02 
 0,069432684165961 
 6,60457239627434E-02 
 0,069432684165961 
 7,11261642675699E-02 
 5,92718035563082E-02 
 6,26587637595258E-02 
 0,069432684165961 
 7,11261642675699E-02 
 7,28196443691787E-02 
 8,21337849280271E-02 
 8,12870448772227E-02 
 7,70533446232007E-02 
 7,79000846740051E-02 
 8,38272650296359E-02 
 7,87468247248095E-02 
 7,79000846740051E-02 
 7,70533446232007E-02 
 9,06011854360711E-02 
 9,39881456392887E-02 
 8,38272650296359E-02 
 8,72142252328535E-02 
 9,39881456392887E-02 
 9,31414055884843E-02 
 0,104995766299746 
 0,109229466553768 
 0,107535986452159 
 0,147332768839966 
 0,147332768839966 
 0,149026248941575 
 0,270956816257409 
 0,272650296359018 
 0,276037256562235 
 0,267569856054191 
 0,268416596104996 
 0,2692633361558 
 0,232006773920406 
 0,197290431837426 
 0,146486028789162 
 0,148179508890771 
 0,27688399661304 
 0,237087214225233 
 0,246401354784081 
 0,249788314987299 
 0,25571549534293 
 0,307366638441998 
 0,335309060118544 
 0,331922099915326 
 0,331922099915326 
 0,328535139712108 
 0,331922099915326 
 0,306519898391194 
 0,305673158340389 
 0,304826418289585 
 0,228619813717189 
 0,215071972904318 
 0,225232853513971 
 0,18458933107536 
 0,186282811176969 
 0,187976291278577 
 0,161727349703641 
 0,150719729043184 
 0,17696867061812 
 0,128704487722269 
 0,129551227773074 
 0,139712108382726 
 0,136325148179509 
 0,146486028789162 
 0,151566469093988 
 0,153259949195597 
 0,159187129551228 
 0,187129551227773 
 0,175275190516511 
 0,149026248941575 
 0,150719729043184 
 0,160880609652837 
 0,157493649449619 
 0,159187129551228 
 0,160033869602032 
 0,176121930567316 
 0,210838272650296 
 0,207451312447079 
 0,170194750211685 
 0,166807790008467 
 0,153259949195597 
 0,159187129551228 
 0,135478408128704 
 0,12108382726503 
 0,132091447925487 
 0,138018628281118 
 0,143945808636749 
 0,144792548687553 
 0,156646909398815 
 0,162574089754445 
 0,158340389500423 
 0,159187129551228 
 0,160880609652837 
 0,166807790008467 
 0,168501270110076 
 0,174428450465707 
 0,165114309906859 
 0,160033869602032 
 0,160880609652837 
 0,162574089754445 
 0,16342082980525 
 0,175275190516511 
 0,165114309906859 
 0,177815410668925 
 0,253175275190517 
 0,277730736663844 
 0,279424216765453 
 0,304826418289585 
 0,300592718035563 
 0,50381033022862 
 0,494496189669771 
 0,497036409822185 
 0,499576629974598 
 0,508044030482642 
 0,395427603725656 
 0,611346316680779 
 0,614733276883997 
 0,618120237087214 
 0,620660457239627 
 0,624047417442845 
 0,627434377646063 
 0,629974597798476 
 0,633361558001693 
 0,635901778154107 
 0,639288738357324 
 0,642675698560542 
 0,645215918712955 
 0,648602878916173 
 0,651143099068586 
 0,654530059271804 
 0,657070279424217 
 0,653683319220999 
 0,649449618966977 
 0,658763759525826 
 0,662150719729043 
 0,644369178662151 
 0,661303979678239 
 0,365791701947502 
 0,367485182049111 
 0,36155800169348 
 0,349703640982218 
 0,351397121083827 
 0,386960203217612 
 0,520745131244708 
 0,473327688399661 
 0,475867908552075 
 0,469940728196444 
 0,430143945808637 
 0,424216765453006 
 0,44030482641829 
 0,634208298052498 
 0,600338696020322 
 0,624047417442845 
 0,618966977138019 
 0,621507197290432 
 0,624047417442845 
 0,516511430990686 
 0,47502116850127 
 0,483488569009314 
 0,477561388653683 
 0,449618966977138 
 0,429297205757832 
 0,541913632514818 
 0,439458086367485 
 0,447925486875529 
 0,441998306519898 
 0,413209144792549 
 0,430143945808637 
 0,56731583403895 
 0,637595258255716 
 0,639288738357324 
 0,640982218458933 
 0,604572396274344 
 0,606265876375953 
 0,607959356477561 
 0,61727349703641 
 0,618966977138019 
 0,629127857747671 
 0,63082133784928 
 0,640135478408129 
 0,68077900084674 
 0,784928027095682 
 0,78662150719729 
 0,789161727349704 
 0,790855207451312 
 0,792548687552921 
 0,795088907705334 
 0,796782387806943 
 0,798475867908552 
 0,800169348010161 
 0,802709568162574 
 0,804403048264183 
 0,806096528365792 
 0,8077900084674 
 0,809483488569009 
 0,811176968670618 
 0,813717188823031 
 0,81541066892464 
 0,817104149026249 
 0,818797629127858 
 0,820491109229467 
 0,822184589331075 
 0,823878069432684 
 0,825571549534293 
 0,827265029635902 
 0,812023708721422 
 0,813717188823031 
 0,82303132938188 
 0,824724809483489 
 0,826418289585097 
 0,802709568162574 
 0,511430990685859 
 0,713801862828112 
 0,327688399661304 
 0,328535139712108 
 0,320914479254869 
 0,329381879762913 
 0,330228619813717 
 0,245554614733277 
 0,237933954276037 
 0,246401354784081 
 0,264182895850974 
 0,25571549534293 
 0,265029635901778 
 0,273497036409822 
 0,265876375952583 
 0,257408975444539 
 0,275190516511431 
 0,292125317527519 
 0,223539373412362 
 0,362404741744284 
 0,345469940728196 
 0,363251481795089 
 0,354784081287045 
 0,355630821337849 
 0,347163420829805 
 0,408128704487722 
 0,469940728196444 
 0,435224386113463 
 0,462320067739204 
 0,392887383573243 
 0,401354784081287 
 0,384419983065199 
 0,796782387806943 
 0,876375952582557 
 0,876375952582557 
 0,877222692633362 
 0,878069432684166 
 0,87891617273497 
 0,879762912785775 
 0,880609652836579 
 0,881456392887384 
 0,882303132938188 
 0,882303132938188 
 0,883149872988992 
 0,883996613039797 
 0,883996613039797 
 0,884843353090601 
 0,885690093141406 
 0,885690093141406 
 0,88653683319221 
 0,887383573243014 
 0,887383573243014 
 0,888230313293819 
 0,888230313293819 
 0,889077053344623 
 0,889077053344623 
 0,889923793395428 
 0,889923793395428 
 0,889923793395428 
 0,890770533446232 
 0,890770533446232 
 0,890770533446232 
 0,891617273497036 
 0,891617273497036 
 0,891617273497036 
 0,891617273497036 
 0,891617273497036 
 0,892464013547841 
 0,72311600338696 
 0,72311600338696 
 0,72311600338696 
 0,803556308213379 
 0,785774767146486 
 0,785774767146486 
 0,821337849280271 
 0,821337849280271 
 0,829805249788315 
 0,839119390347163 
 0,839119390347163 
 0,847586790855207 
 0,856054191363251 
 0,740050804403048 
 0,873835732430144 
 0,882303132938188 
 0,882303132938188 
 0,882303132938188 
 0,882303132938188 
 0,87298899237934 
 0,881456392887384 
 0,889923793395428 
 0,889923793395428 
 0,889077053344623 
 0,889077053344623 
 0,888230313293819 
 0,888230313293819 
 0,887383573243014 
 0,887383573243014 
 0,88653683319221 
 0,885690093141406 
 0,885690093141406 
 0,75190516511431 
 0,292125317527519 
 0,397967823878069 
 0,397121083827265 
 0,379339542760373 
 0,387806943268417 
 0,387806943268417 
 0,387806943268417 
 0,246401354784081 
 0,210838272650296 
 0,210838272650296 
 0,210838272650296 
 0,227773073666384 
 0,227773073666384 
 0,236240474174428 
 0,22692633361558 
 0,183742591024555 
 0,174428450465707 
 0,174428450465707 
 0,174428450465707 
 0,165114309906859 
 0,165114309906859 
 0,15580016934801 
 0,165114309906859 
 0,164267569856054 
 0,207451312447079 
 0,189669771380186 
 0,181202370872142 
 0,189669771380186 
 0,19813717188823 
 0,197290431837426 
 0,180355630821338 
 0,188823031329382 
 0,196443691786621 
 0,196443691786621 
 0,196443691786621 
 0,187129551227773 
 0,195596951735817 
 0,195596951735817 
 0,152413209144793 
 0,169348010160881 
 0,169348010160881 
 0,160033869602032 
 0,168501270110076 
 0,160033869602032 
 0,259949195596952 
 0,259949195596952 
 0,276037256562235 
 0,267569856054191 
 0,375105842506351 
 0,374259102455546 
 0,381879762912786 
 0,372565622353937 
 0,372565622353937 
 0,387806943268417 
 0,379339542760373 
 0,370025402201524 
 0,36917866215072 
 0,385266723116003 
 0,400508044030483 
 0,391193903471634 
 0,374259102455546 
 0,348856900931414 
 0,243014394580864 
 0,242167654530059 
 0,274343776460627 
 0,273497036409822 
 0,288738357324301 
 0,296359017781541 
 0,287891617273497 
 0,303132938187976 
 0,318374259102456 
 0,293818797629128 
 0,292972057578323 
 0,276037256562235 
 0,220152413209145 
 0,204064352243861 
 0,203217612193057 
 0,210838272650296 
 0,202370872142252 
 0,193903471634208 
 0,186282811176969 
 0,185436071126164 
 0,192209991532599 
 0,192209991532599 
 0,229466553767993 
 0,229466553767993 
 0,236240474174428 
 0,235393734123624 
 0,242167654530059 
 0,233700254022015 
 0,24809483488569 
 0,239627434377646 
 0,238780694326842 
 0,215918712955123 
 0,222692633361558 
 0,221845893310754 
 0,220999153259949 
 0,198983911939035 
 0,190516511430991 
 0,189669771380186 
 0,196443691786621 
 0,188823031329382 
 0,187976291278577 
 0,187129551227773 
 0,186282811176969 
 0,186282811176969 
 0,185436071126164 
 0,18458933107536 
 0,183742591024555 
 0,204064352243861 
 0,203217612193057 
 0,203217612193057 
 0,222692633361558 
 0,229466553767993 
 0,220999153259949 
 0,220152413209145 
 0,226079593564776 
 0,232006773920406 
 0,231160033869602 
 0,230313293818798 
 0,236240474174428 
 0,235393734123624 
 0,247248094834886 
 0,286198137171888 
 0,331922099915326 
 0,330228619813717 
 0,480101608806097 
 0,582557154953429 
 0,580016934801016 
 0,583403895004234 
 0,561388653683319 
 0,565622353937341 
 0,563082133784928 
 0,560541913632515 
 0,551227773073666 
 0,523285351397121 
 0,608806096528366 
 0,58086367485182 
 0,577476714648603 
 0,58086367485182 
 0,578323454699407 
 0,569009314140559 
 0,608806096528366 
 0,605419136325148 
 0,247248094834886 
 0,251481795088908 
 0,250635055038103 
 0,254868755292125 
 0,241320914479255 
 0,264182895850974 
 0,262489415749365 
 0,278577476714649 
 0,27688399661304 
 0,275190516511431 
 0,313293818797629 
 0,305673158340389 
 0,259102455546147 
 0,358171041490262 
 0,356477561388654 
 0,364944961896698 
 0,242167654530059 
 0,223539373412362 
 0,195596951735817 
 0,204911092294666 
 0,204064352243861 
 0,186282811176969 
 0,190516511430991 
 0,183742591024555 
 0,193056731583404 
 0,165961049957663 
 0,160033869602032 
 0,16342082980525 
 0,152413209144793 
 0,151566469093988 
 0,154953429297206 
 0,154106689246401 
 0,158340389500423 
 0,151566469093988 
 0,160880609652837 
 0,149872988992379 
 0,31160033869602 
 0,309060118543607 
 0,315834038950042 
 0,299745977984759 
 0,287891617273497 
 0,216765453005927 
 0,209991532599492 
 0,235393734123624 
 0,237933954276037 
 0,249788314987299 
 0,230313293818798 
 0,21930567315834 
 0,182895850973751 
 0,17696867061812 
 0,136325148179509 
 0,143945808636749 
 0,126164267569856 
 0,120237087214225 
 0,119390347163421 
 0,118543607112616 
 9,31414055884843E-02 
 0,104149026248942 
 9,48348856900931E-02 
 0,10584250635055 
 0,109229466553768 
 0,107535986452159 
 0,106689246401355 
 0,101608806096528 
 0,104149026248942 
 0,103302286198137 
 9,90685859441152E-02 
 9,06011854360711E-02 
 8,97544453852667E-02 
 0,102455546147333 
 0,101608806096528 
 0,104149026248942 
 0,27688399661304 
 0,266723116003387 
 0,264182895850974 
 0,260795935647756 
 0,273497036409822 
 0,267569856054191 
 0,267569856054191 
 0,264182895850974 
 0,260795935647756 
 0,183742591024555 
 0,178662150719729 
 0,199830651989839 
 0,203217612193057 
 0,194750211685013 
 0,191363251481795 
 0,158340389500423 
 0,161727349703641 
 0,170194750211685 
 0,161727349703641 
 0,154106689246401 
 0,186282811176969 
 0,154953429297206 
 0,12701100762066 
 0,117696867061812 
 0,116003386960203 
 0,11346316680779 
 0,109229466553768 
 0,114309906858594 
 0,112616426756986 
 0,112616426756986 
 0,102455546147333 
 9,82218458933107E-02 
 9,82218458933107E-02 
 0,100762066045724 
 0,109229466553768 
 0,104995766299746 
 0,104995766299746 
 9,14479254868755E-02 
 6,68924640135478E-02 
 7,62066045723963E-02 
 7,79000846740051E-02 
 7,45131244707875E-02 
 7,28196443691787E-02 
 6,43522438611346E-02 
 6,77392040643522E-02 
 8,46740050804403E-02 
 8,21337849280271E-02 
 6,77392040643522E-02 
 0,069432684165961 
 6,77392040643522E-02 
 5,84250635055038E-02 
 4,74174428450466E-02 
 4,48772226926334E-02 
 4,48772226926334E-02 
 4,23370025402202E-02 
 4,06435224386113E-02 
 4,23370025402202E-02 
 4,65707027942422E-02 
 4,31837425910246E-02 
 3,89500423370025E-02 
 3,64098221845893E-02 
 3,97967823878069E-02 
 3,38696020321761E-02 
 3,21761219305673E-02 
 2,96359017781541E-02 
 2,87891617273497E-02 
 2,70956816257409E-02 
 2,62489415749365E-02 
 2,37087214225233E-02 
 2,28619813717189E-02 
 2,20152413209145E-02 
 2,03217612193057E-02 
 1,94750211685013E-02 
 1,60880609652837E-02 
 1,52413209144793E-02 
 1,52413209144793E-02 
 1,35478408128704E-02 
 1,18543607112616E-02 
 1,10076206604572E-02 
 1,35478408128704E-02 
 0,012701100762066 
 1,77815410668925E-02 
 1,77815410668925E-02 
 1,60880609652837E-02 
 0,012701100762066 
 1,18543607112616E-02 
 1,10076206604572E-02 
 1,01608806096528E-02 
 9,31414055884843E-03 
 8,46740050804403E-03 
 6,77392040643522E-03 
 5,92718035563082E-03 
 5,08044030482642E-03 
 4,23370025402202E-03 
 3,38696020321761E-03 
 3,38696020321761E-03 
 2,54022015241321E-03 
 2,54022015241321E-03 
 1,69348010160881E-03 
 1,69348010160881E-03 
 8,46740050804403E-04 
 8,46740050804403E-04 
 8,46740050804403E-04 
 0 
 0 
 0 
 0 
 0 
 0 
 0 
 0 
 0 
 0 
 0 
 0 
 0 
 0 
 0 
 0 
 0 
 0 
 0 
 0 
 0 
 0 
 0 
 0 
 0 
 0 
 0 
 0 
 0 
 0 
 0 
 0 
 0 
 0 
 0 
 0 
 0 
 0 
 0 
 0 
 0 
 0 
 0 
 0 
 0 
 0 
 0 
 0 
 0 
 0 
 0 
 0 
 0 
 0 
 0 
 0 
 0 
 0 
 0 
 0 
 0 
 0 
 0 
 0 
 0 
 0 
 0 
 0 
 0 
 0 
 0 
 0 
 0 
 0 
 0 
 0 
 0 
 0 
 0 
 0 
 0 
 0 
 0 
 0 
 0 
 0 
 0 
 0 
 0 
 0 
 0 
 0 
 0 
 0 
 0 
 0 
 0 
 0 
 0 
 0 
 0 
 0 
 0 
 0 
 0 
 0 
 0 
 0 
 0 
 0 
 0 
 0 
 0 
 0 
 0 
 0 
 0 
 0 
 0 
 0 
 0 
 0 
 0 
 0 
 0 
 0 
 0 
 0 
 0 
 0 
 0 
 0 
 0 
 0 
 0 
 0 
 0 
 0 
 0 
 0 
 0 
 0 
 0 
 0 
 0 
 0 
 0 
 0 
 0 
 0 
 0 
 0 
 0 
 0 
 0 
 0 
 0 
 0 
 0 
 0 
 0 
 0 
 0 
 0 
 0 
 0 
 0 
 0 
 0 
 0 
 0 
 0 
 0 
 0 
 0 
 0 
 0 
 0 
 0 
 0 
 0 
 0 
 0 
 0 
 0 
 0 
 0 
 0 
 0 
 0 
 0 
 0 
 0 
 0 
 0 
 0 
 0 
 0 
 0 
 0 
 0 
 0 
 0 
 0 
 0 
 0 
 0 
 0 
 0 
 0 
 0 
 0 
 0 
 0 
 0 
 0 
 0 
 0 
 0 
 0 
 0 
 0 
 0 
 0 
 0 
 0 
 0 
 0 
 0 
 0 
 0 
 0 
 0 
 0 
 0 
 0 
 0 
 0 
 0 
 0 
 0 
 0 
 0 
 0 
 0 
 0 
 0 
 0 
 0 
 0 
 0 
 0 
 0 
 0 
 0 
 0 
 0 
 0 
 0 
 0 
 0 
 0 
 0 
 0 
 0 
 0 
 0 
 0 
 0 
 0 
 0 
 0 
 0 
 0 
 0 
 0 
 0 
 0 
 0 
 0 
 0 
 0 
 0 
 0 
 0 
 0 
 0 
 0 
 0 
 0 
 0 
 0 
 0 
 0 
 0 
 0 
 0 
 0 
 0 
 0 
 0 
 0 
 0 
 0 
 0 
 0 
 0 
 0 
 0 
 0 
 0 
 0 
