 0 
 0 
 0 
 0 
 0 
 0 
 0 
 0 
 0 
 0 
 0 
 0 
 0 
 0 
 0 
 0 
 0 
 0 
 0 
 0 
 0 
 0 
 0 
 0 
 0 
 0 
 0 
 0 
 0 
 0 
 0 
 0 
 0 
 0 
 0 
 0 
 0 
 0 
 0 
 0 
 0 
 0 
 0 
 0 
 0 
 0 
 0 
 0 
 0 
 0 
 0 
 0 
 0 
 0 
 0 
 0 
 0 
 0 
 0 
 0 
 0 
 0 
 0 
 0 
 0 
 0 
 0 
 0 
 0 
 0 
 0 
 0 
 0 
 0 
 0 
 0 
 0 
 0 
 0 
 0 
 0 
 0 
 0 
 0 
 0 
 0 
 0 
 0 
 0 
 0 
 0 
 0 
 0 
 0 
 0 
 0 
 0 
 0 
 0 
 0 
 0 
 0 
 0 
 0 
 0 
 0 
 0 
 0 
 0 
 0 
 0 
 0 
 0 
 0 
 0 
 0 
 0 
 0 
 0 
 0 
 0 
 0 
 0 
 0 
 0 
 0 
 0 
 0 
 0 
 0 
 0 
 0 
 0 
 0 
 0 
 0 
 0 
 0 
 0 
 0 
 0 
 0 
 0 
 0 
 0 
 0 
 0 
 0 
 0 
 0 
 0 
 0 
 0 
 0 
 0 
 0 
 0 
 0 
 0 
 0 
 0 
 0 
 0 
 0 
 0 
 0 
 0 
 0 
 0 
 0 
 0 
 0 
 0 
 0 
 0 
 0 
 0 
 0 
 0 
 0 
 0 
 0 
 0 
 0 
 0 
 0 
 0 
 0 
 0 
 0 
 0 
 0 
 0 
 0 
 0 
 0 
 0 
 0 
 0 
 0 
 0 
 0 
 0 
 0 
 0 
 0 
 0 
 0 
 0 
 0 
 0 
 0 
 0 
 0 
 0 
 0 
 0 
 0 
 0 
 0 
 0 
 0 
 0 
 0 
 0 
 0 
 0 
 0 
 0 
 0 
 0 
 0 
 0 
 0 
 0 
 0 
 0 
 0 
 0 
 0 
 0 
 0 
 0 
 0 
 0 
 0 
 0 
 0 
 0 
 0 
 0 
 0 
 0 
 0 
 0 
 0 
 0 
 0 
 0 
 0 
 0 
 0 
 0 
 0 
 0 
 0 
 0 
 0 
 0 
 0 
 0 
 0 
 0 
 0 
 0 
 0 
 0 
 0 
 0 
 0 
 0 
 0 
 0 
 0 
 0 
 0 
 0 
 0 
 0 
 0 
 0 
 0 
 0 
 0 
 0 
 0 
 0 
 0 
 0 
 0 
 0 
 0 
 0 
 0 
 0 
 0 
 0 
 0 
 0 
 0 
 0 
 0 
 0 
 0 
 0 
 0 
 0 
 0 
 0 
 0 
 0 
 0 
 0 
 0 
 0 
 0 
 0 
 0 
 0 
 0 
 0 
 0 
 0 
 0 
 0 
 0 
 0 
 0 
 0 
 0 
 0 
 0 
 0 
 0 
 0 
 0 
 0 
 0 
 0 
 0 
 0 
 0 
 0 
 0 
 0 
 0 
 0 
 0 
 0 
 0 
 0 
 0 
 0 
 0 
 0 
 0 
 0 
 0 
 0 
 0 
 0 
 0 
 0 
 0 
 0 
 0 
 0 
 0 
 0 
 0 
 0 
 0 
 0 
 0 
 0 
 0 
 0 
 0 
 0 
 0 
 0 
 0 
 0 
 0 
 0 
 0 
 0 
 0 
 0 
 0 
 0 
 0 
 0 
 0 
 0 
 0 
 0 
 0 
 0 
 0 
 0 
 0 
 0 
 0 
 0 
 0 
 0 
 0 
 0 
 0 
 0 
 0 
 0 
 0 
 0 
 0 
 0 
 0 
 0 
 0 
 0 
 0 
 0 
 0 
 0 
 8,46740050804403E-04 
 8,46740050804403E-04 
 8,46740050804403E-04 
 1,69348010160881E-03 
 1,69348010160881E-03 
 1,69348010160881E-03 
 2,54022015241321E-03 
 4,23370025402202E-03 
 6,77392040643522E-03 
 9,31414055884843E-03 
 9,31414055884843E-03 
 1,10076206604572E-02 
 1,18543607112616E-02 
 1,35478408128704E-02 
 1,43945808636749E-02 
 1,69348010160881E-02 
 1,86282811176969E-02 
 2,03217612193057E-02 
 2,37087214225233E-02 
 2,54022015241321E-02 
 2,79424216765453E-02 
 3,04826418289585E-02 
 3,21761219305673E-02 
 3,47163420829805E-02 
 3,72565622353937E-02 
 3,97967823878069E-02 
 4,23370025402202E-02 
 4,48772226926334E-02 
 4,74174428450466E-02 
 4,99576629974598E-02 
 0,052497883149873 
 5,58848433530906E-02 
 6,43522438611346E-02 
 6,68924640135478E-02 
 7,19729043183743E-02 
 7,45131244707875E-02 
 7,70533446232007E-02 
 7,95935647756139E-02 
 8,46740050804403E-02 
 8,80609652836579E-02 
 9,48348856900931E-02 
 9,82218458933107E-02 
 0,104995766299746 
 0,108382726502964 
 0,111769686706181 
 0,116003386960203 
 0,119390347163421 
 0,123624047417443 
 0,12701100762066 
 0,131244707874682 
 0,132938187976291 
 0,138865368331922 
 0,14225232853514 
 0,146486028789162 
 0,149872988992379 
 0,135478408128704 
 0,137171888230313 
 0,161727349703641 
 0,165961049957663 
 0,169348010160881 
 0,173581710414903 
 0,177815410668925 
 0,181202370872142 
 0,185436071126164 
 0,189669771380186 
 0,193056731583404 
 0,197290431837426 
 0,201524132091448 
 0,20575783234547 
 0,209144792548688 
 0,21337849280271 
 0,217612193056732 
 0,220999153259949 
 0,225232853513971 
 0,158340389500423 
 0,18458933107536 
 0,187976291278577 
 0,190516511430991 
 0,193903471634208 
 0,197290431837426 
 0,203217612193057 
 0,20575783234547 
 0,211685012701101 
 0,220152413209145 
 0,223539373412362 
 0,22692633361558 
 0,230313293818798 
 0,242167654530059 
 0,245554614733277 
 0,246401354784081 
 0,249788314987299 
 0,249788314987299 
 0,220152413209145 
 0,232006773920406 
 0,222692633361558 
 0,216765453005927 
 0,209991532599492 
 0,215071972904318 
 0,211685012701101 
 0,266723116003387 
 0,270110076206605 
 0,243014394580864 
 0,218458933107536 
 0,227773073666384 
 0,276037256562235 
 0,275190516511431 
 0,278577476714649 
 0,281964436917866 
 0,270110076206605 
 0,272650296359018 
 0,23454699407282 
 0,233700254022015 
 0,236240474174428 
 0,3268416596105 
 0,337849280270957 
 0,353090601185436 
 0,356477561388654 
 0,355630821337849 
 0,359017781541067 
 0,366638441998307 
 0,374259102455546 
 0,244707874682472 
 0,247248094834886 
 0,245554614733277 
 0,320067739204064 
 0,210838272650296 
 0,25571549534293 
 0,249788314987299 
 0,211685012701101 
 0,218458933107536 
 0,251481795088908 
 0,248941574936494 
 0,324301439458086 
 0,170194750211685 
 0,171888230313294 
 0,182049110922947 
 0,183742591024555 
 0,194750211685013 
 0,186282811176969 
 0,187976291278577 
 0,194750211685013 
 0,190516511430991 
 0,177815410668925 
 0,154106689246401 
 0,154953429297206 
 0,10584250635055 
 0,106689246401355 
 0,107535986452159 
 0,108382726502964 
 0,114309906858594 
 0,120237087214225 
 0,141405588484335 
 0,121930567315834 
 0,138018628281118 
 0,133784928027096 
 0,123624047417443 
 0,119390347163421 
 0,120237087214225 
 0,132091447925487 
 0,138018628281118 
 0,10584250635055 
 0,106689246401355 
 0,112616426756986 
 0,118543607112616 
 0,119390347163421 
 0,132091447925487 
 0,132091447925487 
 0,132938187976291 
 0,133784928027096 
 0,128704487722269 
 0,129551227773074 
 0,130397967823878 
 0,125317527519052 
 0,126164267569856 
 0,120237087214225 
 0,12701100762066 
 0,127857747671465 
 0,121930567315834 
 0,122777307366638 
 0,110922946655377 
 0,117696867061812 
 0,118543607112616 
 0,125317527519052 
 0,182895850973751 
 0,17696867061812 
 0,177815410668925 
 0,19813717188823 
 0,193056731583404 
 0,174428450465707 
 0,187976291278577 
 0,195596951735817 
 0,215918712955123 
 0,230313293818798 
 0,217612193056732 
 0,218458933107536 
 0,21930567315834 
 0,227773073666384 
 0,235393734123624 
 0,236240474174428 
 0,230313293818798 
 0,237933954276037 
 0,232006773920406 
 0,192209991532599 
 0,193056731583404 
 0,179508890770533 
 0,180355630821338 
 0,194750211685013 
 0,160880609652837 
 0,154106689246401 
 0,154953429297206 
 0,148179508890771 
 0,1346316680779 
 0,135478408128704 
 0,121930567315834 
 0,115156646909399 
 0,108382726502964 
 0,130397967823878 
 0,138018628281118 
 0,138018628281118 
 0,153259949195597 
 0,124470787468247 
 0,125317527519052 
 0,132938187976291 
 0,126164267569856 
 0,118543607112616 
 0,133784928027096 
 0,1346316680779 
 0,149872988992379 
 0,150719729043184 
 0,158340389500423 
 0,151566469093988 
 0,151566469093988 
 0,182895850973751 
 0,182895850973751 
 0,168501270110076 
 0,160880609652837 
 0,169348010160881 
 0,161727349703641 
 0,162574089754445 
 0,154953429297206 
 0,15580016934801 
 0,148179508890771 
 0,149026248941575 
 0,149026248941575 
 0,117696867061812 
 0,118543607112616 
 0,118543607112616 
 0,110922946655377 
 0,103302286198137 
 0,111769686706181 
 9,56816257408975E-02 
 0,104149026248942 
 9,65283657917019E-02 
 0,104149026248942 
 0,112616426756986 
 0,104995766299746 
 9,73751058425063E-02 
 9,73751058425063E-02 
 8,97544453852667E-02 
 9,82218458933107E-02 
 8,97544453852667E-02 
 8,97544453852667E-02 
 7,36663844199831E-02 
 7,36663844199831E-02 
 9,06011854360711E-02 
 9,90685859441152E-02 
 9,90685859441152E-02 
 0,107535986452159 
 9,99153259949196E-02 
 9,14479254868755E-02 
 7,53598645215919E-02 
 7,53598645215919E-02 
 7,53598645215919E-02 
 7,53598645215919E-02 
 7,53598645215919E-02 
 7,53598645215919E-02 
 7,62066045723963E-02 
 7,62066045723963E-02 
 6,77392040643522E-02 
 5,92718035563082E-02 
 5,92718035563082E-02 
 6,77392040643522E-02 
 6,77392040643522E-02 
 5,92718035563082E-02 
 7,70533446232007E-02 
 7,70533446232007E-02 
 7,70533446232007E-02 
 7,70533446232007E-02 
 7,70533446232007E-02 
 8,55207451312447E-02 
 8,63674851820491E-02 
 9,48348856900931E-02 
 7,79000846740051E-02 
 7,79000846740051E-02 
 7,79000846740051E-02 
 7,79000846740051E-02 
 7,79000846740051E-02 
 7,79000846740051E-02 
 8,72142252328535E-02 
 7,79000846740051E-02 
 7,87468247248095E-02 
 0,069432684165961 
 0,069432684165961 
 7,02794242167655E-02 
 0,060965283657917 
 0,052497883149873 
 0,044030482641829 
 0,044030482641829 
 0,044030482641829 
 0,052497883149873 
 6,18120237087214E-02 
 6,18120237087214E-02 
 6,18120237087214E-02 
 0,052497883149873 
 0,052497883149873 
 5,33446232006774E-02 
 5,33446232006774E-02 
 5,33446232006774E-02 
 5,33446232006774E-02 
 5,33446232006774E-02 
 5,33446232006774E-02 
 5,33446232006774E-02 
 5,33446232006774E-02 
 5,33446232006774E-02 
 5,33446232006774E-02 
 7,95935647756139E-02 
 7,11261642675699E-02 
 7,11261642675699E-02 
 7,11261642675699E-02 
 7,11261642675699E-02 
 7,11261642675699E-02 
 8,04403048264183E-02 
 8,89077053344623E-02 
 9,82218458933107E-02 
 0,116003386960203 
 0,133784928027096 
 0,14225232853514 
 0,14225232853514 
 0,133784928027096 
 0,151566469093988 
 0,151566469093988 
 0,151566469093988 
 0,169348010160881 
 0,169348010160881 
 0,178662150719729 
 0,178662150719729 
 0,196443691786621 
 0,204911092294666 
 0,196443691786621 
 0,204911092294666 
 0,204911092294666 
 0,222692633361558 
 0,222692633361558 
 0,222692633361558 
 0,214225232853514 
 0,222692633361558 
 0,232006773920406 
 0,232006773920406 
 0,232006773920406 
 0,222692633361558 
 0,222692633361558 
 0,222692633361558 
 0,222692633361558 
 0,21337849280271 
 0,21337849280271 
 0,21337849280271 
 0,21337849280271 
 0,221845893310754 
 0,21337849280271 
 0,257408975444539 
 0,24809483488569 
 0,24809483488569 
 0,230313293818798 
 0,230313293818798 
 0,203217612193057 
 0,512277730736664 
 0,468247248094835 
 0,485182049110923 
 0,493649449618967 
 0,431837425910246 
 0,414055884843353 
 0,396274343776461 
 0,386960203217612 
 0,377646062658764 
 0,342082980524979 
 0,324301439458086 
 0,33276883996613 
 0,33276883996613 
 0,314987298899238 
 0,261642675698561 
 0,253175275190517 
 0,253175275190517 
 0,252328535139712 
 0,217612193056732 
 0,217612193056732 
 0,199830651989839 
 0,198983911939035 
 0,190516511430991 
 0,198983911939035 
 0,198983911939035 
 0,189669771380186 
 0,189669771380186 
 0,215071972904318 
 0,232006773920406 
 0,44623200677392 
 0,342929720575783 
 0,350550381033023 
 0,315834038950042 
 0,537679932260796 
 0,459779847586791 
 0,458933107535986 
 0,441998306519898 
 0,737510584250635 
 0,660457239627434 
 0,668077900084674 
 0,657917019475021 
 0,404741744284505 
 0,336155800169348 
 0,579170194750212 
 0,737510584250635 
 0,761219305673158 
 0,767993226079594 
 0,774767146486029 
 0,782387806943268 
 0,157493649449619 
 0,165961049957663 
 0,182049110922947 
 0,173581710414903 
 0,181202370872142 
 0,172734970364098 
 0,172734970364098 
 0,171888230313294 
 0,171888230313294 
 0,16342082980525 
 0,162574089754445 
 0,154106689246401 
 0,154106689246401 
 0,153259949195597 
 0,153259949195597 
 0,144792548687553 
 0,152413209144793 
 0,152413209144793 
 0,151566469093988 
 0,143099068585944 
 0,150719729043184 
 0,150719729043184 
 0,14225232853514 
 0,14225232853514 
 0,126164267569856 
 0,133784928027096 
 0,164267569856054 
 0,164267569856054 
 0,15580016934801 
 0,154953429297206 
 0,154953429297206 
 0,146486028789162 
 0,131244707874682 
 0,122777307366638 
 0,107535986452159 
 0,106689246401355 
 0,106689246401355 
 0,12108382726503 
 0,136325148179509 
 0,127857747671465 
 0,127857747671465 
 0,120237087214225 
 0,12701100762066 
 0,12701100762066 
 0,126164267569856 
 0,126164267569856 
 0,125317527519052 
 0,132091447925487 
 0,132091447925487 
 0,138865368331922 
 0,145639288738357 
 0,160033869602032 
 0,159187129551228 
 0,143945808636749 
 0,143945808636749 
 0,164267569856054 
 0,149872988992379 
 0,18458933107536 
 0,19813717188823 
 0,197290431837426 
 0,196443691786621 
 0,182049110922947 
 0,174428450465707 
 0,173581710414903 
 0,172734970364098 
 0,165114309906859 
 0,178662150719729 
 0,204911092294666 
 0,183742591024555 
 0,176121930567316 
 0,182049110922947 
 0,167654530059272 
 0,167654530059272 
 0,43268416596105 
 0,484335309060119 
 0,469093988145639 
 0,506350550381033 
 0,51735817104149 
 0,449618966977138 
 0,428450465707028 
 0,542760372565622 
 0,540220152413209 
 0,530906011854361 
 0,49618966977138 
 0,303979678238781 
 0,309060118543607 
 0,314140558848434 
 0,305673158340389 
 0,335309060118544 
 0,321761219305673 
 0,320067739204064 
 0,318374259102456 
 0,261642675698561 
 0,242167654530059 
 0,23454699407282 
 0,233700254022015 
 0,244707874682472 
 0,243014394580864 
 0,241320914479255 
 0,24047417442845 
 0,268416596104996 
 0,248941574936494 
 0,24809483488569 
 0,252328535139712 
 0,233700254022015 
 0,22692633361558 
 0,24809483488569 
 0,280270956816257 
 0,272650296359018 
 0,254022015241321 
 0,236240474174428 
 0,202370872142252 
 0,206604572396274 
 0,291278577476715 
 0,230313293818798 
 0,250635055038103 
 0,237933954276037 
 0,304826418289585 
 0,303132938187976 
 0,481795088907705 
 0,514817950889077 
 0,511430990685859 
 0,508044030482642 
 0,504657070279424 
 0,495342929720576 
 0,497036409822185 
 0,493649449618967 
 0,490262489415749 
 0,486028789161727 
 0,48264182895851 
 0,479254868755292 
 0,47502116850127 
 0,471634208298052 
 0,468247248094835 
 0,464013547840813 
 0,460626587637595 
 0,457239627434378 
 0,453005927180356 
 0,449618966977138 
 0,44623200677392 
 0,441998306519898 
 0,438611346316681 
 0,434377646062659 
 0,430990685859441 
 0,426756985605419 
 0,423370025402202 
 0,41151566469094 
 0,415749364944962 
 0,41151566469094 
 0,408128704487722 
 0,4038950042337 
 0,400508044030483 
 0,396274343776461 
 0,392887383573243 
 0,388653683319221 
 0,385266723116003 
 0,381033022861981 
 0,376799322607959 
 0,373412362404742 
 0,36917866215072 
 0,365791701947502 
 0,336155800169348 
 0,225232853513971 
 0,144792548687553 
 0,126164267569856 
 0,117696867061812 
 0,122777307366638 
 0,128704487722269 
 0,123624047417443 
 0,128704487722269 
 0,130397967823878 
 0,128704487722269 
 0,133784928027096 
 0,125317527519052 
 0,124470787468247 
 9,82218458933107E-02 
 9,99153259949196E-02 
 0,101608806096528 
 9,99153259949196E-02 
 9,56816257408975E-02 
 9,14479254868755E-02 
 9,56816257408975E-02 
 9,48348856900931E-02 
 9,56816257408975E-02 
 0,138018628281118 
 0,138018628281118 
 0,102455546147333 
 9,56816257408975E-02 
 9,65283657917019E-02 
 9,48348856900931E-02 
 8,63674851820491E-02 
 8,46740050804403E-02 
 8,55207451312447E-02 
 8,63674851820491E-02 
 7,36663844199831E-02 
 6,35055038103302E-02 
 5,08044030482642E-02 
 4,99576629974598E-02 
 4,91109229466554E-02 
 4,65707027942422E-02 
 4,31837425910246E-02 
 4,23370025402202E-02 
 4,14902624894158E-02 
 4,06435224386113E-02 
 3,81033022861981E-02 
 3,55630821337849E-02 
 3,47163420829805E-02 
 3,04826418289585E-02 
 2,96359017781541E-02 
 2,70956816257409E-02 
 2,45554614733277E-02 
 2,62489415749365E-02 
 2,54022015241321E-02 
 2,45554614733277E-02 
 2,37087214225233E-02 
 2,37087214225233E-02 
 2,28619813717189E-02 
 1,94750211685013E-02 
 1,86282811176969E-02 
 1,94750211685013E-02 
 2,03217612193057E-02 
 1,94750211685013E-02 
 1,69348010160881E-02 
 1,52413209144793E-02 
 0,012701100762066 
 1,10076206604572E-02 
 0,012701100762066 
 1,35478408128704E-02 
 1,18543607112616E-02 
 1,01608806096528E-02 
 9,31414055884843E-03 
 7,62066045723963E-03 
 6,77392040643522E-03 
 5,92718035563082E-03 
 5,08044030482642E-03 
 5,08044030482642E-03 
 5,92718035563082E-03 
 6,77392040643522E-03 
 5,92718035563082E-03 
 7,62066045723963E-03 
 7,62066045723963E-03 
 6,77392040643522E-03 
 5,92718035563082E-03 
 5,08044030482642E-03 
 5,08044030482642E-03 
 4,23370025402202E-03 
 4,23370025402202E-03 
 3,38696020321761E-03 
 3,38696020321761E-03 
 3,38696020321761E-03 
 3,38696020321761E-03 
 3,38696020321761E-03 
 3,38696020321761E-03 
 2,54022015241321E-03 
 1,69348010160881E-03 
 1,69348010160881E-03 
 1,69348010160881E-03 
 8,46740050804403E-04 
 8,46740050804403E-04 
 8,46740050804403E-04 
 8,46740050804403E-04 
 8,46740050804403E-04 
 8,46740050804403E-04 
 0 
 0 
 0 
 0 
 0 
 0 
 0 
 0 
 0 
 0 
 0 
 0 
 0 
 0 
 0 
 0 
 0 
 0 
 0 
 0 
 0 
 0 
 0 
 0 
 0 
 0 
 0 
 0 
 0 
 0 
 0 
 0 
 0 
 0 
 0 
 0 
 0 
 0 
 0 
 0 
 0 
 0 
 0 
 0 
 0 
 0 
 0 
 0 
 0 
 0 
 0 
 0 
 0 
 0 
 0 
 0 
 0 
 0 
 0 
 0 
 0 
 0 
 0 
 0 
 0 
 0 
 0 
 0 
 0 
 0 
 0 
 0 
 0 
 0 
 0 
 0 
 0 
 0 
 0 
 0 
 0 
 0 
 0 
 0 
 0 
 0 
 0 
 0 
 0 
 0 
 0 
 0 
 0 
 0 
 0 
 0 
 0 
 0 
 0 
 0 
 0 
 0 
 0 
 0 
 0 
 0 
 0 
 0 
 0 
 0 
 0 
 0 
 0 
 0 
 0 
 0 
 0 
 0 
 0 
 0 
 0 
 0 
 0 
 0 
 0 
 0 
 0 
 0 
 0 
 0 
 0 
 0 
 0 
 0 
 0 
 0 
 0 
 0 
 0 
 0 
 0 
 0 
 0 
 0 
 0 
 0 
 0 
 0 
 0 
 0 
 0 
 0 
 0 
 0 
 0 
 0 
 0 
 0 
 0 
 0 
 0 
 0 
 0 
 0 
 0 
 0 
 0 
 0 
 0 
 0 
 0 
 0 
 0 
 0 
 0 
 0 
 0 
 0 
 0 
 0 
 0 
 0 
 0 
 0 
 0 
 0 
 0 
 0 
 0 
 0 
 0 
 0 
 0 
 0 
 0 
 0 
 0 
 0 
 0 
 0 
 0 
 0 
 0 
 0 
 0 
 0 
 0 
 0 
 0 
 0 
 0 
 0 
 0 
 0 
 0 
 0 
 0 
 0 
 0 
 0 
 0 
 0 
 0 
 0 
 0 
 0 
 0 
 0 
 0 
 0 
 0 
 0 
 0 
 0 
 0 
 0 
 0 
 0 
 0 
 0 
 0 
 0 
 0 
 0 
 0 
 0 
 0 
 0 
 0 
 0 
 0 
 0 
 0 
 0 
 0 
 0 
 0 
 0 
 0 
 0 
 0 
 0 
 0 
 0 
 0 
 0 
 0 
 0 
 0 
 0 
 0 
 0 
 0 
 0 
 0 
 0 
 0 
 0 
 0 
 0 
 0 
 0 
 0 
 0 
 0 
 0 
 0 
 0 
 0 
 0 
 0 
 0 
 0 
 0 
 0 
 0 
 0 
 0 
 0 
 0 
 0 
 0 
 0 
 0 
 0 
 0 
 0 
 0 
 0 
 0 
 0 
 0 
 0 
 0 
 0 
 0 
 0 
 0 
