 0 
 0 
 0 
 0 
 0 
 0 
 0 
 0 
 0 
 0 
 0 
 0 
 0 
 0 
 0 
 0 
 0 
 0 
 0 
 0 
 0 
 0 
 0 
 0 
 0 
 0 
 0 
 0 
 0 
 0 
 0 
 0 
 0 
 0 
 0 
 0 
 0 
 0 
 0 
 0 
 0 
 0 
 0 
 0 
 0 
 0 
 0 
 0 
 0 
 0 
 0 
 0 
 0 
 0 
 0 
 0 
 0 
 0 
 0 
 0 
 0 
 0 
 0 
 0 
 0 
 0 
 0 
 0 
 0 
 0 
 0 
 0 
 0 
 0 
 0 
 0 
 0 
 0 
 0 
 0 
 0 
 0 
 0 
 0 
 0 
 0 
 0 
 0 
 0 
 0 
 0 
 0 
 0 
 0 
 0 
 0 
 0 
 0 
 0 
 0 
 0 
 0 
 0 
 0 
 0 
 0 
 0 
 0 
 0 
 0 
 0 
 0 
 0 
 0 
 0 
 0 
 0 
 0 
 0 
 0 
 0 
 0 
 0 
 0 
 0 
 0 
 0 
 0 
 0 
 0 
 0 
 0 
 0 
 0 
 0 
 0 
 0 
 0 
 0 
 0 
 0 
 0 
 0 
 0 
 0 
 0 
 0 
 0 
 0 
 0 
 0 
 0 
 0 
 0 
 0 
 0 
 0 
 0 
 0 
 0 
 0 
 0 
 0 
 0 
 0 
 0 
 0 
 0 
 0 
 0 
 0 
 0 
 0 
 0 
 0 
 0 
 0 
 0 
 0 
 0 
 0 
 0 
 0 
 0 
 0 
 0 
 0 
 0 
 0 
 0 
 0 
 0 
 0 
 0 
 0 
 0 
 0 
 0 
 0 
 0 
 0 
 0 
 0 
 0 
 0 
 0 
 0 
 0 
 0 
 0 
 0 
 0 
 0 
 0 
 0 
 0 
 0 
 0 
 0 
 0 
 0 
 0 
 0 
 0 
 0 
 0 
 0 
 0 
 0 
 0 
 0 
 0 
 0 
 0 
 0 
 0 
 0 
 0 
 0 
 0 
 0 
 0 
 0 
 0 
 0 
 0 
 0 
 0 
 0 
 0 
 0 
 0 
 0 
 0 
 0 
 0 
 0 
 0 
 0 
 0 
 0 
 0 
 0 
 0 
 0 
 0 
 0 
 0 
 0 
 0 
 0 
 0 
 0 
 0 
 0 
 0 
 0 
 0 
 0 
 0 
 0 
 0 
 0 
 0 
 0 
 0 
 0 
 0 
 0 
 0 
 0 
 0 
 0 
 0 
 0 
 0 
 0 
 0 
 0 
 0 
 0 
 0 
 0 
 0 
 0 
 0 
 0 
 0 
 0 
 0 
 0 
 0 
 0 
 0 
 0 
 0 
 0 
 0 
 0 
 0 
 0 
 0 
 0 
 0 
 0 
 0 
 0 
 0 
 0 
 0 
 0 
 0 
 0 
 0 
 0 
 0 
 0 
 0 
 0 
 0 
 0 
 0 
 0 
 0 
 0 
 0 
 0 
 0 
 0 
 0 
 0 
 0 
 0 
 0 
 0 
 0 
 0 
 0 
 0 
 0 
 0 
 0 
 0 
 0 
 0 
 0 
 0 
 0 
 0 
 0 
 0 
 0 
 0 
 0 
 0 
 0 
 0 
 0 
 0 
 0 
 0 
 0 
 0 
 0 
 0 
 0 
 0 
 0 
 0 
 0 
 0 
 0 
 0 
 0 
 0 
 0 
 0 
 0 
 0 
 0 
 0 
 0 
 0 
 0 
 0 
 0 
 0 
 0 
 0 
 0 
 0 
 0 
 0 
 0 
 0 
 0 
 0 
 0 
 0 
 0 
 0 
 0 
 0 
 0 
 0 
 0 
 0 
 0 
 0 
 0 
 0 
 0 
 0 
 0 
 0 
 0 
 0 
 0 
 8,46740050804403E-04 
 8,46740050804403E-04 
 1,69348010160881E-03 
 2,54022015241321E-03 
 3,38696020321761E-03 
 3,38696020321761E-03 
 4,23370025402202E-03 
 5,08044030482642E-03 
 5,92718035563082E-03 
 5,92718035563082E-03 
 6,77392040643522E-03 
 7,62066045723963E-03 
 8,46740050804403E-03 
 1,01608806096528E-02 
 1,18543607112616E-02 
 0,012701100762066 
 1,10076206604572E-02 
 1,35478408128704E-02 
 1,60880609652837E-02 
 1,86282811176969E-02 
 1,94750211685013E-02 
 2,11685012701101E-02 
 2,11685012701101E-02 
 2,20152413209145E-02 
 2,28619813717189E-02 
 2,37087214225233E-02 
 2,54022015241321E-02 
 2,70956816257409E-02 
 2,87891617273497E-02 
 2,96359017781541E-02 
 3,30228619813717E-02 
 3,21761219305673E-02 
 3,47163420829805E-02 
 4,65707027942422E-02 
 4,65707027942422E-02 
 0,052497883149873 
 6,60457239627434E-02 
 7,62066045723963E-02 
 6,77392040643522E-02 
 6,18120237087214E-02 
 7,11261642675699E-02 
 2,54022015241321E-02 
 3,13293818797629E-02 
 3,38696020321761E-02 
 3,47163420829805E-02 
 3,55630821337849E-02 
 3,89500423370025E-02 
 4,06435224386113E-02 
 3,97967823878069E-02 
 7,53598645215919E-02 
 8,04403048264183E-02 
 0,141405588484335 
 0,143099068585944 
 0,1346316680779 
 0,124470787468247 
 0,124470787468247 
 0,118543607112616 
 0,149026248941575 
 0,154106689246401 
 0,15580016934801 
 0,165114309906859 
 0,172734970364098 
 0,176121930567316 
 0,185436071126164 
 0,193056731583404 
 0,20575783234547 
 0,209144792548688 
 0,21337849280271 
 0,217612193056732 
 0,220999153259949 
 0,225232853513971 
 0,229466553767993 
 0,233700254022015 
 0,206604572396274 
 0,186282811176969 
 0,188823031329382 
 0,192209991532599 
 0,190516511430991 
 0,20575783234547 
 0,209144792548688 
 0,207451312447079 
 0,140558848433531 
 0,158340389500423 
 0,160880609652837 
 0,165961049957663 
 0,171041490262489 
 0,222692633361558 
 0,226079593564776 
 0,229466553767993 
 0,232006773920406 
 0,216765453005927 
 0,194750211685013 
 0,204064352243861 
 0,18458933107536 
 0,196443691786621 
 0,266723116003387 
 0,263336155800169 
 0,266723116003387 
 0,266723116003387 
 0,252328535139712 
 0,25571549534293 
 0,24809483488569 
 0,300592718035563 
 0,260795935647756 
 0,306519898391194 
 0,281117696867062 
 0,283657917019475 
 0,372565622353937 
 0,376799322607959 
 0,380186282811177 
 0,384419983065199 
 0,388653683319221 
 0,392040643522439 
 0,396274343776461 
 0,399661303979678 
 0,4038950042337 
 0,407281964436918 
 0,41151566469094 
 0,414902624894157 
 0,41913632514818 
 0,422523285351397 
 0,426756985605419 
 0,430143945808637 
 0,434377646062659 
 0,437764606265876 
 0,441998306519898 
 0,445385266723116 
 0,448772226926334 
 0,453005927180356 
 0,456392887383573 
 0,460626587637595 
 0,464013547840813 
 0,46740050804403 
 0,471634208298052 
 0,47502116850127 
 0,478408128704488 
 0,48264182895851 
 0,486028789161727 
 0,489415749364945 
 0,492802709568163 
 0,497036409822185 
 0,500423370025402 
 0,50381033022862 
 0,507197290431837 
 0,510584250635055 
 0,514817950889077 
 0,518204911092295 
 0,521591871295512 
 0,52497883149873 
 0,528365791701948 
 0,531752751905165 
 0,535139712108383 
 0,387806943268417 
 0,444538526672312 
 0,458086367485182 
 0,4614733276884 
 0,464013547840813 
 0,46740050804403 
 0,36917866215072 
 0,376799322607959 
 0,407281964436918 
 0,409822184589331 
 0,572396274343776 
 0,575783234546994 
 0,579170194750212 
 0,582557154953429 
 0,585944115156647 
 0,583403895004234 
 0,592718035563082 
 0,595258255715495 
 0,598645215918713 
 0,602032176121931 
 0,502116850127011 
 0,608806096528366 
 0,611346316680779 
 0,614733276883997 
 0,618120237087214 
 0,620660457239627 
 0,624047417442845 
 0,627434377646063 
 0,629974597798476 
 0,633361558001693 
 0,635901778154107 
 0,639288738357324 
 0,642675698560542 
 0,645215918712955 
 0,648602878916173 
 0,644369178662151 
 0,654530059271804 
 0,657070279424217 
 0,65961049957663 
 0,662997459779848 
 0,665537679932261 
 0,668924640135478 
 0,671464860287892 
 0,593564775613887 
 0,5961049957663 
 0,679932260795936 
 0,601185436071126 
 0,541913632514818 
 0,543607112616427 
 0,54614733276884 
 0,575783234546994 
 0,578323454699407 
 0,50381033022862 
 0,561388653683319 
 0,570702794242168 
 0,580016934801016 
 0,560541913632515 
 0,548687552921253 
 0,471634208298052 
 0,466553767993226 
 0,331075359864522 
 0,535139712108383 
 0,543607112616427 
 0,54614733276884 
 0,547840812870449 
 0,541913632514818 
 0,646909398814564 
 0,649449618966977 
 0,651143099068586 
 0,653683319220999 
 0,312447078746825 
 0,314140558848434 
 0,344623200677392 
 0,270956816257409 
 0,301439458086367 
 0,294665537679932 
 0,318374259102456 
 0,349703640982218 
 0,366638441998307 
 0,367485182049111 
 0,375952582557155 
 0,492802709568163 
 0,494496189669771 
 0,33276883996613 
 0,458086367485182 
 0,458933107535986 
 0,335309060118544 
 0,391193903471634 
 0,384419983065199 
 0,416596104995766 
 0,646909398814564 
 0,601185436071126 
 0,546994072819644 
 0,516511430990686 
 0,45385266723116 
 0,31160033869602 
 0,296359017781541 
 0,265029635901778 
 0,265029635901778 
 0,258255715495343 
 0,258255715495343 
 0,275190516511431 
 0,276037256562235 
 0,243861134631668 
 0,179508890770533 
 0,179508890770533 
 0,187976291278577 
 0,197290431837426 
 0,20575783234547 
 0,197290431837426 
 0,189669771380186 
 0,190516511430991 
 0,182049110922947 
 0,190516511430991 
 0,199830651989839 
 0,191363251481795 
 0,183742591024555 
 0,183742591024555 
 0,243014394580864 
 0,243014394580864 
 0,243861134631668 
 0,252328535139712 
 0,270110076206605 
 0,244707874682472 
 0,245554614733277 
 0,254022015241321 
 0,246401354784081 
 0,254868755292125 
 0,247248094834886 
 0,238780694326842 
 0,238780694326842 
 0,222692633361558 
 0,239627434377646 
 0,24047417442845 
 0,257408975444539 
 0,275190516511431 
 0,284504657070279 
 0,284504657070279 
 0,267569856054191 
 0,268416596104996 
 0,285351397121084 
 0,286198137171888 
 0,277730736663844 
 0,277730736663844 
 0,287044877222693 
 0,270110076206605 
 0,278577476714649 
 0,270110076206605 
 0,261642675698561 
 0,279424216765453 
 0,270956816257409 
 0,254022015241321 
 0,254022015241321 
 0,237087214225233 
 0,263336155800169 
 0,263336155800169 
 0,29043183742591 
 0,308213378492803 
 0,334462320067739 
 0,335309060118544 
 0,299745977984759 
 0,486028789161727 
 0,512277730736664 
 0,495342929720576 
 0,486875529212532 
 0,42506350550381 
 0,212531752751905 
 0,212531752751905 
 0,221845893310754 
 0,221845893310754 
 0,221845893310754 
 0,239627434377646 
 0,239627434377646 
 0,276037256562235 
 0,276037256562235 
 0,266723116003387 
 0,266723116003387 
 0,285351397121084 
 0,293818797629128 
 0,285351397121084 
 0,293818797629128 
 0,293818797629128 
 0,312447078746825 
 0,312447078746825 
 0,320914479254869 
 0,330228619813717 
 0,330228619813717 
 0,330228619813717 
 0,339542760372566 
 0,392887383573243 
 0,410668924640135 
 0,41913632514818 
 0,41913632514818 
 0,758679085520745 
 0,660457239627434 
 0,44623200677392 
 0,464013547840813 
 0,606265876375953 
 0,642675698560542 
 0,713801862828112 
 0,712955122777307 
 0,624047417442845 
 0,374259102455546 
 0,472480948348857 
 0,472480948348857 
 0,436071126164268 
 0,364944961896698 
 0,337849280270957 
 0,329381879762913 
 0,355630821337849 
 0,346316680779001 
 0,337849280270957 
 0,320067739204064 
 0,310753598645216 
 0,301439458086367 
 0,301439458086367 
 0,327688399661304 
 0,31922099915326 
 0,282811176968671 
 0,282811176968671 
 0,274343776460627 
 0,273497036409822 
 0,273497036409822 
 0,46740050804403 
 0,475867908552075 
 0,448772226926334 
 0,783234546994073 
 0,782387806943268 
 0,711261642675699 
 0,711261642675699 
 0,718882303132938 
 0,718035563082134 
 0,718035563082134 
 0,717188823031329 
 0,568162574089754 
 0,628281117696867 
 0,365791701947502 
 0,365791701947502 
 0,364944961896698 
 0,364944961896698 
 0,364098221845893 
 0,320914479254869 
 0,320067739204064 
 0,320067739204064 
 0,276037256562235 
 0,259102455546147 
 0,258255715495343 
 0,249788314987299 
 0,223539373412362 
 0,20575783234547 
 0,214225232853514 
 0,20575783234547 
 0,204911092294666 
 0,21337849280271 
 0,204064352243861 
 0,195596951735817 
 0,187129551227773 
 0,186282811176969 
 0,194750211685013 
 0,203217612193057 
 0,202370872142252 
 0,21930567315834 
 0,18458933107536 
 0,193056731583404 
 0,18458933107536 
 0,159187129551228 
 0,166807790008467 
 0,175275190516511 
 0,191363251481795 
 0,191363251481795 
 0,190516511430991 
 0,314140558848434 
 0,313293818797629 
 0,313293818797629 
 0,312447078746825 
 0,303979678238781 
 0,385266723116003 
 0,351397121083827 
 0,309906858594412 
 0,342082980524979 
 0,33276883996613 
 0,34801016088061 
 0,355630821337849 
 0,652836579170195 
 0,65198983911939 
 0,641828958509738 
 0,640982218458933 
 0,686706181202371 
 0,693480101608806 
 0,548687552921253 
 0,546994072819644 
 0,751058425063506 
 0,76545300592718 
 0,779000846740051 
 0,698560541913632 
 0,704487722269263 
 0,702794242167655 
 0,653683319220999 
 0,65198983911939 
 0,657917019475021 
 0,656223539373412 
 0,639288738357324 
 0,606265876375953 
 0,604572396274344 
 0,595258255715495 
 0,601185436071126 
 0,607112616426757 
 0,605419136325148 
 0,603725656223539 
 0,616426756985605 
 0,427603725656224 
 0,486028789161727 
 0,536833192209991 
 0,519898391193903 
 0,49618966977138 
 0,324301439458086 
 0,315834038950042 
 0,314987298899238 
 0,277730736663844 
 0,298899237933954 
 0,268416596104996 
 0,267569856054191 
 0,273497036409822 
 0,272650296359018 
 0,250635055038103 
 0,249788314987299 
 0,27688399661304 
 0,31160033869602 
 0,317527519051651 
 0,322607959356478 
 0,336155800169348 
 0,306519898391194 
 0,305673158340389 
 0,297205757832345 
 0,47502116850127 
 0,42506350550381 
 0,464860287891617 
 0,585097375105842 
 0,582557154953429 
 0,580016934801016 
 0,591024555461473 
 0,58848433530906 
 0,459779847586791 
 0,510584250635055 
 0,508890770533446 
 0,513124470787468 
 0,556308213378493 
 0,55376799322608 
 0,519051651143099 
 0,516511430990686 
 0,520745131244708 
 0,518204911092295 
 0,490262489415749 
 0,500423370025402 
 0,497883149872989 
 0,414055884843353 
 0,430990685859441 
 0,441151566469094 
 0,370872142252329 
 0,455546147332769 
 0,447078746824725 
 0,431837425910246 
 0,424216765453006 
 0,560541913632515 
 0,533446232006774 
 0,512277730736664 
 0,521591871295512 
 0,483488569009314 
 0,457239627434378 
 0,565622353937341 
 0,521591871295512 
 0,519051651143099 
 0,573243014394581 
 0,569856054191363 
 0,566469093988146 
 0,563082133784928 
 0,55969517358171 
 0,556308213378493 
 0,552921253175275 
 0,549534292972058 
 0,54614733276884 
 0,542760372565622 
 0,539373412362405 
 0,535986452159187 
 0,409822184589331 
 0,423370025402202 
 0,399661303979678 
 0,381033022861981 
 0,342082980524979 
 0,334462320067739 
 0,337849280270957 
 0,330228619813717 
 0,358171041490262 
 0,270110076206605 
 0,38272650296359 
 0,380186282811177 
 0,372565622353937 
 0,359864521591871 
 0,357324301439458 
 0,450465707027942 
 0,441998306519898 
 0,443691786621507 
 0,449618966977138 
 0,44623200677392 
 0,400508044030483 
 0,415749364944962 
 0,412362404741744 
 0,408975444538527 
 0,392040643522439 
 0,375952582557155 
 0,337849280270957 
 0,325994919559695 
 0,210838272650296 
 0,226079593564776 
 0,258255715495343 
 0,14225232853514 
 0,149872988992379 
 0,148179508890771 
 0,1346316680779 
 0,11346316680779 
 9,56816257408975E-02 
 9,14479254868755E-02 
 8,63674851820491E-02 
 7,79000846740051E-02 
 8,89077053344623E-02 
 9,90685859441152E-02 
 0,101608806096528 
 0,104149026248942 
 0,103302286198137 
 0,109229466553768 
 0,111769686706181 
 0,107535986452159 
 0,10584250635055 
 9,82218458933107E-02 
 0,104149026248942 
 0,10584250635055 
 9,14479254868755E-02 
 8,72142252328535E-02 
 8,55207451312447E-02 
 8,46740050804403E-02 
 8,38272650296359E-02 
 7,95935647756139E-02 
 7,53598645215919E-02 
 7,79000846740051E-02 
 7,36663844199831E-02 
 7,28196443691787E-02 
 7,45131244707875E-02 
 6,77392040643522E-02 
 6,68924640135478E-02 
 7,11261642675699E-02 
 7,02794242167655E-02 
 0,069432684165961 
 7,11261642675699E-02 
 7,02794242167655E-02 
 0,069432684165961 
 7,11261642675699E-02 
 7,45131244707875E-02 
 7,62066045723963E-02 
 7,95935647756139E-02 
 8,63674851820491E-02 
 8,97544453852667E-02 
 8,55207451312447E-02 
 8,38272650296359E-02 
 8,29805249788315E-02 
 7,87468247248095E-02 
 7,28196443691787E-02 
 7,19729043183743E-02 
 6,60457239627434E-02 
 0,060965283657917 
 5,75783234546994E-02 
 0,056731583403895 
 5,33446232006774E-02 
 0,048264182895851 
 4,91109229466554E-02 
 0,048264182895851 
 4,74174428450466E-02 
 4,65707027942422E-02 
 0,052497883149873 
 5,41913632514818E-02 
 5,50381033022862E-02 
 0,065198983911939 
 0,065198983911939 
 0,065198983911939 
 5,75783234546994E-02 
 0,048264182895851 
 0,048264182895851 
 4,74174428450466E-02 
 4,74174428450466E-02 
 4,57239627434378E-02 
 4,31837425910246E-02 
 4,31837425910246E-02 
 3,97967823878069E-02 
 3,72565622353937E-02 
 3,47163420829805E-02 
 3,30228619813717E-02 
 3,21761219305673E-02 
 3,04826418289585E-02 
 2,96359017781541E-02 
 2,54022015241321E-02 
 2,37087214225233E-02 
 2,54022015241321E-02 
 2,45554614733277E-02 
 2,37087214225233E-02 
 2,20152413209145E-02 
 3,47163420829805E-02 
 3,30228619813717E-02 
 2,70956816257409E-02 
 2,37087214225233E-02 
 2,37087214225233E-02 
 2,20152413209145E-02 
 1,77815410668925E-02 
 1,60880609652837E-02 
 1,52413209144793E-02 
 1,60880609652837E-02 
 2,11685012701101E-02 
 1,94750211685013E-02 
 1,77815410668925E-02 
 1,43945808636749E-02 
 1,35478408128704E-02 
 1,35478408128704E-02 
 1,10076206604572E-02 
 1,10076206604572E-02 
 1,01608806096528E-02 
 9,31414055884843E-03 
 7,62066045723963E-03 
 7,62066045723963E-03 
 1,10076206604572E-02 
 9,31414055884843E-03 
 6,77392040643522E-03 
 5,92718035563082E-03 
 5,08044030482642E-03 
 5,08044030482642E-03 
 4,23370025402202E-03 
 2,54022015241321E-03 
 1,69348010160881E-03 
 1,69348010160881E-03 
 8,46740050804403E-04 
 8,46740050804403E-04 
 0 
 0 
 0 
 0 
 0 
 0 
 0 
 0 
 0 
 0 
 0 
 0 
 0 
 0 
 0 
 0 
 0 
 0 
 0 
 0 
 0 
 0 
 0 
 0 
 0 
 0 
 0 
 0 
 0 
 0 
 0 
 0 
 0 
 0 
 0 
 0 
 0 
 0 
 0 
 0 
 0 
 0 
 0 
 0 
 0 
 0 
 0 
 0 
 0 
 0 
 0 
 0 
 0 
 0 
 0 
 0 
 0 
 0 
 0 
 0 
 0 
 0 
 0 
 0 
 0 
 0 
 0 
 0 
 0 
 0 
 0 
 0 
 0 
 0 
 0 
 0 
 0 
 0 
 0 
 0 
 0 
 0 
 0 
 0 
 0 
 0 
 0 
 0 
 0 
 0 
 0 
 0 
 0 
 0 
 0 
 0 
 0 
 0 
 0 
 0 
 0 
 0 
 0 
 0 
 0 
 0 
 0 
 0 
 0 
 0 
 0 
 0 
 0 
 0 
 0 
 0 
 0 
 0 
 0 
 0 
 0 
 0 
 0 
 0 
 0 
 0 
 0 
 0 
 0 
 0 
 0 
 0 
 0 
 0 
 0 
 0 
 0 
 0 
 0 
 0 
 0 
 0 
 0 
 0 
 0 
 0 
 0 
 0 
 0 
 0 
 0 
 0 
 0 
 0 
 0 
 0 
 0 
 0 
 0 
 0 
 0 
 0 
 0 
 0 
 0 
 0 
 0 
 0 
 0 
 0 
 0 
 0 
 0 
 0 
 0 
 0 
 0 
 0 
 0 
 0 
 0 
 0 
 0 
 0 
 0 
 0 
 0 
 0 
 0 
 0 
 0 
 0 
 0 
 0 
 0 
 0 
 0 
 0 
 0 
 0 
 0 
 0 
 0 
 0 
 0 
 0 
 0 
 0 
 0 
 0 
 0 
 0 
 0 
 0 
 0 
 0 
 0 
 0 
 0 
 0 
 0 
 0 
 0 
 0 
 0 
 0 
 0 
 0 
 0 
 0 
 0 
 0 
 0 
 0 
 0 
 0 
 0 
 0 
 0 
 0 
 0 
 0 
 0 
 0 
 0 
 0 
 0 
 0 
 0 
 0 
 0 
 0 
 0 
 0 
 0 
 0 
 0 
 0 
 0 
 0 
 0 
 0 
 0 
 0 
 0 
 0 
 0 
 0 
 0 
 0 
 0 
 0 
 0 
 0 
 0 
 0 
 0 
 0 
 0 
 0 
 0 
 0 
 0 
 0 
 0 
 0 
 0 
 0 
 0 
 0 
 0 
 0 
 0 
 0 
 0 
 0 
 0 
 0 
 0 
 0 
 0 
 0 
 0 
 0 
 0 
 0 
 0 
 0 
 0 
 0 
 0 
 0 
