 0 
 0 
 0 
 0 
 0 
 0 
 0 
 0 
 0 
 0 
 0 
 0 
 0 
 0 
 0 
 0 
 0 
 0 
 0 
 0 
 0 
 0 
 0 
 0 
 0 
 0 
 0 
 0 
 0 
 0 
 0 
 0 
 0 
 0 
 0 
 0 
 0 
 0 
 0 
 0 
 0 
 0 
 0 
 0 
 0 
 0 
 0 
 0 
 0 
 0 
 0 
 0 
 0 
 0 
 0 
 0 
 0 
 0 
 0 
 0 
 0 
 0 
 0 
 0 
 0 
 0 
 0 
 0 
 0 
 0 
 0 
 0 
 0 
 0 
 0 
 0 
 0 
 0 
 0 
 0 
 0 
 0 
 0 
 0 
 0 
 0 
 0 
 0 
 0 
 0 
 0 
 0 
 0 
 0 
 0 
 0 
 0 
 0 
 0 
 0 
 0 
 0 
 0 
 0 
 0 
 0 
 0 
 0 
 0 
 0 
 0 
 0 
 0 
 0 
 0 
 0 
 0 
 0 
 0 
 0 
 0 
 0 
 0 
 0 
 0 
 0 
 0 
 0 
 0 
 0 
 0 
 0 
 0 
 0 
 0 
 0 
 0 
 0 
 0 
 0 
 0 
 0 
 0 
 0 
 0 
 0 
 0 
 0 
 0 
 0 
 0 
 0 
 0 
 0 
 0 
 0 
 0 
 0 
 0 
 0 
 0 
 0 
 0 
 0 
 0 
 0 
 0 
 0 
 0 
 0 
 0 
 0 
 0 
 0 
 0 
 0 
 0 
 0 
 0 
 0 
 0 
 0 
 0 
 0 
 0 
 0 
 0 
 0 
 0 
 0 
 0 
 0 
 0 
 0 
 0 
 0 
 0 
 0 
 0 
 0 
 0 
 0 
 0 
 0 
 0 
 0 
 0 
 0 
 0 
 0 
 0 
 0 
 0 
 0 
 0 
 0 
 0 
 0 
 0 
 0 
 0 
 0 
 0 
 0 
 0 
 0 
 0 
 0 
 0 
 0 
 0 
 0 
 0 
 0 
 0 
 0 
 0 
 0 
 0 
 0 
 0 
 0 
 0 
 0 
 0 
 0 
 0 
 0 
 0 
 0 
 0 
 0 
 0 
 0 
 0 
 0 
 0 
 0 
 0 
 0 
 0 
 0 
 0 
 0 
 0 
 0 
 0 
 0 
 0 
 0 
 0 
 0 
 0 
 0 
 0 
 0 
 0 
 0 
 0 
 0 
 0 
 0 
 0 
 0 
 0 
 0 
 0 
 0 
 0 
 0 
 0 
 0 
 0 
 0 
 0 
 0 
 0 
 0 
 0 
 0 
 0 
 0 
 0 
 0 
 0 
 0 
 0 
 0 
 0 
 0 
 0 
 0 
 0 
 0 
 0 
 0 
 0 
 0 
 0 
 0 
 0 
 0 
 0 
 0 
 0 
 0 
 0 
 0 
 0 
 0 
 0 
 0 
 0 
 0 
 0 
 0 
 0 
 0 
 0 
 0 
 0 
 0 
 0 
 0 
 0 
 0 
 0 
 0 
 0 
 0 
 0 
 0 
 0 
 0 
 0 
 0 
 0 
 0 
 0 
 0 
 0 
 0 
 0 
 0 
 0 
 0 
 0 
 0 
 0 
 0 
 0 
 0 
 0 
 0 
 0 
 0 
 0 
 0 
 0 
 0 
 0 
 0 
 0 
 0 
 0 
 0 
 0 
 0 
 0 
 0 
 0 
 0 
 0 
 0 
 0 
 0 
 0 
 0 
 0 
 0 
 0 
 0 
 0 
 0 
 0 
 0 
 0 
 0 
 0 
 0 
 0 
 0 
 0 
 0 
 0 
 0 
 0 
 0 
 0 
 0 
 0 
 0 
 0 
 0 
 0 
 0 
 0 
 0 
 0 
 0 
 0 
 0 
 0 
 0 
 0 
 0 
 8,46740050804403E-04 
 8,46740050804403E-04 
 8,46740050804403E-04 
 1,69348010160881E-03 
 1,69348010160881E-03 
 2,54022015241321E-03 
 3,38696020321761E-03 
 6,77392040643522E-03 
 7,62066045723963E-03 
 9,31414055884843E-03 
 1,01608806096528E-02 
 1,35478408128704E-02 
 1,35478408128704E-02 
 1,52413209144793E-02 
 1,77815410668925E-02 
 1,86282811176969E-02 
 1,60880609652837E-02 
 1,77815410668925E-02 
 1,86282811176969E-02 
 2,54022015241321E-02 
 2,79424216765453E-02 
 2,87891617273497E-02 
 3,13293818797629E-02 
 3,21761219305673E-02 
 3,04826418289585E-02 
 3,13293818797629E-02 
 3,38696020321761E-02 
 4,99576629974598E-02 
 0,052497883149873 
 5,50381033022862E-02 
 5,58848433530906E-02 
 5,84250635055038E-02 
 0,060965283657917 
 6,43522438611346E-02 
 6,77392040643522E-02 
 6,60457239627434E-02 
 6,85859441151566E-02 
 7,11261642675699E-02 
 7,53598645215919E-02 
 7,79000846740051E-02 
 8,29805249788315E-02 
 8,46740050804403E-02 
 1,60880609652837E-02 
 1,69348010160881E-02 
 1,60880609652837E-02 
 1,52413209144793E-02 
 1,35478408128704E-02 
 1,43945808636749E-02 
 1,60880609652837E-02 
 1,60880609652837E-02 
 1,69348010160881E-02 
 1,43945808636749E-02 
 1,43945808636749E-02 
 1,52413209144793E-02 
 1,52413209144793E-02 
 1,60880609652837E-02 
 0,012701100762066 
 1,35478408128704E-02 
 1,18543607112616E-02 
 1,18543607112616E-02 
 1,10076206604572E-02 
 1,10076206604572E-02 
 1,10076206604572E-02 
 1,10076206604572E-02 
 1,18543607112616E-02 
 1,60880609652837E-02 
 1,18543607112616E-02 
 0,012701100762066 
 1,43945808636749E-02 
 1,69348010160881E-02 
 1,77815410668925E-02 
 1,77815410668925E-02 
 1,77815410668925E-02 
 1,60880609652837E-02 
 1,60880609652837E-02 
 1,69348010160881E-02 
 1,94750211685013E-02 
 2,20152413209145E-02 
 2,28619813717189E-02 
 2,28619813717189E-02 
 2,03217612193057E-02 
 2,37087214225233E-02 
 2,37087214225233E-02 
 2,11685012701101E-02 
 2,20152413209145E-02 
 1,94750211685013E-02 
 2,28619813717189E-02 
 2,54022015241321E-02 
 2,62489415749365E-02 
 2,96359017781541E-02 
 2,96359017781541E-02 
 3,04826418289585E-02 
 3,38696020321761E-02 
 3,72565622353937E-02 
 4,06435224386113E-02 
 3,47163420829805E-02 
 3,21761219305673E-02 
 3,21761219305673E-02 
 3,30228619813717E-02 
 3,30228619813717E-02 
 3,04826418289585E-02 
 4,74174428450466E-02 
 5,50381033022862E-02 
 5,92718035563082E-02 
 6,35055038103302E-02 
 0,060965283657917 
 6,85859441151566E-02 
 0,069432684165961 
 6,26587637595258E-02 
 6,68924640135478E-02 
 7,19729043183743E-02 
 0,060965283657917 
 6,18120237087214E-02 
 6,60457239627434E-02 
 7,45131244707875E-02 
 8,29805249788315E-02 
 8,38272650296359E-02 
 8,46740050804403E-02 
 8,55207451312447E-02 
 8,21337849280271E-02 
 8,29805249788315E-02 
 7,95935647756139E-02 
 7,62066045723963E-02 
 7,70533446232007E-02 
 8,21337849280271E-02 
 8,21337849280271E-02 
 8,29805249788315E-02 
 8,38272650296359E-02 
 8,46740050804403E-02 
 8,97544453852667E-02 
 0,104149026248942 
 0,100762066045724 
 9,65283657917019E-02 
 9,73751058425063E-02 
 9,82218458933107E-02 
 9,90685859441152E-02 
 9,48348856900931E-02 
 0,104995766299746 
 0,10584250635055 
 0,111769686706181 
 0,107535986452159 
 0,103302286198137 
 9,39881456392887E-02 
 8,04403048264183E-02 
 8,55207451312447E-02 
 9,14479254868755E-02 
 9,22946655376799E-02 
 9,22946655376799E-02 
 9,82218458933107E-02 
 9,90685859441152E-02 
 0,136325148179509 
 0,22692633361558 
 0,233700254022015 
 0,428450465707028 
 0,430990685859441 
 0,542760372565622 
 0,54614733276884 
 0,549534292972058 
 0,552921253175275 
 0,544453852667231 
 0,347163420829805 
 0,331922099915326 
 0,350550381033023 
 0,370025402201524 
 0,418289585097375 
 0,392040643522439 
 0,527519051651143 
 0,535986452159187 
 0,439458086367485 
 0,27688399661304 
 0,248941574936494 
 0,280270956816257 
 0,293818797629128 
 0,427603725656224 
 0,405588484335309 
 0,182895850973751 
 0,189669771380186 
 0,18458933107536 
 0,179508890770533 
 0,180355630821338 
 0,181202370872142 
 0,187976291278577 
 0,170194750211685 
 0,171041490262489 
 0,18458933107536 
 0,165961049957663 
 0,166807790008467 
 0,180355630821338 
 0,187976291278577 
 0,195596951735817 
 0,196443691786621 
 0,197290431837426 
 0,204911092294666 
 0,218458933107536 
 0,226079593564776 
 0,233700254022015 
 0,295512277730737 
 0,296359017781541 
 0,291278577476715 
 0,49618966977138 
 0,498729889923793 
 0,466553767993226 
 0,523285351397121 
 0,601185436071126 
 0,610499576629975 
 0,606265876375953 
 0,607959356477561 
 0,610499576629975 
 0,606265876375953 
 0,594411515664691 
 0,57493649449619 
 0,548687552921253 
 0,558001693480102 
 0,566469093988146 
 0,546994072819644 
 0,519898391193903 
 0,565622353937341 
 0,720575783234547 
 0,729889923793395 
 0,732430143945809 
 0,734970364098222 
 0,737510584250635 
 0,740050804403048 
 0,601185436071126 
 0,573243014394581 
 0,447925486875529 
 0,584250635055038 
 0,548687552921253 
 0,656223539373412 
 0,657917019475021 
 0,447925486875529 
 0,448772226926334 
 0,762912785774767 
 0,757832345469941 
 0,767993226079594 
 0,769686706181202 
 0,772226926333616 
 0,773920406435224 
 0,776460626587638 
 0,778154106689246 
 0,78069432684166 
 0,782387806943268 
 0,784928027095682 
 0,78662150719729 
 0,789161727349704 
 0,569009314140559 
 0,626587637595258 
 0,627434377646063 
 0,629127857747671 
 0,63082133784928 
 0,608806096528366 
 0,618120237087214 
 0,618966977138019 
 0,475867908552075 
 0,485182049110923 
 0,397121083827265 
 0,389500423370025 
 0,398814563928874 
 0,399661303979678 
 0,817104149026249 
 0,736663844199831 
 0,672311600338696 
 0,674005080440305 
 0,683319220999153 
 0,685012701100762 
 0,678238780694327 
 0,687552921253175 
 0,689246401354784 
 0,690093141405589 
 0,724809483488569 
 0,726502963590178 
 0,69432684165961 
 0,703640982218459 
 0,713801862828112 
 0,327688399661304 
 0,328535139712108 
 0,345469940728196 
 0,354784081287045 
 0,364098221845893 
 0,373412362404742 
 0,364944961896698 
 0,331922099915326 
 0,29805249788315 
 0,289585097375106 
 0,273497036409822 
 0,265029635901778 
 0,265876375952583 
 0,248941574936494 
 0,266723116003387 
 0,249788314987299 
 0,249788314987299 
 0,232853513971211 
 0,232853513971211 
 0,250635055038103 
 0,250635055038103 
 0,243014394580864 
 0,251481795088908 
 0,252328535139712 
 0,217612193056732 
 0,226079593564776 
 0,235393734123624 
 0,22692633361558 
 0,244707874682472 
 0,236240474174428 
 0,218458933107536 
 0,21930567315834 
 0,245554614733277 
 0,227773073666384 
 0,193056731583404 
 0,220152413209145 
 0,272650296359018 
 0,264182895850974 
 0,25571549534293 
 0,25571549534293 
 0,265029635901778 
 0,238780694326842 
 0,362404741744284 
 0,371718882303133 
 0,318374259102456 
 0,318374259102456 
 0,327688399661304 
 0,31922099915326 
 0,31922099915326 
 0,31922099915326 
 0,346316680779001 
 0,355630821337849 
 0,337849280270957 
 0,329381879762913 
 0,329381879762913 
 0,329381879762913 
 0,329381879762913 
 0,329381879762913 
 0,329381879762913 
 0,392040643522439 
 0,409822184589331 
 0,409822184589331 
 0,409822184589331 
 0,410668924640135 
 0,392887383573243 
 0,44623200677392 
 0,410668924640135 
 0,473327688399661 
 0,473327688399661 
 0,481795088907705 
 0,464013547840813 
 0,473327688399661 
 0,401354784081287 
 0,428450465707028 
 0,375105842506351 
 0,365791701947502 
 0,383573243014395 
 0,392887383573243 
 0,383573243014395 
 0,401354784081287 
 0,374259102455546 
 0,401354784081287 
 0,365791701947502 
 0,383573243014395 
 0,38272650296359 
 0,374259102455546 
 0,38272650296359 
 0,400508044030483 
 0,391193903471634 
 0,400508044030483 
 0,399661303979678 
 0,266723116003387 
 0,266723116003387 
 0,24809483488569 
 0,257408975444539 
 0,292972057578323 
 0,327688399661304 
 0,336155800169348 
 0,327688399661304 
 0,336155800169348 
 0,344623200677392 
 0,3268416596105 
 0,397121083827265 
 0,414902624894157 
 0,396274343776461 
 0,396274343776461 
 0,422523285351397 
 0,421676545300593 
 0,4038950042337 
 0,464860287891617 
 0,543607112616427 
 0,464013547840813 
 0,428450465707028 
 0,393734123624047 
 0,402201524132091 
 0,383573243014395 
 0,383573243014395 
 0,408975444538527 
 0,443691786621507 
 0,599491955969517 
 0,590177815410669 
 0,494496189669771 
 0,493649449618967 
 0,510584250635055 
 0,535139712108383 
 0,560541913632515 
 0,594411515664691 
 0,610499576629975 
 0,317527519051651 
 0,309060118543607 
 0,642675698560542 
 0,641828958509738 
 0,589331075359865 
 0,563082133784928 
 0,417442845046571 
 0,433530906011854 
 0,415749364944962 
 0,47502116850127 
 0,457239627434378 
 0,456392887383573 
 0,523285351397121 
 0,556308213378493 
 0,714648602878916 
 0,637595258255716 
 0,645215918712955 
 0,644369178662151 
 0,651143099068586 
 0,650296359017781 
 0,624047417442845 
 0,830651989839119 
 0,828958509737511 
 0,827265029635902 
 0,825571549534293 
 0,823878069432684 
 0,806096528365792 
 0,713801862828112 
 0,745131244707875 
 0,735817104149026 
 0,65198983911939 
 0,642675698560542 
 0,640982218458933 
 0,672311600338696 
 0,662997459779848 
 0,661303979678239 
 0,65961049957663 
 0,657917019475021 
 0,656223539373412 
 0,623200677392041 
 0,534292972057578 
 0,78662150719729 
 0,793395427603726 
 0,790855207451312 
 0,789161727349704 
 0,78662150719729 
 0,784928027095682 
 0,783234546994073 
 0,78069432684166 
 0,779000846740051 
 0,776460626587638 
 0,774767146486029 
 0,772226926333616 
 0,770533446232007 
 0,767993226079594 
 0,76545300592718 
 0,763759525825571 
 0,761219305673158 
 0,758679085520745 
 0,756985605419136 
 0,754445385266723 
 0,75190516511431 
 0,749364944961897 
 0,747671464860288 
 0,745131244707875 
 0,742591024555461 
 0,740050804403048 
 0,737510584250635 
 0,735817104149026 
 0,733276883996613 
 0,7307366638442 
 0,728196443691787 
 0,725656223539373 
 0,72311600338696 
 0,712955122777307 
 0,718035563082134 
 0,715495342929721 
 0,712955122777307 
 0,710414902624894 
 0,707874682472481 
 0,704487722269263 
 0,70194750211685 
 0,699407281964437 
 0,696867061812024 
 0,631668077900085 
 0,622353937341236 
 0,619813717188823 
 0,44623200677392 
 0,464860287891617 
 0,551227773073666 
 0,562235393734124 
 0,580016934801016 
 0,577476714648603 
 0,575783234546994 
 0,566469093988146 
 0,31160033869602 
 0,303979678238781 
 0,282811176968671 
 0,268416596104996 
 0,267569856054191 
 0,253175275190517 
 0,245554614733277 
 0,231160033869602 
 0,185436071126164 
 0,18458933107536 
 0,291278577476715 
 0,34038950042337 
 0,370025402201524 
 0,368331922099915 
 0,385266723116003 
 0,364944961896698 
 0,338696020321761 
 0,293818797629128 
 0,29805249788315 
 0,254022015241321 
 0,270956816257409 
 0,263336155800169 
 0,262489415749365 
 0,171888230313294 
 0,17696867061812 
 0,170194750211685 
 0,180355630821338 
 0,179508890770533 
 0,178662150719729 
 0,188823031329382 
 0,187976291278577 
 0,192209991532599 
 0,191363251481795 
 0,190516511430991 
 0,194750211685013 
 0,187976291278577 
 0,203217612193057 
 0,21337849280271 
 0,227773073666384 
 0,193903471634208 
 0,204064352243861 
 0,160033869602032 
 0,164267569856054 
 0,168501270110076 
 0,407281964436918 
 0,404741744284505 
 0,427603725656224 
 0,41913632514818 
 0,401354784081287 
 0,403048264182896 
 0,400508044030483 
 0,387806943268417 
 0,394580863674852 
 0,386960203217612 
 0,398814563928874 
 0,395427603725656 
 0,397967823878069 
 0,394580863674852 
 0,396274343776461 
 0,468247248094835 
 0,464013547840813 
 0,460626587637595 
 0,457239627434378 
 0,453005927180356 
 0,449618966977138 
 0,44623200677392 
 0,441998306519898 
 0,438611346316681 
 0,408128704487722 
 0,400508044030483 
 0,226079593564776 
 0,215918712955123 
 0,218458933107536 
 0,215918712955123 
 0,218458933107536 
 0,228619813717189 
 0,230313293818798 
 0,199830651989839 
 0,202370872142252 
 0,227773073666384 
 0,381033022861981 
 0,385266723116003 
 0,381033022861981 
 0,376799322607959 
 0,373412362404742 
 0,36917866215072 
 0,365791701947502 
 0,36155800169348 
 0,357324301439458 
 0,35393734123624 
 0,349703640982218 
 0,345469940728196 
 0,328535139712108 
 0,320914479254869 
 0,317527519051651 
 0,171888230313294 
 0,169348010160881 
 0,171041490262489 
 0,15580016934801 
 0,147332768839966 
 0,136325148179509 
 0,131244707874682 
 0,123624047417443 
 0,127857747671465 
 0,120237087214225 
 0,110076206604572 
 0,126164267569856 
 0,12108382726503 
 0,136325148179509 
 0,131244707874682 
 0,129551227773074 
 0,130397967823878 
 0,126164267569856 
 0,128704487722269 
 0,129551227773074 
 0,130397967823878 
 0,116003386960203 
 0,171888230313294 
 0,171041490262489 
 0,144792548687553 
 0,124470787468247 
 0,214225232853514 
 0,21337849280271 
 0,211685012701101 
 0,203217612193057 
 0,201524132091448 
 0,197290431837426 
 0,192209991532599 
 0,187976291278577 
 0,186282811176969 
 0,187976291278577 
 0,183742591024555 
 0,178662150719729 
 0,154953429297206 
 0,156646909398815 
 0,124470787468247 
 0,116003386960203 
 0,118543607112616 
 0,110922946655377 
 0,114309906858594 
 0,123624047417443 
 0,120237087214225 
 0,116850127011008 
 0,114309906858594 
 0,116003386960203 
 0,111769686706181 
 0,108382726502964 
 0,104995766299746 
 0,103302286198137 
 0,102455546147333 
 9,99153259949196E-02 
 8,89077053344623E-02 
 8,72142252328535E-02 
 8,38272650296359E-02 
 8,12870448772227E-02 
 7,79000846740051E-02 
 7,53598645215919E-02 
 7,36663844199831E-02 
 7,11261642675699E-02 
 6,85859441151566E-02 
 7,70533446232007E-02 
 7,36663844199831E-02 
 7,02794242167655E-02 
 6,68924640135478E-02 
 6,35055038103302E-02 
 6,01185436071126E-02 
 0,056731583403895 
 5,41913632514818E-02 
 5,08044030482642E-02 
 4,74174428450466E-02 
 4,48772226926334E-02 
 4,14902624894158E-02 
 3,89500423370025E-02 
 2,62489415749365E-02 
 2,45554614733277E-02 
 1,18543607112616E-02 
 1,10076206604572E-02 
 1,01608806096528E-02 
 9,31414055884843E-03 
 6,77392040643522E-03 
 5,92718035563082E-03 
 5,08044030482642E-03 
 5,92718035563082E-03 
 5,08044030482642E-03 
 4,23370025402202E-03 
 3,38696020321761E-03 
 2,54022015241321E-03 
 1,69348010160881E-03 
 1,69348010160881E-03 
 1,69348010160881E-03 
 8,46740050804403E-04 
 8,46740050804403E-04 
 8,46740050804403E-04 
 8,46740050804403E-04 
 0 
 0 
 0 
 0 
 0 
 0 
 0 
 0 
 0 
 0 
 0 
 0 
 0 
 0 
 0 
 0 
 0 
 0 
 0 
 0 
 0 
 0 
 0 
 0 
 0 
 0 
 0 
 0 
 0 
 0 
 0 
 0 
 0 
 0 
 0 
 0 
 0 
 0 
 0 
 0 
 0 
 0 
 0 
 0 
 0 
 0 
 0 
 0 
 0 
 0 
 0 
 0 
 0 
 0 
 0 
 0 
 0 
 0 
 0 
 0 
 0 
 0 
 0 
 0 
 0 
 0 
 0 
 0 
 0 
 0 
 0 
 0 
 0 
 0 
 0 
 0 
 0 
 0 
 0 
 0 
 0 
 0 
 0 
 0 
 0 
 0 
 0 
 0 
 0 
 0 
 0 
 0 
 0 
 0 
 0 
 0 
 0 
 0 
 0 
 0 
 0 
 0 
 0 
 0 
 0 
 0 
 0 
 0 
 0 
 0 
 0 
 0 
 0 
 0 
 0 
 0 
 0 
 0 
 0 
 0 
 0 
 0 
 0 
 0 
 0 
 0 
 0 
 0 
 0 
 0 
 0 
 0 
 0 
 0 
 0 
 0 
 0 
 0 
 0 
 0 
 0 
 0 
 0 
 0 
 0 
 0 
 0 
 0 
 0 
 0 
 0 
 0 
 0 
 0 
 0 
 0 
 0 
 0 
 0 
 0 
 0 
 0 
 0 
 0 
 0 
 0 
 0 
 0 
 0 
 0 
 0 
 0 
 0 
 0 
 0 
 0 
 0 
 0 
 0 
 0 
 0 
 0 
 0 
 0 
 0 
 0 
 0 
 0 
 0 
 0 
 0 
 0 
 0 
 0 
 0 
 0 
 0 
 0 
 0 
 0 
 0 
 0 
 0 
 0 
 0 
 0 
 0 
 0 
 0 
 0 
 0 
 0 
 0 
 0 
 0 
 0 
 0 
 0 
 0 
 0 
 0 
 0 
 0 
 0 
 0 
 0 
 0 
 0 
 0 
 0 
 0 
 0 
 0 
 0 
 0 
 0 
 0 
 0 
 0 
 0 
 0 
 0 
 0 
 0 
 0 
 0 
 0 
 0 
 0 
 0 
 0 
 0 
 0 
 0 
 0 
 0 
 0 
 0 
 0 
 0 
 0 
 0 
 0 
 0 
 0 
 0 
 0 
 0 
 0 
 0 
 0 
 0 
 0 
 0 
 0 
 0 
 0 
 0 
 0 
 0 
 0 
 0 
 0 
 0 
 0 
 0 
 0 
 0 
 0 
 0 
 0 
 0 
 0 
 0 
 0 
 0 
 0 
 0 
 0 
 0 
 0 
 0 
 0 
 0 
 0 
 0 
 0 
 0 
 0 
 0 
 0 
 0 
 0 
