 0 
 0 
 0 
 0 
 0 
 0 
 0 
 0 
 0 
 0 
 0 
 0 
 0 
 0 
 0 
 0 
 0 
 0 
 0 
 0 
 0 
 0 
 0 
 0 
 0 
 0 
 0 
 0 
 0 
 0 
 0 
 0 
 0 
 0 
 0 
 0 
 0 
 0 
 0 
 0 
 0 
 0 
 0 
 0 
 0 
 0 
 0 
 0 
 0 
 0 
 0 
 0 
 0 
 0 
 0 
 0 
 0 
 0 
 0 
 0 
 0 
 0 
 0 
 0 
 0 
 0 
 0 
 0 
 0 
 0 
 0 
 0 
 0 
 0 
 0 
 0 
 0 
 0 
 0 
 0 
 0 
 0 
 0 
 0 
 0 
 0 
 0 
 0 
 0 
 0 
 0 
 0 
 0 
 0 
 0 
 0 
 0 
 0 
 0 
 0 
 0 
 0 
 0 
 0 
 0 
 0 
 0 
 0 
 0 
 0 
 0 
 0 
 0 
 0 
 0 
 0 
 0 
 0 
 0 
 0 
 0 
 0 
 0 
 0 
 0 
 0 
 0 
 0 
 0 
 0 
 0 
 0 
 0 
 0 
 0 
 0 
 0 
 0 
 0 
 0 
 0 
 0 
 0 
 0 
 0 
 0 
 0 
 0 
 0 
 0 
 0 
 0 
 0 
 0 
 0 
 0 
 0 
 0 
 0 
 0 
 0 
 0 
 0 
 0 
 0 
 0 
 0 
 0 
 0 
 0 
 0 
 0 
 0 
 0 
 0 
 0 
 0 
 0 
 0 
 0 
 0 
 0 
 0 
 0 
 0 
 0 
 0 
 0 
 0 
 0 
 0 
 0 
 0 
 0 
 0 
 0 
 0 
 0 
 0 
 0 
 0 
 0 
 0 
 0 
 0 
 0 
 0 
 0 
 0 
 0 
 0 
 0 
 0 
 0 
 0 
 0 
 0 
 0 
 0 
 0 
 0 
 0 
 0 
 0 
 0 
 0 
 0 
 0 
 0 
 0 
 0 
 0 
 0 
 0 
 0 
 0 
 0 
 0 
 0 
 0 
 0 
 0 
 0 
 0 
 0 
 0 
 0 
 0 
 0 
 0 
 0 
 0 
 0 
 0 
 0 
 0 
 0 
 0 
 0 
 0 
 0 
 0 
 0 
 0 
 0 
 0 
 0 
 0 
 0 
 0 
 0 
 0 
 0 
 0 
 0 
 0 
 0 
 0 
 0 
 0 
 0 
 0 
 0 
 0 
 0 
 0 
 0 
 0 
 0 
 0 
 0 
 0 
 0 
 0 
 0 
 0 
 0 
 0 
 0 
 0 
 0 
 0 
 0 
 0 
 0 
 0 
 0 
 0 
 0 
 0 
 0 
 0 
 0 
 0 
 0 
 0 
 0 
 0 
 0 
 0 
 0 
 0 
 0 
 0 
 0 
 0 
 0 
 0 
 0 
 0 
 0 
 0 
 0 
 0 
 0 
 0 
 0 
 0 
 0 
 0 
 0 
 0 
 0 
 0 
 0 
 0 
 0 
 0 
 0 
 0 
 0 
 0 
 0 
 0 
 0 
 0 
 0 
 0 
 0 
 0 
 0 
 0 
 0 
 0 
 0 
 0 
 0 
 0 
 0 
 0 
 0 
 0 
 0 
 0 
 0 
 0 
 0 
 0 
 0 
 0 
 0 
 0 
 0 
 0 
 0 
 0 
 0 
 0 
 0 
 0 
 0 
 0 
 0 
 0 
 0 
 0 
 0 
 0 
 0 
 0 
 0 
 0 
 0 
 0 
 0 
 0 
 0 
 0 
 0 
 0 
 0 
 0 
 0 
 0 
 0 
 0 
 0 
 0 
 0 
 0 
 0 
 0 
 0 
 0 
 0 
 0 
 0 
 0 
 0 
 0 
 0 
 0 
 0 
 0 
 8,46740050804403E-04 
 8,46740050804403E-04 
 1,69348010160881E-03 
 1,69348010160881E-03 
 2,54022015241321E-03 
 3,38696020321761E-03 
 4,23370025402202E-03 
 4,23370025402202E-03 
 5,08044030482642E-03 
 7,62066045723963E-03 
 7,62066045723963E-03 
 8,46740050804403E-03 
 9,31414055884843E-03 
 1,18543607112616E-02 
 1,35478408128704E-02 
 1,52413209144793E-02 
 1,60880609652837E-02 
 1,77815410668925E-02 
 1,94750211685013E-02 
 2,11685012701101E-02 
 1,86282811176969E-02 
 2,70956816257409E-02 
 2,96359017781541E-02 
 3,13293818797629E-02 
 3,38696020321761E-02 
 3,64098221845893E-02 
 3,81033022861981E-02 
 3,21761219305673E-02 
 3,38696020321761E-02 
 3,72565622353937E-02 
 3,30228619813717E-02 
 3,55630821337849E-02 
 3,81033022861981E-02 
 4,23370025402202E-02 
 3,38696020321761E-02 
 3,72565622353937E-02 
 2,79424216765453E-02 
 2,96359017781541E-02 
 3,21761219305673E-02 
 3,55630821337849E-02 
 3,72565622353937E-02 
 3,38696020321761E-02 
 3,55630821337849E-02 
 3,64098221845893E-02 
 4,99576629974598E-02 
 4,06435224386113E-02 
 4,06435224386113E-02 
 0,044030482641829 
 4,57239627434378E-02 
 4,74174428450466E-02 
 4,74174428450466E-02 
 5,08044030482642E-02 
 4,74174428450466E-02 
 0,052497883149873 
 5,84250635055038E-02 
 6,01185436071126E-02 
 6,01185436071126E-02 
 6,18120237087214E-02 
 6,35055038103302E-02 
 5,92718035563082E-02 
 0,060965283657917 
 0,137171888230313 
 0,115156646909399 
 0,117696867061812 
 0,118543607112616 
 0,11346316680779 
 0,144792548687553 
 0,146486028789162 
 0,149026248941575 
 0,174428450465707 
 0,16342082980525 
 0,166807790008467 
 0,169348010160881 
 0,161727349703641 
 0,225232853513971 
 0,229466553767993 
 0,228619813717189 
 0,156646909398815 
 0,135478408128704 
 0,139712108382726 
 0,166807790008467 
 0,149872988992379 
 0,157493649449619 
 0,172734970364098 
 0,177815410668925 
 0,177815410668925 
 0,186282811176969 
 0,199830651989839 
 0,208298052497883 
 0,270956816257409 
 0,2692633361558 
 0,149872988992379 
 0,154953429297206 
 0,189669771380186 
 0,186282811176969 
 0,194750211685013 
 0,209991532599492 
 0,212531752751905 
 0,228619813717189 
 0,227773073666384 
 0,224386113463167 
 0,183742591024555 
 0,144792548687553 
 0,18458933107536 
 0,165961049957663 
 0,167654530059272 
 0,165961049957663 
 0,132091447925487 
 0,133784928027096 
 0,1346316680779 
 0,147332768839966 
 0,141405588484335 
 0,139712108382726 
 0,144792548687553 
 0,149872988992379 
 0,159187129551228 
 0,160880609652837 
 0,154106689246401 
 0,104149026248942 
 0,109229466553768 
 0,114309906858594 
 0,106689246401355 
 9,56816257408975E-02 
 8,80609652836579E-02 
 8,46740050804403E-02 
 7,70533446232007E-02 
 9,06011854360711E-02 
 7,79000846740051E-02 
 8,29805249788315E-02 
 8,38272650296359E-02 
 7,53598645215919E-02 
 9,39881456392887E-02 
 9,48348856900931E-02 
 0,104995766299746 
 0,10584250635055 
 0,102455546147333 
 0,107535986452159 
 0,165114309906859 
 0,185436071126164 
 0,182049110922947 
 0,207451312447079 
 0,189669771380186 
 0,190516511430991 
 0,187129551227773 
 0,173581710414903 
 0,170194750211685 
 0,242167654530059 
 0,223539373412362 
 0,225232853513971 
 0,257408975444539 
 0,295512277730737 
 0,297205757832345 
 0,226079593564776 
 0,211685012701101 
 0,212531752751905 
 0,225232853513971 
 0,226079593564776 
 0,222692633361558 
 0,497036409822185 
 0,499576629974598 
 0,552921253175275 
 0,556308213378493 
 0,55969517358171 
 0,563082133784928 
 0,566469093988146 
 0,569009314140559 
 0,572396274343776 
 0,546994072819644 
 0,550381033022862 
 0,384419983065199 
 0,36917866215072 
 0,353090601185436 
 0,308213378492803 
 0,309906858594412 
 0,370872142252329 
 0,198983911939035 
 0,20575783234547 
 0,237087214225233 
 0,214225232853514 
 0,209144792548688 
 0,209991532599492 
 0,198983911939035 
 0,193056731583404 
 0,200677392040644 
 0,208298052497883 
 0,202370872142252 
 0,209991532599492 
 0,210838272650296 
 0,218458933107536 
 0,180355630821338 
 0,181202370872142 
 0,195596951735817 
 0,196443691786621 
 0,190516511430991 
 0,191363251481795 
 0,212531752751905 
 0,21337849280271 
 0,233700254022015 
 0,194750211685013 
 0,195596951735817 
 0,209991532599492 
 0,217612193056732 
 0,19813717188823 
 0,198983911939035 
 0,44030482641829 
 0,428450465707028 
 0,416596104995766 
 0,34801016088061 
 0,328535139712108 
 0,386113463166808 
 0,394580863674852 
 0,409822184589331 
 0,61727349703641 
 0,619813717188823 
 0,585944115156647 
 0,58848433530906 
 0,489415749364945 
 0,498729889923793 
 0,529212531752752 
 0,5385266723116 
 0,350550381033023 
 0,285351397121084 
 0,279424216765453 
 0,265876375952583 
 0,273497036409822 
 0,244707874682472 
 0,245554614733277 
 0,463166807790008 
 0,531752751905165 
 0,519051651143099 
 0,452159187129551 
 0,45385266723116 
 0,690093141405589 
 0,662150719729043 
 0,671464860287892 
 0,665537679932261 
 0,652836579170195 
 0,639288738357324 
 0,648602878916173 
 0,650296359017781 
 0,713801862828112 
 0,708721422523285 
 0,764606265876376 
 0,767146486028789 
 0,784928027095682 
 0,377646062658764 
 0,394580863674852 
 0,48264182895851 
 0,46740050804403 
 0,453005927180356 
 0,573243014394581 
 0,57493649449619 
 0,49618966977138 
 0,802709568162574 
 0,804403048264183 
 0,806096528365792 
 0,8077900084674 
 0,809483488569009 
 0,811176968670618 
 0,813717188823031 
 0,81541066892464 
 0,481795088907705 
 0,622353937341236 
 0,656223539373412 
 0,649449618966977 
 0,650296359017781 
 0,660457239627434 
 0,653683319220999 
 0,654530059271804 
 0,68077900084674 
 0,648602878916173 
 0,624894157493649 
 0,60965283657917 
 0,602032176121931 
 0,628281117696867 
 0,629127857747671 
 0,605419136325148 
 0,740897544453853 
 0,784928027095682 
 0,785774767146486 
 0,812870448772227 
 0,813717188823031 
 0,823878069432684 
 0,833192209991533 
 0,843353090601185 
 0,84419983065199 
 0,854360711261643 
 0,855207451312447 
 0,856900931414056 
 0,85774767146486 
 0,859441151566469 
 0,860287891617273 
 0,861134631668078 
 0,862828111769687 
 0,863674851820491 
 0,864521591871296 
 0,8653683319221 
 0,867061812023709 
 0,867908552074513 
 0,868755292125318 
 0,869602032176122 
 0,870448772226926 
 0,871295512277731 
 0,593564775613887 
 0,585097375105842 
 0,507197290431837 
 0,507197290431837 
 0,63082133784928 
 0,631668077900085 
 0,333615580016935 
 0,351397121083827 
 0,342929720575783 
 0,519051651143099 
 0,510584250635055 
 0,537679932260796 
 0,537679932260796 
 0,600338696020322 
 0,565622353937341 
 0,50381033022862 
 0,486028789161727 
 0,486875529212532 
 0,469093988145639 
 0,6731583403895 
 0,682472480948349 
 0,683319220999153 
 0,683319220999153 
 0,683319220999153 
 0,666384419983065 
 0,613039796782388 
 0,889077053344623 
 0,889923793395428 
 0,889923793395428 
 0,881456392887384 
 0,596951735817104 
 0,472480948348857 
 0,561388653683319 
 0,58848433530906 
 0,712955122777307 
 0,712955122777307 
 0,606265876375953 
 0,615580016934801 
 0,8653683319221 
 0,856900931414056 
 0,839119390347163 
 0,856900931414056 
 0,731583403895004 
 0,731583403895004 
 0,731583403895004 
 0,776460626587638 
 0,821337849280271 
 0,79424216765453 
 0,686706181202371 
 0,784928027095682 
 0,740897544453853 
 0,757832345469941 
 0,757832345469941 
 0,793395427603726 
 0,820491109229467 
 0,784081287044877 
 0,7307366638442 
 0,7307366638442 
 0,721422523285351 
 0,721422523285351 
 0,613886536833192 
 0,631668077900085 
 0,729043183742591 
 0,729043183742591 
 0,728196443691787 
 0,728196443691787 
 0,728196443691787 
 0,745131244707875 
 0,745131244707875 
 0,735817104149026 
 0,734970364098222 
 0,734970364098222 
 0,734123624047417 
 0,742591024555461 
 0,75952582557155 
 0,758679085520745 
 0,758679085520745 
 0,819644369178662 
 0,712955122777307 
 0,747671464860288 
 0,747671464860288 
 0,746824724809483 
 0,728196443691787 
 0,728196443691787 
 0,648602878916173 
 0,734970364098222 
 0,830651989839119 
 0,838272650296359 
 0,654530059271804 
 0,767146486028789 
 0,870448772226926 
 0,869602032176122 
 0,868755292125318 
 0,867908552074513 
 0,858594411515665 
 0,856900931414056 
 0,847586790855207 
 0,846740050804403 
 0,854360711261643 
 0,852667231160034 
 0,851820491109229 
 0,833192209991533 
 0,583403895004234 
 0,607959356477561 
 0,607112616426757 
 0,478408128704488 
 0,512277730736664 
 0,493649449618967 
 0,544453852667231 
 0,560541913632515 
 0,55969517358171 
 0,516511430990686 
 0,701100762066046 
 0,674851820491109 
 0,674005080440305 
 0,6731583403895 
 0,5961049957663 
 0,494496189669771 
 0,493649449618967 
 0,392040643522439 
 0,558848433530906 
 0,698560541913632 
 0,697713801862828 
 0,696020321761219 
 0,686706181202371 
 0,685012701100762 
 0,675698560541914 
 0,674005080440305 
 0,68077900084674 
 0,785774767146486 
 0,718882303132938 
 0,717188823031329 
 0,716342082980525 
 0,714648602878916 
 0,712955122777307 
 0,711261642675699 
 0,70194750211685 
 0,579170194750212 
 0,722269263336156 
 0,720575783234547 
 0,686706181202371 
 0,693480101608806 
 0,699407281964437 
 0,674005080440305 
 0,679932260795936 
 0,678238780694327 
 0,676545300592718 
 0,66723116003387 
 0,6731583403895 
 0,671464860287892 
 0,662150719729043 
 0,644369178662151 
 0,642675698560542 
 0,640982218458933 
 0,677392040643522 
 0,660457239627434 
 0,666384419983065 
 0,656223539373412 
 0,646909398814564 
 0,645215918712955 
 0,658763759525826 
 0,656223539373412 
 0,624047417442845 
 0,65198983911939 
 0,486028789161727 
 0,484335309060119 
 0,47502116850127 
 0,444538526672312 
 0,737510584250635 
 0,735817104149026 
 0,733276883996613 
 0,7307366638442 
 0,728196443691787 
 0,725656223539373 
 0,72311600338696 
 0,720575783234547 
 0,718035563082134 
 0,715495342929721 
 0,712955122777307 
 0,710414902624894 
 0,707874682472481 
 0,704487722269263 
 0,70194750211685 
 0,699407281964437 
 0,696867061812024 
 0,69432684165961 
 0,691786621507197 
 0,468247248094835 
 0,438611346316681 
 0,478408128704488 
 0,475867908552075 
 0,508044030482642 
 0,506350550381033 
 0,50381033022862 
 0,555461473327688 
 0,552921253175275 
 0,550381033022862 
 0,541913632514818 
 0,539373412362405 
 0,543607112616427 
 0,534292972057578 
 0,486875529212532 
 0,529212531752752 
 0,54614733276884 
 0,543607112616427 
 0,541066892464014 
 0,5385266723116 
 0,535986452159187 
 0,533446232006774 
 0,505503810330229 
 0,409822184589331 
 0,408128704487722 
 0,344623200677392 
 0,318374259102456 
 0,334462320067739 
 0,24809483488569 
 0,187129551227773 
 0,191363251481795 
 0,458933107535986 
 0,456392887383573 
 0,577476714648603 
 0,57493649449619 
 0,577476714648603 
 0,568162574089754 
 0,570702794242168 
 0,561388653683319 
 0,552921253175275 
 0,555461473327688 
 0,298899237933954 
 0,302286198137172 
 0,289585097375106 
 0,270956816257409 
 0,258255715495343 
 0,267569856054191 
 0,331075359864522 
 0,302286198137172 
 0,251481795088908 
 0,325148179508891 
 0,296359017781541 
 0,299745977984759 
 0,292125317527519 
 0,497883149872989 
 0,468247248094835 
 0,34801016088061 
 0,345469940728196 
 0,327688399661304 
 0,385266723116003 
 0,397967823878069 
 0,394580863674852 
 0,392040643522439 
 0,481795088907705 
 0,323454699407282 
 0,315834038950042 
 0,327688399661304 
 0,339542760372566 
 0,309060118543607 
 0,287891617273497 
 0,271803556308213 
 0,457239627434378 
 0,453005927180356 
 0,449618966977138 
 0,44623200677392 
 0,441998306519898 
 0,438611346316681 
 0,434377646062659 
 0,413209144792549 
 0,422523285351397 
 0,423370025402202 
 0,41913632514818 
 0,415749364944962 
 0,41151566469094 
 0,408128704487722 
 0,4038950042337 
 0,400508044030483 
 0,396274343776461 
 0,392887383573243 
 0,388653683319221 
 0,385266723116003 
 0,381033022861981 
 0,376799322607959 
 0,373412362404742 
 0,36917866215072 
 0,365791701947502 
 0,36155800169348 
 0,357324301439458 
 0,35393734123624 
 0,349703640982218 
 0,345469940728196 
 0,342082980524979 
 0,337849280270957 
 0,333615580016935 
 0,330228619813717 
 0,325994919559695 
 0,321761219305673 
 0,318374259102456 
 0,314140558848434 
 0,309906858594412 
 0,306519898391194 
 0,302286198137172 
 0,29805249788315 
 0,293818797629128 
 0,29043183742591 
 0,286198137171888 
 0,281964436917866 
 0,277730736663844 
 0,268416596104996 
 0,154106689246401 
 0,151566469093988 
 0,162574089754445 
 0,167654530059272 
 0,109229466553768 
 9,99153259949196E-02 
 0,130397967823878 
 0,12108382726503 
 0,12108382726503 
 0,177815410668925 
 0,190516511430991 
 0,187129551227773 
 0,172734970364098 
 0,185436071126164 
 0,175275190516511 
 0,171888230313294 
 0,171041490262489 
 0,167654530059272 
 0,164267569856054 
 0,157493649449619 
 0,137171888230313 
 0,11346316680779 
 0,112616426756986 
 0,104995766299746 
 9,73751058425063E-02 
 6,60457239627434E-02 
 0,101608806096528 
 9,56816257408975E-02 
 0,044030482641829 
 3,97967823878069E-02 
 4,06435224386113E-02 
 0,044030482641829 
 5,16511430990686E-02 
 4,99576629974598E-02 
 0,048264182895851 
 4,74174428450466E-02 
 4,57239627434378E-02 
 4,74174428450466E-02 
 4,57239627434378E-02 
 4,57239627434378E-02 
 4,48772226926334E-02 
 4,23370025402202E-02 
 4,31837425910246E-02 
 6,18120237087214E-02 
 8,38272650296359E-02 
 8,29805249788315E-02 
 7,87468247248095E-02 
 7,36663844199831E-02 
 7,11261642675699E-02 
 7,02794242167655E-02 
 5,75783234546994E-02 
 0,052497883149873 
 5,16511430990686E-02 
 4,91109229466554E-02 
 6,01185436071126E-02 
 0,056731583403895 
 0,056731583403895 
 5,41913632514818E-02 
 5,08044030482642E-02 
 4,74174428450466E-02 
 4,48772226926334E-02 
 4,14902624894158E-02 
 3,89500423370025E-02 
 3,64098221845893E-02 
 3,38696020321761E-02 
 2,87891617273497E-02 
 2,70956816257409E-02 
 2,62489415749365E-02 
 2,37087214225233E-02 
 2,11685012701101E-02 
 1,94750211685013E-02 
 1,69348010160881E-02 
 1,52413209144793E-02 
 1,35478408128704E-02 
 1,18543607112616E-02 
 1,01608806096528E-02 
 7,62066045723963E-03 
 5,92718035563082E-03 
 4,23370025402202E-03 
 3,38696020321761E-03 
 2,54022015241321E-03 
 2,54022015241321E-03 
 1,69348010160881E-03 
 8,46740050804403E-04 
 8,46740050804403E-04 
 8,46740050804403E-04 
 0 
 0 
 0 
 0 
 0 
 0 
 0 
 0 
 0 
 0 
 0 
 0 
 0 
 0 
 0 
 0 
 0 
 0 
 0 
 0 
 0 
 0 
 0 
 0 
 0 
 0 
 0 
 0 
 0 
 0 
 0 
 0 
 0 
 0 
 0 
 0 
 0 
 0 
 0 
 0 
 0 
 0 
 0 
 0 
 0 
 0 
 0 
 0 
 0 
 0 
 0 
 0 
 0 
 0 
 0 
 0 
 0 
 0 
 0 
 0 
 0 
 0 
 0 
 0 
 0 
 0 
 0 
 0 
 0 
 0 
 0 
 0 
 0 
 0 
 0 
 0 
 0 
 0 
 0 
 0 
 0 
 0 
 0 
 0 
 0 
 0 
 0 
 0 
 0 
 0 
 0 
 0 
 0 
 0 
 0 
 0 
 0 
 0 
 0 
 0 
 0 
 0 
 0 
 0 
 0 
 0 
 0 
 0 
 0 
 0 
 0 
 0 
 0 
 0 
 0 
 0 
 0 
 0 
 0 
 0 
 0 
 0 
 0 
 0 
 0 
 0 
 0 
 0 
 0 
 0 
 0 
 0 
 0 
 0 
 0 
 0 
 0 
 0 
 0 
 0 
 0 
 0 
 0 
 0 
 0 
 0 
 0 
 0 
 0 
 0 
 0 
 0 
 0 
 0 
 0 
 0 
 0 
 0 
 0 
 0 
 0 
 0 
 0 
 0 
 0 
 0 
 0 
 0 
 0 
 0 
 0 
 0 
 0 
 0 
 0 
 0 
 0 
 0 
 0 
 0 
 0 
 0 
 0 
 0 
 0 
 0 
 0 
 0 
 0 
 0 
 0 
 0 
 0 
 0 
 0 
 0 
 0 
 0 
 0 
 0 
 0 
 0 
 0 
 0 
 0 
 0 
 0 
 0 
 0 
 0 
 0 
 0 
 0 
 0 
 0 
 0 
 0 
 0 
 0 
 0 
 0 
 0 
 0 
 0 
 0 
 0 
 0 
 0 
 0 
 0 
 0 
 0 
 0 
 0 
 0 
 0 
 0 
 0 
 0 
 0 
 0 
 0 
 0 
 0 
 0 
 0 
 0 
 0 
 0 
 0 
 0 
 0 
 0 
 0 
 0 
 0 
 0 
 0 
 0 
 0 
 0 
 0 
 0 
 0 
 0 
 0 
 0 
 0 
 0 
 0 
 0 
 0 
 0 
 0 
 0 
 0 
 0 
 0 
 0 
 0 
 0 
 0 
 0 
 0 
 0 
 0 
 0 
 0 
 0 
 0 
 0 
 0 
 0 
 0 
 0 
 0 
 0 
 0 
 0 
 0 
 0 
 0 
 0 
 0 
 0 
 0 
 0 
 0 
 0 
 0 
 0 
