 0 
 0 
 0 
 0 
 0 
 0 
 0 
 0 
 0 
 0 
 0 
 0 
 0 
 0 
 0 
 0 
 0 
 0 
 0 
 0 
 0 
 0 
 0 
 0 
 0 
 0 
 0 
 0 
 0 
 0 
 0 
 0 
 0 
 0 
 0 
 0 
 0 
 0 
 0 
 0 
 0 
 0 
 0 
 0 
 0 
 0 
 0 
 0 
 0 
 0 
 0 
 0 
 0 
 0 
 0 
 0 
 0 
 0 
 0 
 0 
 0 
 0 
 0 
 0 
 0 
 0 
 0 
 0 
 0 
 0 
 0 
 0 
 0 
 0 
 0 
 0 
 0 
 0 
 0 
 0 
 0 
 0 
 0 
 0 
 0 
 0 
 0 
 0 
 0 
 0 
 0 
 0 
 0 
 0 
 0 
 0 
 0 
 0 
 0 
 0 
 0 
 0 
 0 
 0 
 0 
 0 
 0 
 0 
 0 
 0 
 0 
 0 
 0 
 0 
 0 
 0 
 0 
 0 
 0 
 0 
 0 
 0 
 0 
 0 
 0 
 0 
 0 
 0 
 0 
 0 
 0 
 0 
 0 
 0 
 0 
 0 
 0 
 0 
 0 
 0 
 0 
 0 
 0 
 0 
 0 
 0 
 0 
 0 
 0 
 0 
 0 
 0 
 0 
 0 
 0 
 0 
 0 
 0 
 0 
 0 
 0 
 0 
 0 
 0 
 0 
 0 
 0 
 0 
 0 
 0 
 0 
 0 
 0 
 0 
 0 
 0 
 0 
 0 
 0 
 0 
 0 
 0 
 0 
 0 
 0 
 0 
 0 
 0 
 0 
 0 
 0 
 0 
 0 
 0 
 0 
 0 
 0 
 0 
 0 
 0 
 0 
 0 
 0 
 0 
 0 
 0 
 0 
 0 
 0 
 0 
 0 
 0 
 0 
 0 
 0 
 0 
 0 
 0 
 0 
 0 
 0 
 0 
 0 
 0 
 0 
 0 
 0 
 0 
 0 
 0 
 0 
 0 
 0 
 0 
 0 
 0 
 0 
 0 
 0 
 0 
 0 
 0 
 0 
 0 
 0 
 0 
 0 
 0 
 0 
 0 
 0 
 0 
 0 
 0 
 0 
 0 
 0 
 0 
 0 
 0 
 0 
 0 
 0 
 0 
 0 
 0 
 0 
 0 
 0 
 0 
 0 
 0 
 0 
 0 
 0 
 0 
 0 
 0 
 0 
 0 
 0 
 0 
 0 
 0 
 0 
 0 
 0 
 0 
 0 
 0 
 0 
 0 
 0 
 0 
 0 
 0 
 0 
 0 
 0 
 0 
 0 
 0 
 0 
 0 
 0 
 0 
 0 
 0 
 0 
 0 
 0 
 0 
 0 
 0 
 0 
 0 
 0 
 0 
 0 
 0 
 0 
 0 
 0 
 0 
 0 
 0 
 0 
 0 
 0 
 0 
 0 
 0 
 0 
 0 
 0 
 0 
 0 
 0 
 0 
 0 
 0 
 0 
 0 
 0 
 0 
 0 
 0 
 0 
 0 
 0 
 0 
 0 
 0 
 0 
 0 
 0 
 0 
 0 
 0 
 0 
 0 
 0 
 0 
 0 
 0 
 0 
 0 
 0 
 0 
 0 
 0 
 0 
 0 
 0 
 0 
 0 
 0 
 0 
 0 
 0 
 0 
 0 
 0 
 0 
 0 
 0 
 0 
 0 
 0 
 0 
 0 
 0 
 0 
 0 
 0 
 0 
 0 
 0 
 0 
 0 
 0 
 0 
 0 
 0 
 0 
 0 
 0 
 0 
 0 
 0 
 0 
 0 
 0 
 0 
 0 
 0 
 0 
 0 
 0 
 0 
 0 
 0 
 0 
 0 
 0 
 0 
 0 
 0 
 0 
 0 
 0 
 0 
 0 
 0 
 0 
 0 
 0 
 0 
 0 
 0 
 8,46740050804403E-04 
 8,46740050804403E-04 
 8,46740050804403E-04 
 8,46740050804403E-04 
 8,46740050804403E-04 
 8,46740050804403E-04 
 1,69348010160881E-03 
 1,69348010160881E-03 
 1,69348010160881E-03 
 1,69348010160881E-03 
 2,54022015241321E-03 
 3,38696020321761E-03 
 3,38696020321761E-03 
 4,23370025402202E-03 
 4,23370025402202E-03 
 5,08044030482642E-03 
 5,92718035563082E-03 
 5,92718035563082E-03 
 6,77392040643522E-03 
 6,77392040643522E-03 
 7,62066045723963E-03 
 8,46740050804403E-03 
 8,46740050804403E-03 
 9,31414055884843E-03 
 9,31414055884843E-03 
 1,10076206604572E-02 
 1,10076206604572E-02 
 1,18543607112616E-02 
 0,012701100762066 
 1,43945808636749E-02 
 2,03217612193057E-02 
 2,11685012701101E-02 
 2,20152413209145E-02 
 2,37087214225233E-02 
 2,45554614733277E-02 
 2,62489415749365E-02 
 2,62489415749365E-02 
 2,79424216765453E-02 
 2,79424216765453E-02 
 3,47163420829805E-02 
 2,54022015241321E-02 
 2,62489415749365E-02 
 2,70956816257409E-02 
 3,04826418289585E-02 
 2,87891617273497E-02 
 2,96359017781541E-02 
 2,79424216765453E-02 
 2,96359017781541E-02 
 2,96359017781541E-02 
 2,87891617273497E-02 
 2,96359017781541E-02 
 2,96359017781541E-02 
 2,87891617273497E-02 
 2,79424216765453E-02 
 2,87891617273497E-02 
 3,30228619813717E-02 
 3,38696020321761E-02 
 3,47163420829805E-02 
 3,89500423370025E-02 
 3,38696020321761E-02 
 3,47163420829805E-02 
 3,97967823878069E-02 
 4,65707027942422E-02 
 5,33446232006774E-02 
 0,052497883149873 
 5,08044030482642E-02 
 4,74174428450466E-02 
 5,08044030482642E-02 
 4,48772226926334E-02 
 4,57239627434378E-02 
 5,33446232006774E-02 
 0,052497883149873 
 5,08044030482642E-02 
 5,41913632514818E-02 
 5,50381033022862E-02 
 5,84250635055038E-02 
 6,68924640135478E-02 
 7,02794242167655E-02 
 7,45131244707875E-02 
 7,53598645215919E-02 
 8,46740050804403E-02 
 8,63674851820491E-02 
 9,56816257408975E-02 
 0,108382726502964 
 9,56816257408975E-02 
 9,99153259949196E-02 
 0,101608806096528 
 9,99153259949196E-02 
 9,82218458933107E-02 
 0,102455546147333 
 0,103302286198137 
 9,56816257408975E-02 
 9,65283657917019E-02 
 9,14479254868755E-02 
 9,56816257408975E-02 
 8,97544453852667E-02 
 8,80609652836579E-02 
 8,89077053344623E-02 
 8,63674851820491E-02 
 8,72142252328535E-02 
 8,80609652836579E-02 
 9,65283657917019E-02 
 9,39881456392887E-02 
 8,72142252328535E-02 
 8,89077053344623E-02 
 9,31414055884843E-02 
 9,82218458933107E-02 
 0,175275190516511 
 0,161727349703641 
 0,166807790008467 
 0,192209991532599 
 0,214225232853514 
 0,215918712955123 
 0,221845893310754 
 0,244707874682472 
 0,238780694326842 
 0,232853513971211 
 0,201524132091448 
 0,198983911939035 
 0,196443691786621 
 0,189669771380186 
 0,186282811176969 
 0,310753598645216 
 0,441998306519898 
 0,445385266723116 
 0,448772226926334 
 0,453005927180356 
 0,456392887383573 
 0,460626587637595 
 0,464013547840813 
 0,46740050804403 
 0,471634208298052 
 0,451312447078747 
 0,459779847586791 
 0,463166807790008 
 0,243014394580864 
 0,249788314987299 
 0,320914479254869 
 0,308213378492803 
 0,325148179508891 
 0,478408128704488 
 0,289585097375106 
 0,225232853513971 
 0,220999153259949 
 0,222692633361558 
 0,214225232853514 
 0,167654530059272 
 0,143099068585944 
 0,127857747671465 
 0,122777307366638 
 0,123624047417443 
 0,114309906858594 
 0,120237087214225 
 0,12108382726503 
 0,110922946655377 
 9,99153259949196E-02 
 0,100762066045724 
 7,28196443691787E-02 
 7,95935647756139E-02 
 7,95935647756139E-02 
 9,14479254868755E-02 
 9,22946655376799E-02 
 9,22946655376799E-02 
 9,90685859441152E-02 
 9,99153259949196E-02 
 9,99153259949196E-02 
 0,100762066045724 
 0,11346316680779 
 0,107535986452159 
 9,65283657917019E-02 
 0,115156646909399 
 0,109229466553768 
 0,110076206604572 
 0,110922946655377 
 0,110922946655377 
 0,124470787468247 
 0,131244707874682 
 0,132091447925487 
 0,132091447925487 
 0,12701100762066 
 0,12701100762066 
 0,127857747671465 
 0,121930567315834 
 0,110076206604572 
 0,110076206604572 
 0,104149026248942 
 0,110922946655377 
 0,118543607112616 
 0,125317527519052 
 0,132938187976291 
 0,139712108382726 
 0,11346316680779 
 0,114309906858594 
 0,114309906858594 
 0,115156646909399 
 0,122777307366638 
 0,122777307366638 
 0,130397967823878 
 0,116850127011008 
 0,117696867061812 
 0,124470787468247 
 0,118543607112616 
 0,126164267569856 
 0,140558848433531 
 0,133784928027096 
 0,12701100762066 
 0,11346316680779 
 0,106689246401355 
 0,128704487722269 
 0,129551227773074 
 0,122777307366638 
 0,116003386960203 
 0,123624047417443 
 0,131244707874682 
 0,124470787468247 
 0,116850127011008 
 0,132091447925487 
 0,132938187976291 
 0,392040643522439 
 0,719729043183743 
 0,745131244707875 
 0,746824724809483 
 0,749364944961897 
 0,75190516511431 
 0,754445385266723 
 0,756138865368332 
 0,758679085520745 
 0,761219305673158 
 0,762912785774767 
 0,76545300592718 
 0,767993226079594 
 0,769686706181202 
 0,772226926333616 
 0,773920406435224 
 0,776460626587638 
 0,778154106689246 
 0,78069432684166 
 0,782387806943268 
 0,784928027095682 
 0,78662150719729 
 0,789161727349704 
 0,790855207451312 
 0,792548687552921 
 0,795088907705334 
 0,78069432684166 
 0,591024555461473 
 0,592718035563082 
 0,569856054191363 
 0,35393734123624 
 0,346316680779001 
 0,355630821337849 
 0,34801016088061 
 0,341236240474174 
 0,341236240474174 
 0,350550381033023 
 0,310753598645216 
 0,303132938187976 
 0,320067739204064 
 0,320914479254869 
 0,329381879762913 
 0,338696020321761 
 0,413209144792549 
 0,414055884843353 
 0,331922099915326 
 0,341236240474174 
 0,308213378492803 
 0,342082980524979 
 0,359864521591871 
 0,368331922099915 
 0,360711261642676 
 0,697713801862828 
 0,699407281964437 
 0,700254022015241 
 0,718035563082134 
 0,719729043183743 
 0,737510584250635 
 0,738357324301439 
 0,72311600338696 
 0,723962743437765 
 0,33276883996613 
 0,324301439458086 
 0,350550381033023 
 0,351397121083827 
 0,274343776460627 
 0,335309060118544 
 0,335309060118544 
 0,327688399661304 
 0,301439458086367 
 0,302286198137172 
 0,27688399661304 
 0,27688399661304 
 0,268416596104996 
 0,259949195596952 
 0,2692633361558 
 0,252328535139712 
 0,252328535139712 
 0,243861134631668 
 0,253175275190517 
 0,244707874682472 
 0,244707874682472 
 0,262489415749365 
 0,271803556308213 
 0,263336155800169 
 0,29805249788315 
 0,254868755292125 
 0,246401354784081 
 0,29043183742591 
 0,378492802709568 
 0,370025402201524 
 0,387806943268417 
 0,785774767146486 
 0,751058425063506 
 0,751058425063506 
 0,50381033022862 
 0,522438611346317 
 0,504657070279424 
 0,389500423370025 
 0,39034716342083 
 0,416596104995766 
 0,381879762912786 
 0,239627434377646 
 0,231160033869602 
 0,221845893310754 
 0,231160033869602 
 0,24047417442845 
 0,231160033869602 
 0,222692633361558 
 0,24047417442845 
 0,249788314987299 
 0,249788314987299 
 0,232006773920406 
 0,232006773920406 
 0,232006773920406 
 0,24047417442845 
 0,204911092294666 
 0,196443691786621 
 0,178662150719729 
 0,178662150719729 
 0,169348010160881 
 0,749364944961897 
 0,749364944961897 
 0,55376799322608 
 0,41913632514818 
 0,428450465707028 
 0,410668924640135 
 0,624894157493649 
 0,829805249788315 
 0,829805249788315 
 0,838272650296359 
 0,847586790855207 
 0,838272650296359 
 0,508044030482642 
 0,472480948348857 
 0,41913632514818 
 0,427603725656224 
 0,409822184589331 
 0,374259102455546 
 0,418289585097375 
 0,38272650296359 
 0,426756985605419 
 0,417442845046571 
 0,417442845046571 
 0,435224386113463 
 0,4614733276884 
 0,408128704487722 
 0,469940728196444 
 0,478408128704488 
 0,469093988145639 
 0,460626587637595 
 0,451312447078747 
 0,415749364944962 
 0,397121083827265 
 0,388653683319221 
 0,414902624894157 
 0,396274343776461 
 0,360711261642676 
 0,325994919559695 
 0,334462320067739 
 0,325148179508891 
 0,333615580016935 
 0,324301439458086 
 0,359017781541067 
 0,367485182049111 
 0,367485182049111 
 0,41913632514818 
 0,56731583403895 
 0,610499576629975 
 0,453005927180356 
 0,504657070279424 
 0,442845046570703 
 0,433530906011854 
 0,415749364944962 
 0,285351397121084 
 0,302286198137172 
 0,310753598645216 
 0,465707027942422 
 0,464860287891617 
 0,481795088907705 
 0,480948348856901 
 0,618120237087214 
 0,599491955969517 
 0,547840812870449 
 0,572396274343776 
 0,21337849280271 
 0,230313293818798 
 0,229466553767993 
 0,246401354784081 
 0,245554614733277 
 0,254022015241321 
 0,220152413209145 
 0,21930567315834 
 0,21930567315834 
 0,235393734123624 
 0,235393734123624 
 0,243014394580864 
 0,242167654530059 
 0,250635055038103 
 0,258255715495343 
 0,258255715495343 
 0,257408975444539 
 0,281964436917866 
 0,281117696867062 
 0,272650296359018 
 0,288738357324301 
 0,287891617273497 
 0,287044877222693 
 0,270110076206605 
 0,261642675698561 
 0,285351397121084 
 0,292972057578323 
 0,608806096528366 
 0,624047417442845 
 0,646909398814564 
 0,386960203217612 
 0,402201524132091 
 0,401354784081287 
 0,400508044030483 
 0,399661303979678 
 0,39034716342083 
 0,373412362404742 
 0,594411515664691 
 0,569856054191363 
 0,575783234546994 
 0,645215918712955 
 0,643522438611346 
 0,485182049110923 
 0,453005927180356 
 0,443691786621507 
 0,41151566469094 
 0,394580863674852 
 0,401354784081287 
 0,569856054191363 
 0,568162574089754 
 0,581710414902625 
 0,564775613886537 
 0,555461473327688 
 0,325994919559695 
 0,317527519051651 
 0,362404741744284 
 0,474174428450466 
 0,464860287891617 
 0,463166807790008 
 0,469093988145639 
 0,47502116850127 
 0,466553767993226 
 0,502116850127011 
 0,448772226926334 
 0,366638441998307 
 0,292125317527519 
 0,298899237933954 
 0,282811176968671 
 0,281964436917866 
 0,273497036409822 
 0,265876375952583 
 0,265029635901778 
 0,256562235393734 
 0,248941574936494 
 0,226079593564776 
 0,225232853513971 
 0,217612193056732 
 0,209991532599492 
 0,237087214225233 
 0,208298052497883 
 0,207451312447079 
 0,21337849280271 
 0,198983911939035 
 0,204911092294666 
 0,210838272650296 
 0,216765453005927 
 0,215918712955123 
 0,228619813717189 
 0,220999153259949 
 0,21337849280271 
 0,212531752751905 
 0,217612193056732 
 0,209991532599492 
 0,215918712955123 
 0,215071972904318 
 0,253175275190517 
 0,187129551227773 
 0,211685012701101 
 0,204911092294666 
 0,209991532599492 
 0,227773073666384 
 0,22692633361558 
 0,21930567315834 
 0,243861134631668 
 0,210838272650296 
 0,209991532599492 
 0,196443691786621 
 0,226079593564776 
 0,303979678238781 
 0,29043183742591 
 0,289585097375106 
 0,305673158340389 
 0,309906858594412 
 0,320067739204064 
 0,312447078746825 
 0,275190516511431 
 0,280270956816257 
 0,336155800169348 
 0,299745977984759 
 0,33276883996613 
 0,330228619813717 
 0,339542760372566 
 0,314987298899238 
 0,313293818797629 
 0,322607959356478 
 0,314987298899238 
 0,297205757832345 
 0,354784081287045 
 0,353090601185436 
 0,318374259102456 
 0,455546147332769 
 0,447078746824725 
 0,423370025402202 
 0,452159187129551 
 0,359864521591871 
 0,481795088907705 
 0,474174428450466 
 0,460626587637595 
 0,46740050804403 
 0,489415749364945 
 0,420829805249788 
 0,318374259102456 
 0,281117696867062 
 0,293818797629128 
 0,287044877222693 
 0,298899237933954 
 0,354784081287045 
 0,375952582557155 
 0,381879762912786 
 0,379339542760373 
 0,362404741744284 
 0,38272650296359 
 0,392887383573243 
 0,389500423370025 
 0,381879762912786 
 0,383573243014395 
 0,375952582557155 
 0,364098221845893 
 0,291278577476715 
 0,400508044030483 
 0,426756985605419 
 0,423370025402202 
 0,41913632514818 
 0,415749364944962 
 0,41151566469094 
 0,408128704487722 
 0,4038950042337 
 0,400508044030483 
 0,396274343776461 
 0,392887383573243 
 0,388653683319221 
 0,385266723116003 
 0,381033022861981 
 0,376799322607959 
 0,373412362404742 
 0,36917866215072 
 0,365791701947502 
 0,36155800169348 
 0,357324301439458 
 0,35393734123624 
 0,349703640982218 
 0,345469940728196 
 0,342082980524979 
 0,337849280270957 
 0,333615580016935 
 0,330228619813717 
 0,325994919559695 
 0,321761219305673 
 0,318374259102456 
 0,314140558848434 
 0,309906858594412 
 0,284504657070279 
 0,281117696867062 
 0,27688399661304 
 0,273497036409822 
 0,270110076206605 
 0,2692633361558 
 0,169348010160881 
 0,166807790008467 
 0,161727349703641 
 0,167654530059272 
 0,149026248941575 
 0,175275190516511 
 0,167654530059272 
 0,132091447925487 
 0,130397967823878 
 0,132938187976291 
 0,132938187976291 
 0,128704487722269 
 0,123624047417443 
 0,188823031329382 
 0,187129551227773 
 0,182049110922947 
 0,19813717188823 
 0,194750211685013 
 0,191363251481795 
 0,185436071126164 
 0,177815410668925 
 0,174428450465707 
 0,171041490262489 
 0,138865368331922 
 0,138018628281118 
 0,154953429297206 
 0,126164267569856 
 0,125317527519052 
 0,154953429297206 
 0,151566469093988 
 0,152413209144793 
 0,149026248941575 
 0,149872988992379 
 0,139712108382726 
 0,136325148179509 
 0,131244707874682 
 0,127857747671465 
 0,122777307366638 
 0,119390347163421 
 0,116003386960203 
 0,112616426756986 
 0,109229466553768 
 0,104995766299746 
 9,56816257408975E-02 
 9,06011854360711E-02 
 8,72142252328535E-02 
 8,55207451312447E-02 
 7,79000846740051E-02 
 7,45131244707875E-02 
 5,33446232006774E-02 
 0,048264182895851 
 4,14902624894158E-02 
 3,72565622353937E-02 
 4,57239627434378E-02 
 3,97967823878069E-02 
 3,89500423370025E-02 
 3,81033022861981E-02 
 2,11685012701101E-02 
 2,54022015241321E-02 
 2,37087214225233E-02 
 2,20152413209145E-02 
 2,11685012701101E-02 
 2,96359017781541E-02 
 2,70956816257409E-02 
 2,87891617273497E-02 
 3,38696020321761E-02 
 3,38696020321761E-02 
 3,13293818797629E-02 
 2,79424216765453E-02 
 2,54022015241321E-02 
 2,62489415749365E-02 
 2,37087214225233E-02 
 2,11685012701101E-02 
 1,94750211685013E-02 
 1,60880609652837E-02 
 1,43945808636749E-02 
 0,012701100762066 
 1,10076206604572E-02 
 1,01608806096528E-02 
 8,46740050804403E-03 
 6,77392040643522E-03 
 3,38696020321761E-03 
 2,54022015241321E-03 
 2,54022015241321E-03 
 1,69348010160881E-03 
 8,46740050804403E-04 
 8,46740050804403E-04 
 8,46740050804403E-04 
 0 
 0 
 0 
 0 
 0 
 0 
 0 
 0 
 0 
 0 
 0 
 0 
 0 
 0 
 0 
 0 
 0 
 0 
 0 
 0 
 0 
 0 
 0 
 0 
 0 
 0 
 0 
 0 
 0 
 0 
 0 
 0 
 0 
 0 
 0 
 0 
 0 
 0 
 0 
 0 
 0 
 0 
 0 
 0 
 0 
 0 
 0 
 0 
 0 
 0 
 0 
 0 
 0 
 0 
 0 
 0 
 0 
 0 
 0 
 0 
 0 
 0 
 0 
 0 
 0 
 0 
 0 
 0 
 0 
 0 
 0 
 0 
 0 
 0 
 0 
 0 
 0 
 0 
 0 
 0 
 0 
 0 
 0 
 0 
 0 
 0 
 0 
 0 
 0 
 0 
 0 
 0 
 0 
 0 
 0 
 0 
 0 
 0 
 0 
 0 
 0 
 0 
 0 
 0 
 0 
 0 
 0 
 0 
 0 
 0 
 0 
 0 
 0 
 0 
 0 
 0 
 0 
 0 
 0 
 0 
 0 
 0 
 0 
 0 
 0 
 0 
 0 
 0 
 0 
 0 
 0 
 0 
 0 
 0 
 0 
 0 
 0 
 0 
 0 
 0 
 0 
 0 
 0 
 0 
 0 
 0 
 0 
 0 
 0 
 0 
 0 
 0 
 0 
 0 
 0 
 0 
 0 
 0 
 0 
 0 
 0 
 0 
 0 
 0 
 0 
 0 
 0 
 0 
 0 
 0 
 0 
 0 
 0 
 0 
 0 
 0 
 0 
 0 
 0 
 0 
 0 
 0 
 0 
 0 
 0 
 0 
 0 
 0 
 0 
 0 
 0 
 0 
 0 
 0 
 0 
 0 
 0 
 0 
 0 
 0 
 0 
 0 
 0 
 0 
 0 
 0 
 0 
 0 
 0 
 0 
 0 
 0 
 0 
 0 
 0 
 0 
 0 
 0 
 0 
 0 
 0 
 0 
 0 
 0 
 0 
 0 
 0 
 0 
 0 
 0 
 0 
 0 
 0 
 0 
 0 
 0 
 0 
 0 
 0 
 0 
 0 
 0 
 0 
 0 
 0 
 0 
 0 
 0 
 0 
 0 
 0 
 0 
 0 
 0 
 0 
 0 
 0 
 0 
 0 
 0 
 0 
 0 
 0 
 0 
 0 
 0 
 0 
 0 
 0 
 0 
 0 
 0 
 0 
 0 
 0 
 0 
 0 
 0 
 0 
 0 
 0 
 0 
 0 
 0 
 0 
 0 
 0 
 0 
 0 
 0 
 0 
 0 
 0 
 0 
 0 
 0 
 0 
 0 
 0 
 0 
 0 
 0 
 0 
 0 
 0 
 0 
 0 
 0 
 0 
 0 
 0 
 0 
