 0 
 0 
 0 
 0 
 0 
 0 
 0 
 0 
 0 
 0 
 0 
 0 
 0 
 0 
 0 
 0 
 0 
 0 
 0 
 0 
 0 
 0 
 0 
 0 
 0 
 0 
 0 
 0 
 0 
 0 
 0 
 0 
 0 
 0 
 0 
 0 
 0 
 0 
 0 
 0 
 0 
 0 
 0 
 0 
 0 
 0 
 0 
 0 
 0 
 0 
 0 
 0 
 0 
 0 
 0 
 0 
 0 
 0 
 0 
 0 
 0 
 0 
 0 
 0 
 0 
 0 
 0 
 0 
 0 
 0 
 0 
 0 
 0 
 0 
 0 
 0 
 0 
 0 
 0 
 0 
 0 
 0 
 0 
 0 
 0 
 0 
 0 
 0 
 0 
 0 
 0 
 0 
 0 
 0 
 0 
 0 
 0 
 0 
 0 
 0 
 0 
 0 
 0 
 0 
 0 
 0 
 0 
 0 
 0 
 0 
 0 
 0 
 0 
 0 
 0 
 0 
 0 
 0 
 0 
 0 
 0 
 0 
 0 
 0 
 0 
 0 
 0 
 0 
 0 
 0 
 0 
 0 
 0 
 0 
 0 
 0 
 0 
 0 
 0 
 0 
 0 
 0 
 0 
 0 
 0 
 0 
 0 
 0 
 0 
 0 
 0 
 0 
 0 
 0 
 0 
 0 
 0 
 0 
 0 
 0 
 0 
 0 
 0 
 0 
 0 
 0 
 0 
 0 
 0 
 0 
 0 
 0 
 0 
 0 
 0 
 0 
 0 
 0 
 0 
 0 
 0 
 0 
 0 
 0 
 0 
 0 
 0 
 0 
 0 
 0 
 0 
 0 
 0 
 0 
 0 
 0 
 0 
 0 
 0 
 0 
 0 
 0 
 0 
 0 
 0 
 0 
 0 
 0 
 0 
 0 
 0 
 0 
 0 
 0 
 0 
 0 
 0 
 0 
 0 
 0 
 0 
 0 
 0 
 0 
 0 
 0 
 0 
 0 
 0 
 0 
 0 
 0 
 0 
 0 
 0 
 0 
 0 
 0 
 0 
 0 
 0 
 0 
 0 
 0 
 0 
 0 
 0 
 0 
 0 
 0 
 0 
 0 
 0 
 0 
 0 
 0 
 0 
 0 
 0 
 0 
 0 
 0 
 0 
 0 
 0 
 0 
 0 
 0 
 0 
 0 
 0 
 0 
 0 
 0 
 0 
 0 
 0 
 0 
 0 
 0 
 0 
 0 
 0 
 0 
 0 
 0 
 0 
 0 
 0 
 0 
 0 
 0 
 0 
 0 
 0 
 0 
 0 
 0 
 0 
 0 
 0 
 0 
 0 
 0 
 0 
 0 
 0 
 0 
 0 
 0 
 0 
 0 
 0 
 0 
 0 
 0 
 0 
 0 
 0 
 0 
 0 
 0 
 0 
 0 
 0 
 0 
 0 
 0 
 0 
 0 
 0 
 0 
 0 
 0 
 0 
 0 
 0 
 0 
 0 
 0 
 0 
 0 
 0 
 0 
 0 
 0 
 0 
 0 
 0 
 0 
 0 
 0 
 0 
 0 
 0 
 0 
 0 
 0 
 0 
 0 
 0 
 0 
 0 
 0 
 0 
 0 
 0 
 0 
 0 
 0 
 0 
 0 
 0 
 0 
 0 
 0 
 0 
 0 
 0 
 0 
 0 
 0 
 0 
 0 
 0 
 0 
 0 
 0 
 0 
 0 
 0 
 0 
 0 
 0 
 0 
 0 
 0 
 0 
 0 
 0 
 0 
 0 
 0 
 0 
 0 
 0 
 0 
 0 
 0 
 0 
 0 
 0 
 0 
 0 
 0 
 0 
 0 
 0 
 0 
 0 
 0 
 0 
 0 
 0 
 0 
 0 
 0 
 0 
 0 
 0 
 0 
 0 
 0 
 0 
 0 
 0 
 0 
 0 
 0 
 8,46740050804403E-04 
 8,46740050804403E-04 
 8,46740050804403E-04 
 8,46740050804403E-04 
 1,69348010160881E-03 
 1,69348010160881E-03 
 2,54022015241321E-03 
 2,54022015241321E-03 
 3,38696020321761E-03 
 3,38696020321761E-03 
 4,23370025402202E-03 
 4,23370025402202E-03 
 4,23370025402202E-03 
 5,08044030482642E-03 
 5,08044030482642E-03 
 5,08044030482642E-03 
 5,08044030482642E-03 
 5,92718035563082E-03 
 6,77392040643522E-03 
 6,77392040643522E-03 
 7,62066045723963E-03 
 8,46740050804403E-03 
 9,31414055884843E-03 
 1,10076206604572E-02 
 1,10076206604572E-02 
 9,31414055884843E-03 
 1,10076206604572E-02 
 1,10076206604572E-02 
 1,10076206604572E-02 
 0,012701100762066 
 0,012701100762066 
 1,35478408128704E-02 
 1,43945808636749E-02 
 1,43945808636749E-02 
 1,69348010160881E-02 
 1,69348010160881E-02 
 2,20152413209145E-02 
 2,28619813717189E-02 
 2,37087214225233E-02 
 2,45554614733277E-02 
 2,54022015241321E-02 
 2,28619813717189E-02 
 2,54022015241321E-02 
 2,62489415749365E-02 
 2,28619813717189E-02 
 1,86282811176969E-02 
 1,86282811176969E-02 
 1,69348010160881E-02 
 1,69348010160881E-02 
 1,60880609652837E-02 
 1,35478408128704E-02 
 1,69348010160881E-02 
 1,86282811176969E-02 
 1,60880609652837E-02 
 1,35478408128704E-02 
 1,52413209144793E-02 
 1,52413209144793E-02 
 1,43945808636749E-02 
 1,43945808636749E-02 
 1,10076206604572E-02 
 1,35478408128704E-02 
 1,18543607112616E-02 
 1,01608806096528E-02 
 1,01608806096528E-02 
 1,01608806096528E-02 
 1,01608806096528E-02 
 1,10076206604572E-02 
 1,10076206604572E-02 
 1,35478408128704E-02 
 1,35478408128704E-02 
 1,35478408128704E-02 
 2,11685012701101E-02 
 2,11685012701101E-02 
 2,20152413209145E-02 
 2,20152413209145E-02 
 2,45554614733277E-02 
 2,54022015241321E-02 
 2,54022015241321E-02 
 2,87891617273497E-02 
 3,72565622353937E-02 
 4,06435224386113E-02 
 4,06435224386113E-02 
 4,99576629974598E-02 
 0,048264182895851 
 0,048264182895851 
 0,052497883149873 
 5,84250635055038E-02 
 5,92718035563082E-02 
 6,01185436071126E-02 
 6,43522438611346E-02 
 6,77392040643522E-02 
 7,53598645215919E-02 
 7,02794242167655E-02 
 7,36663844199831E-02 
 8,12870448772227E-02 
 8,55207451312447E-02 
 8,97544453852667E-02 
 9,48348856900931E-02 
 8,55207451312447E-02 
 0,103302286198137 
 0,108382726502964 
 0,10584250635055 
 0,110922946655377 
 0,108382726502964 
 0,109229466553768 
 9,99153259949196E-02 
 0,119390347163421 
 0,120237087214225 
 0,121930567315834 
 0,130397967823878 
 0,132091447925487 
 0,207451312447079 
 0,202370872142252 
 0,195596951735817 
 0,226079593564776 
 0,195596951735817 
 0,209991532599492 
 0,203217612193057 
 0,209144792548688 
 0,224386113463167 
 0,21337849280271 
 0,193903471634208 
 0,238780694326842 
 0,24047417442845 
 0,238780694326842 
 0,244707874682472 
 0,247248094834886 
 0,262489415749365 
 0,274343776460627 
 0,460626587637595 
 0,464013547840813 
 0,46740050804403 
 0,471634208298052 
 0,47502116850127 
 0,478408128704488 
 0,48264182895851 
 0,486028789161727 
 0,489415749364945 
 0,45385266723116 
 0,452159187129551 
 0,460626587637595 
 0,463166807790008 
 0,481795088907705 
 0,352243861134632 
 0,364944961896698 
 0,331922099915326 
 0,359864521591871 
 0,456392887383573 
 0,454699407281964 
 0,452159187129551 
 0,460626587637595 
 0,469093988145639 
 0,396274343776461 
 0,4038950042337 
 0,203217612193057 
 0,198983911939035 
 0,188823031329382 
 0,18458933107536 
 0,191363251481795 
 0,192209991532599 
 0,159187129551228 
 0,154953429297206 
 0,149872988992379 
 0,156646909398815 
 0,157493649449619 
 0,158340389500423 
 0,159187129551228 
 0,148179508890771 
 0,131244707874682 
 0,143945808636749 
 0,150719729043184 
 0,157493649449619 
 0,164267569856054 
 0,165114309906859 
 0,165961049957663 
 0,160880609652837 
 0,180355630821338 
 0,193056731583404 
 0,281964436917866 
 0,27688399661304 
 0,285351397121084 
 0,298899237933954 
 0,287891617273497 
 0,295512277730737 
 0,406435224386113 
 0,408128704487722 
 0,39034716342083 
 0,268416596104996 
 0,282811176968671 
 0,29043183742591 
 0,265029635901778 
 0,272650296359018 
 0,281117696867062 
 0,302286198137172 
 0,289585097375106 
 0,31160033869602 
 0,292125317527519 
 0,307366638441998 
 0,308213378492803 
 0,316680779000847 
 0,303979678238781 
 0,360711261642676 
 0,320067739204064 
 0,287044877222693 
 0,301439458086367 
 0,316680779000847 
 0,310753598645216 
 0,31922099915326 
 0,384419983065199 
 0,379339542760373 
 0,380186282811177 
 0,403048264182896 
 0,476714648602879 
 0,464013547840813 
 0,458086367485182 
 0,401354784081287 
 0,417442845046571 
 0,639288738357324 
 0,656223539373412 
 0,407281964436918 
 0,415749364944962 
 0,417442845046571 
 0,410668924640135 
 0,419983065198984 
 0,420829805249788 
 0,618120237087214 
 0,620660457239627 
 0,622353937341236 
 0,624047417442845 
 0,648602878916173 
 0,650296359017781 
 0,437764606265876 
 0,408128704487722 
 0,424216765453006 
 0,418289585097375 
 0,372565622353937 
 0,365791701947502 
 0,38272650296359 
 0,407281964436918 
 0,384419983065199 
 0,393734123624047 
 0,370872142252329 
 0,379339542760373 
 0,396274343776461 
 0,397121083827265 
 0,44623200677392 
 0,359017781541067 
 0,368331922099915 
 0,337002540220152 
 0,337849280270957 
 0,395427603725656 
 0,485182049110923 
 0,429297205757832 
 0,430143945808637 
 0,39034716342083 
 0,38272650296359 
 0,383573243014395 
 0,679085520745131 
 0,689246401354784 
 0,238780694326842 
 0,230313293818798 
 0,25571549534293 
 0,24809483488569 
 0,24047417442845 
 0,274343776460627 
 0,274343776460627 
 0,283657917019475 
 0,275190516511431 
 0,284504657070279 
 0,27688399661304 
 0,27688399661304 
 0,235393734123624 
 0,252328535139712 
 0,253175275190517 
 0,253175275190517 
 0,287891617273497 
 0,270956816257409 
 0,237933954276037 
 0,263336155800169 
 0,281117696867062 
 0,272650296359018 
 0,238780694326842 
 0,239627434377646 
 0,222692633361558 
 0,232006773920406 
 0,24047417442845 
 0,223539373412362 
 0,232853513971211 
 0,232853513971211 
 0,224386113463167 
 0,224386113463167 
 0,216765453005927 
 0,208298052497883 
 0,208298052497883 
 0,208298052497883 
 0,199830651989839 
 0,191363251481795 
 0,200677392040644 
 0,192209991532599 
 0,463166807790008 
 0,454699407281964 
 0,44623200677392 
 0,437764606265876 
 0,386113463166808 
 0,386113463166808 
 0,395427603725656 
 0,377646062658764 
 0,396274343776461 
 0,492802709568163 
 0,528365791701948 
 0,529212531752752 
 0,838272650296359 
 0,530059271803556 
 0,486028789161727 
 0,778154106689246 
 0,769686706181202 
 0,788314987298899 
 0,788314987298899 
 0,806943268416596 
 0,860287891617273 
 0,851820491109229 
 0,861134631668078 
 0,852667231160034 
 0,861981371718882 
 0,853513971210838 
 0,854360711261643 
 0,872142252328535 
 0,854360711261643 
 0,721422523285351 
 0,721422523285351 
 0,668077900084674 
 0,828958509737511 
 0,838272650296359 
 0,838272650296359 
 0,847586790855207 
 0,838272650296359 
 0,838272650296359 
 0,847586790855207 
 0,874682472480948 
 0,883149872988992 
 0,874682472480948 
 0,883996613039797 
 0,883996613039797 
 0,624894157493649 
 0,597798475867909 
 0,481795088907705 
 0,473327688399661 
 0,731583403895004 
 0,740897544453853 
 0,597798475867909 
 0,490262489415749 
 0,677392040643522 
 0,651143099068586 
 0,535139712108383 
 0,516511430990686 
 0,508044030482642 
 0,569856054191363 
 0,587637595258256 
 0,783234546994073 
 0,756138865368332 
 0,756138865368332 
 0,755292125317528 
 0,755292125317528 
 0,754445385266723 
 0,718882303132938 
 0,727349703640982 
 0,727349703640982 
 0,646909398814564 
 0,531752751905165 
 0,522438611346317 
 0,566469093988146 
 0,565622353937341 
 0,715495342929721 
 0,723962743437765 
 0,72311600338696 
 0,634208298052498 
 0,774767146486029 
 0,589331075359865 
 0,633361558001693 
 0,640982218458933 
 0,474174428450466 
 0,631668077900085 
 0,63082133784928 
 0,665537679932261 
 0,681625740897544 
 0,681625740897544 
 0,68077900084674 
 0,679932260795936 
 0,4614733276884 
 0,486875529212532 
 0,486875529212532 
 0,408128704487722 
 0,372565622353937 
 0,372565622353937 
 0,371718882303133 
 0,380186282811177 
 0,336155800169348 
 0,353090601185436 
 0,335309060118544 
 0,300592718035563 
 0,309060118543607 
 0,308213378492803 
 0,539373412362405 
 0,5385266723116 
 0,674005080440305 
 0,6731583403895 
 0,672311600338696 
 0,577476714648603 
 0,661303979678239 
 0,660457239627434 
 0,65961049957663 
 0,666384419983065 
 0,44623200677392 
 0,6731583403895 
 0,671464860287892 
 0,670618120237087 
 0,727349703640982 
 0,55969517358171 
 0,349703640982218 
 0,349703640982218 
 0,348856900931414 
 0,34801016088061 
 0,322607959356478 
 0,627434377646063 
 0,510584250635055 
 0,633361558001693 
 0,631668077900085 
 0,622353937341236 
 0,718882303132938 
 0,701100762066046 
 0,699407281964437 
 0,698560541913632 
 0,696867061812024 
 0,695173581710415 
 0,693480101608806 
 0,684165961049958 
 0,690093141405589 
 0,464013547840813 
 0,543607112616427 
 0,414055884843353 
 0,254022015241321 
 0,245554614733277 
 0,245554614733277 
 0,268416596104996 
 0,243861134631668 
 0,274343776460627 
 0,265876375952583 
 0,226079593564776 
 0,233700254022015 
 0,225232853513971 
 0,216765453005927 
 0,208298052497883 
 0,208298052497883 
 0,222692633361558 
 0,221845893310754 
 0,244707874682472 
 0,236240474174428 
 0,220152413209145 
 0,211685012701101 
 0,204064352243861 
 0,187976291278577 
 0,172734970364098 
 0,156646909398815 
 0,149026248941575 
 0,141405588484335 
 0,170194750211685 
 0,140558848433531 
 0,139712108382726 
 0,160880609652837 
 0,175275190516511 
 0,167654530059272 
 0,160033869602032 
 0,151566469093988 
 0,137171888230313 
 0,129551227773074 
 0,128704487722269 
 0,135478408128704 
 0,1346316680779 
 0,120237087214225 
 0,120237087214225 
 0,133784928027096 
 0,126164267569856 
 9,73751058425063E-02 
 0,110922946655377 
 0,110922946655377 
 0,110076206604572 
 0,110076206604572 
 0,116003386960203 
 0,116003386960203 
 0,115156646909399 
 0,107535986452159 
 0,100762066045724 
 0,11346316680779 
 9,99153259949196E-02 
 9,99153259949196E-02 
 9,90685859441152E-02 
 0,111769686706181 
 0,117696867061812 
 0,110922946655377 
 0,110076206604572 
 0,116003386960203 
 0,128704487722269 
 0,127857747671465 
 0,12108382726503 
 0,120237087214225 
 0,107535986452159 
 0,106689246401355 
 0,10584250635055 
 9,90685859441152E-02 
 0,104995766299746 
 0,104149026248942 
 8,55207451312447E-02 
 8,55207451312447E-02 
 8,46740050804403E-02 
 9,06011854360711E-02 
 8,97544453852667E-02 
 9,56816257408975E-02 
 8,89077053344623E-02 
 8,21337849280271E-02 
 9,39881456392887E-02 
 9,31414055884843E-02 
 0,104149026248942 
 0,104149026248942 
 0,103302286198137 
 0,114309906858594 
 0,124470787468247 
 0,129551227773074 
 0,122777307366638 
 0,122777307366638 
 0,121930567315834 
 0,115156646909399 
 0,125317527519052 
 0,130397967823878 
 0,145639288738357 
 0,15580016934801 
 0,154106689246401 
 0,164267569856054 
 0,162574089754445 
 0,171888230313294 
 0,144792548687553 
 0,11346316680779 
 0,107535986452159 
 0,106689246401355 
 0,10584250635055 
 0,104995766299746 
 0,124470787468247 
 0,123624047417443 
 0,12701100762066 
 0,136325148179509 
 0,135478408128704 
 0,138865368331922 
 0,128704487722269 
 0,12701100762066 
 0,112616426756986 
 0,106689246401355 
 0,10584250635055 
 0,104995766299746 
 0,104149026248942 
 9,90685859441152E-02 
 9,82218458933107E-02 
 9,73751058425063E-02 
 0,109229466553768 
 0,108382726502964 
 9,90685859441152E-02 
 9,39881456392887E-02 
 9,31414055884843E-02 
 8,80609652836579E-02 
 9,99153259949196E-02 
 0,106689246401355 
 0,110076206604572 
 0,100762066045724 
 0,104149026248942 
 0,103302286198137 
 0,10584250635055 
 0,104995766299746 
 0,131244707874682 
 0,129551227773074 
 0,124470787468247 
 0,122777307366638 
 0,221845893310754 
 0,208298052497883 
 0,216765453005927 
 0,218458933107536 
 0,215918712955123 
 0,206604572396274 
 0,176121930567316 
 0,177815410668925 
 0,162574089754445 
 0,193903471634208 
 0,187976291278577 
 0,185436071126164 
 0,171041490262489 
 0,168501270110076 
 0,200677392040644 
 0,266723116003387 
 0,2692633361558 
 0,265876375952583 
 0,270956816257409 
 0,267569856054191 
 0,264182895850974 
 0,263336155800169 
 0,281964436917866 
 0,277730736663844 
 0,274343776460627 
 0,270110076206605 
 0,193903471634208 
 0,181202370872142 
 0,177815410668925 
 0,180355630821338 
 0,175275190516511 
 0,182049110922947 
 0,17696867061812 
 0,161727349703641 
 0,152413209144793 
 0,149872988992379 
 0,209991532599492 
 0,210838272650296 
 0,202370872142252 
 0,200677392040644 
 0,199830651989839 
 0,197290431837426 
 0,193903471634208 
 0,183742591024555 
 0,180355630821338 
 0,189669771380186 
 0,186282811176969 
 0,182049110922947 
 0,177815410668925 
 0,174428450465707 
 0,170194750211685 
 0,165961049957663 
 0,162574089754445 
 0,158340389500423 
 0,154106689246401 
 0,150719729043184 
 0,146486028789162 
 0,143099068585944 
 0,138865368331922 
 0,135478408128704 
 0,131244707874682 
 0,127857747671465 
 0,123624047417443 
 0,120237087214225 
 0,116003386960203 
 0,112616426756986 
 8,12870448772227E-02 
 6,60457239627434E-02 
 6,68924640135478E-02 
 9,48348856900931E-02 
 9,39881456392887E-02 
 9,06011854360711E-02 
 8,72142252328535E-02 
 8,38272650296359E-02 
 8,04403048264183E-02 
 7,70533446232007E-02 
 7,36663844199831E-02 
 7,02794242167655E-02 
 6,68924640135478E-02 
 6,35055038103302E-02 
 6,01185436071126E-02 
 0,056731583403895 
 4,91109229466554E-02 
 4,57239627434378E-02 
 4,06435224386113E-02 
 3,55630821337849E-02 
 3,30228619813717E-02 
 3,13293818797629E-02 
 2,70956816257409E-02 
 2,54022015241321E-02 
 2,28619813717189E-02 
 2,11685012701101E-02 
 2,11685012701101E-02 
 1,94750211685013E-02 
 1,86282811176969E-02 
 1,86282811176969E-02 
 1,69348010160881E-02 
 1,52413209144793E-02 
 1,35478408128704E-02 
 1,10076206604572E-02 
 9,31414055884843E-03 
 7,62066045723963E-03 
 6,77392040643522E-03 
 5,08044030482642E-03 
 4,23370025402202E-03 
 3,38696020321761E-03 
 2,54022015241321E-03 
 1,69348010160881E-03 
 1,69348010160881E-03 
 8,46740050804403E-04 
 8,46740050804403E-04 
 0 
 0 
 0 
 0 
 0 
 0 
 0 
 0 
 0 
 0 
 0 
 0 
 0 
 0 
 0 
 0 
 0 
 0 
 0 
 0 
 0 
 0 
 0 
 0 
 0 
 0 
 0 
 0 
 0 
 0 
 0 
 0 
 0 
 0 
 0 
 0 
 0 
 0 
 0 
 0 
 0 
 0 
 0 
 0 
 0 
 0 
 0 
 0 
 0 
 0 
 0 
 0 
 0 
 0 
 0 
 0 
 0 
 0 
 0 
 0 
 0 
 0 
 0 
 0 
 0 
 0 
 0 
 0 
 0 
 0 
 0 
 0 
 0 
 0 
 0 
 0 
 0 
 0 
 0 
 0 
 0 
 0 
 0 
 0 
 0 
 0 
 0 
 0 
 0 
 0 
 0 
 0 
 0 
 0 
 0 
 0 
 0 
 0 
 0 
 0 
 0 
 0 
 0 
 0 
 0 
 0 
 0 
 0 
 0 
 0 
 0 
 0 
 0 
 0 
 0 
 0 
 0 
 0 
 0 
 0 
 0 
 0 
 0 
 0 
 0 
 0 
 0 
 0 
 0 
 0 
 0 
 0 
 0 
 0 
 0 
 0 
 0 
 0 
 0 
 0 
 0 
 0 
 0 
 0 
 0 
 0 
 0 
 0 
 0 
 0 
 0 
 0 
 0 
 0 
 0 
 0 
 0 
 0 
 0 
 0 
 0 
 0 
 0 
 0 
 0 
 0 
 0 
 0 
 0 
 0 
 0 
 0 
 0 
 0 
 0 
 0 
 0 
 0 
 0 
 0 
 0 
 0 
 0 
 0 
 0 
 0 
 0 
 0 
 0 
 0 
 0 
 0 
 0 
 0 
 0 
 0 
 0 
 0 
 0 
 0 
 0 
 0 
 0 
 0 
 0 
 0 
 0 
 0 
 0 
 0 
 0 
 0 
 0 
 0 
 0 
 0 
 0 
 0 
 0 
 0 
 0 
 0 
 0 
 0 
 0 
 0 
 0 
 0 
 0 
 0 
 0 
 0 
 0 
 0 
 0 
 0 
 0 
 0 
 0 
 0 
 0 
 0 
 0 
 0 
 0 
 0 
 0 
 0 
 0 
 0 
 0 
 0 
 0 
 0 
 0 
 0 
 0 
 0 
 0 
 0 
 0 
 0 
 0 
 0 
 0 
 0 
 0 
 0 
 0 
 0 
 0 
 0 
 0 
 0 
 0 
 0 
 0 
 0 
 0 
 0 
 0 
 0 
 0 
 0 
 0 
 0 
 0 
 0 
 0 
 0 
 0 
 0 
 0 
 0 
 0 
 0 
 0 
 0 
 0 
 0 
 0 
 0 
 0 
 0 
 0 
 0 
 0 
 0 
 0 
 0 
 0 
