 0 
 0 
 0 
 0 
 0 
 0 
 0 
 0 
 0 
 0 
 0 
 0 
 0 
 0 
 0 
 0 
 0 
 0 
 0 
 0 
 0 
 0 
 0 
 0 
 0 
 0 
 0 
 0 
 0 
 0 
 0 
 0 
 0 
 0 
 0 
 0 
 0 
 0 
 0 
 0 
 0 
 0 
 0 
 0 
 0 
 0 
 0 
 0 
 0 
 0 
 0 
 0 
 0 
 0 
 0 
 0 
 0 
 0 
 0 
 0 
 0 
 0 
 0 
 0 
 0 
 0 
 0 
 0 
 0 
 0 
 0 
 0 
 0 
 0 
 0 
 0 
 0 
 0 
 0 
 0 
 0 
 0 
 0 
 0 
 0 
 0 
 0 
 0 
 0 
 0 
 0 
 0 
 0 
 0 
 0 
 0 
 0 
 0 
 0 
 0 
 0 
 0 
 0 
 0 
 0 
 0 
 0 
 0 
 0 
 0 
 0 
 0 
 0 
 0 
 0 
 0 
 0 
 0 
 0 
 0 
 0 
 0 
 0 
 0 
 0 
 0 
 0 
 0 
 0 
 0 
 0 
 0 
 0 
 0 
 0 
 0 
 0 
 0 
 0 
 0 
 0 
 0 
 0 
 0 
 0 
 0 
 0 
 0 
 0 
 0 
 0 
 0 
 0 
 0 
 0 
 0 
 0 
 0 
 0 
 0 
 0 
 0 
 0 
 0 
 0 
 0 
 0 
 0 
 0 
 0 
 0 
 0 
 0 
 0 
 0 
 0 
 0 
 0 
 0 
 0 
 0 
 0 
 0 
 0 
 0 
 0 
 0 
 0 
 0 
 0 
 0 
 0 
 0 
 0 
 0 
 0 
 0 
 0 
 0 
 0 
 0 
 0 
 0 
 0 
 0 
 0 
 0 
 0 
 0 
 0 
 0 
 0 
 0 
 0 
 0 
 0 
 0 
 0 
 0 
 0 
 0 
 0 
 0 
 0 
 0 
 0 
 0 
 0 
 0 
 0 
 0 
 0 
 0 
 0 
 0 
 0 
 0 
 0 
 0 
 0 
 0 
 0 
 0 
 0 
 0 
 0 
 0 
 0 
 0 
 0 
 0 
 0 
 0 
 0 
 0 
 0 
 0 
 0 
 0 
 0 
 0 
 0 
 0 
 0 
 0 
 0 
 0 
 0 
 0 
 0 
 0 
 0 
 0 
 0 
 0 
 0 
 0 
 0 
 0 
 0 
 0 
 0 
 0 
 0 
 0 
 0 
 0 
 0 
 0 
 0 
 0 
 0 
 0 
 0 
 0 
 0 
 0 
 0 
 0 
 0 
 0 
 0 
 0 
 0 
 0 
 0 
 0 
 0 
 0 
 0 
 0 
 0 
 0 
 0 
 0 
 0 
 0 
 0 
 0 
 0 
 0 
 0 
 0 
 0 
 0 
 0 
 0 
 0 
 0 
 0 
 0 
 0 
 0 
 0 
 0 
 0 
 0 
 0 
 0 
 0 
 0 
 0 
 0 
 0 
 0 
 0 
 0 
 0 
 0 
 0 
 0 
 0 
 0 
 0 
 0 
 0 
 0 
 0 
 0 
 0 
 0 
 0 
 0 
 0 
 0 
 0 
 0 
 0 
 0 
 0 
 0 
 0 
 0 
 0 
 0 
 0 
 0 
 0 
 0 
 0 
 0 
 0 
 0 
 0 
 0 
 0 
 0 
 0 
 0 
 0 
 0 
 0 
 0 
 0 
 0 
 0 
 0 
 0 
 0 
 0 
 0 
 0 
 0 
 0 
 0 
 0 
 0 
 0 
 0 
 0 
 0 
 0 
 0 
 0 
 0 
 0 
 0 
 0 
 0 
 0 
 0 
 0 
 0 
 0 
 0 
 0 
 0 
 0 
 0 
 0 
 0 
 0 
 0 
 0 
 0 
 0 
 8,46740050804403E-04 
 8,46740050804403E-04 
 8,46740050804403E-04 
 1,69348010160881E-03 
 1,69348010160881E-03 
 2,54022015241321E-03 
 4,23370025402202E-03 
 8,46740050804403E-03 
 4,23370025402202E-03 
 5,08044030482642E-03 
 6,77392040643522E-03 
 7,62066045723963E-03 
 1,18543607112616E-02 
 1,43945808636749E-02 
 1,43945808636749E-02 
 1,60880609652837E-02 
 1,69348010160881E-02 
 1,94750211685013E-02 
 2,11685012701101E-02 
 2,20152413209145E-02 
 3,30228619813717E-02 
 3,55630821337849E-02 
 3,64098221845893E-02 
 3,72565622353937E-02 
 4,14902624894158E-02 
 2,54022015241321E-02 
 2,70956816257409E-02 
 2,87891617273497E-02 
 2,79424216765453E-02 
 3,13293818797629E-02 
 3,04826418289585E-02 
 3,21761219305673E-02 
 4,48772226926334E-02 
 4,99576629974598E-02 
 4,65707027942422E-02 
 0,048264182895851 
 4,57239627434378E-02 
 4,57239627434378E-02 
 4,57239627434378E-02 
 4,14902624894158E-02 
 4,57239627434378E-02 
 3,64098221845893E-02 
 3,55630821337849E-02 
 3,89500423370025E-02 
 3,47163420829805E-02 
 3,55630821337849E-02 
 3,72565622353937E-02 
 4,23370025402202E-02 
 3,89500423370025E-02 
 3,89500423370025E-02 
 3,97967823878069E-02 
 4,14902624894158E-02 
 4,65707027942422E-02 
 4,65707027942422E-02 
 4,74174428450466E-02 
 4,91109229466554E-02 
 3,89500423370025E-02 
 3,97967823878069E-02 
 4,23370025402202E-02 
 4,48772226926334E-02 
 4,65707027942422E-02 
 4,57239627434378E-02 
 4,65707027942422E-02 
 4,57239627434378E-02 
 4,65707027942422E-02 
 4,14902624894158E-02 
 4,06435224386113E-02 
 4,14902624894158E-02 
 3,81033022861981E-02 
 3,64098221845893E-02 
 3,89500423370025E-02 
 3,97967823878069E-02 
 3,81033022861981E-02 
 3,21761219305673E-02 
 3,47163420829805E-02 
 3,55630821337849E-02 
 3,38696020321761E-02 
 3,21761219305673E-02 
 3,47163420829805E-02 
 3,30228619813717E-02 
 3,38696020321761E-02 
 3,38696020321761E-02 
 2,96359017781541E-02 
 2,96359017781541E-02 
 3,55630821337849E-02 
 3,89500423370025E-02 
 3,97967823878069E-02 
 3,97967823878069E-02 
 4,65707027942422E-02 
 0,044030482641829 
 4,14902624894158E-02 
 3,30228619813717E-02 
 3,97967823878069E-02 
 4,31837425910246E-02 
 4,74174428450466E-02 
 5,41913632514818E-02 
 0,060965283657917 
 5,84250635055038E-02 
 4,57239627434378E-02 
 4,99576629974598E-02 
 5,75783234546994E-02 
 5,84250635055038E-02 
 5,16511430990686E-02 
 4,91109229466554E-02 
 4,91109229466554E-02 
 5,33446232006774E-02 
 4,65707027942422E-02 
 0,044030482641829 
 4,06435224386113E-02 
 4,48772226926334E-02 
 4,48772226926334E-02 
 4,57239627434378E-02 
 4,23370025402202E-02 
 4,23370025402202E-02 
 4,31837425910246E-02 
 4,74174428450466E-02 
 5,16511430990686E-02 
 0,052497883149873 
 0,056731583403895 
 5,75783234546994E-02 
 5,84250635055038E-02 
 5,84250635055038E-02 
 6,77392040643522E-02 
 6,85859441151566E-02 
 6,85859441151566E-02 
 0,069432684165961 
 6,60457239627434E-02 
 7,95935647756139E-02 
 8,46740050804403E-02 
 9,39881456392887E-02 
 0,108382726502964 
 0,118543607112616 
 0,119390347163421 
 0,120237087214225 
 0,116850127011008 
 0,122777307366638 
 0,123624047417443 
 0,115156646909399 
 0,116003386960203 
 0,126164267569856 
 0,12701100762066 
 0,132938187976291 
 0,138865368331922 
 0,139712108382726 
 0,22692633361558 
 0,228619813717189 
 0,21930567315834 
 0,220999153259949 
 0,342082980524979 
 0,485182049110923 
 0,48264182895851 
 0,401354784081287 
 0,404741744284505 
 0,417442845046571 
 0,419983065198984 
 0,423370025402202 
 0,458086367485182 
 0,455546147332769 
 0,453005927180356 
 0,455546147332769 
 0,514817950889077 
 0,51735817104149 
 0,514817950889077 
 0,518204911092295 
 0,309060118543607 
 0,328535139712108 
 0,295512277730737 
 0,291278577476715 
 0,304826418289585 
 0,288738357324301 
 0,284504657070279 
 0,280270956816257 
 0,293818797629128 
 0,307366638441998 
 0,526672311600339 
 0,523285351397121 
 0,531752751905165 
 0,535139712108383 
 0,537679932260796 
 0,527519051651143 
 0,524132091447925 
 0,526672311600339 
 0,422523285351397 
 0,405588484335309 
 0,407281964436918 
 0,434377646062659 
 0,410668924640135 
 0,413209144792549 
 0,421676545300593 
 0,4038950042337 
 0,392887383573243 
 0,354784081287045 
 0,402201524132091 
 0,397967823878069 
 0,41913632514818 
 0,447925486875529 
 0,456392887383573 
 0,465707027942422 
 0,487722269263336 
 0,455546147332769 
 0,423370025402202 
 0,473327688399661 
 0,351397121083827 
 0,338696020321761 
 0,35393734123624 
 0,39034716342083 
 0,594411515664691 
 0,70194750211685 
 0,704487722269263 
 0,707027942421677 
 0,70956816257409 
 0,712108382726503 
 0,714648602878916 
 0,717188823031329 
 0,719729043183743 
 0,722269263336156 
 0,724809483488569 
 0,530906011854361 
 0,547840812870449 
 0,579170194750212 
 0,58086367485182 
 0,582557154953429 
 0,724809483488569 
 0,742591024555461 
 0,745131244707875 
 0,746824724809483 
 0,749364944961897 
 0,75190516511431 
 0,754445385266723 
 0,582557154953429 
 0,599491955969517 
 0,608806096528366 
 0,595258255715495 
 0,589331075359865 
 0,568162574089754 
 0,569856054191363 
 0,401354784081287 
 0,371718882303133 
 0,380186282811177 
 0,202370872142252 
 0,187129551227773 
 0,180355630821338 
 0,180355630821338 
 0,259949195596952 
 0,268416596104996 
 0,324301439458086 
 0,341236240474174 
 0,469093988145639 
 0,486028789161727 
 0,279424216765453 
 0,256562235393734 
 0,248941574936494 
 0,257408975444539 
 0,265876375952583 
 0,258255715495343 
 0,599491955969517 
 0,341236240474174 
 0,358171041490262 
 0,424216765453006 
 0,43268416596105 
 0,384419983065199 
 0,31160033869602 
 0,303979678238781 
 0,287891617273497 
 0,297205757832345 
 0,29805249788315 
 0,248941574936494 
 0,281964436917866 
 0,282811176968671 
 0,299745977984759 
 0,317527519051651 
 0,325994919559695 
 0,393734123624047 
 0,5961049957663 
 0,596951735817104 
 0,606265876375953 
 0,548687552921253 
 0,583403895004234 
 0,584250635055038 
 0,712108382726503 
 0,670618120237087 
 0,662997459779848 
 0,740897544453853 
 0,750211685012701 
 0,75190516511431 
 0,74428450465707 
 0,582557154953429 
 0,668924640135478 
 0,669771380186283 
 0,636748518204911 
 0,637595258255716 
 0,672311600338696 
 0,664690939881456 
 0,674005080440305 
 0,657917019475021 
 0,685012701100762 
 0,833192209991533 
 0,834038950042337 
 0,869602032176122 
 0,870448772226926 
 0,871295512277731 
 0,872142252328535 
 0,87298899237934 
 0,822184589331075 
 0,813717188823031 
 0,876375952582557 
 0,648602878916173 
 0,640982218458933 
 0,632514817950889 
 0,668077900084674 
 0,448772226926334 
 0,466553767993226 
 0,46740050804403 
 0,458933107535986 
 0,46740050804403 
 0,60965283657917 
 0,557154953429297 
 0,513124470787468 
 0,495342929720576 
 0,522438611346317 
 0,522438611346317 
 0,487722269263336 
 0,505503810330229 
 0,514817950889077 
 0,453005927180356 
 0,337849280270957 
 0,337849280270957 
 0,364944961896698 
 0,337849280270957 
 0,329381879762913 
 0,329381879762913 
 0,21337849280271 
 0,222692633361558 
 0,232006773920406 
 0,232006773920406 
 0,24047417442845 
 0,249788314987299 
 0,27688399661304 
 0,267569856054191 
 0,249788314987299 
 0,27688399661304 
 0,320914479254869 
 0,312447078746825 
 0,312447078746825 
 0,320914479254869 
 0,339542760372566 
 0,339542760372566 
 0,34801016088061 
 0,34801016088061 
 0,338696020321761 
 0,365791701947502 
 0,41913632514818 
 0,44623200677392 
 0,436917866215072 
 0,481795088907705 
 0,508044030482642 
 0,401354784081287 
 0,338696020321761 
 0,356477561388654 
 0,364944961896698 
 0,356477561388654 
 0,276037256562235 
 0,320067739204064 
 0,31160033869602 
 0,284504657070279 
 0,275190516511431 
 0,284504657070279 
 0,292972057578323 
 0,328535139712108 
 0,301439458086367 
 0,309906858594412 
 0,309906858594412 
 0,309906858594412 
 0,300592718035563 
 0,291278577476715 
 0,309060118543607 
 0,291278577476715 
 0,264182895850974 
 0,237933954276037 
 0,246401354784081 
 0,237933954276037 
 0,264182895850974 
 0,263336155800169 
 0,263336155800169 
 0,263336155800169 
 0,236240474174428 
 0,227773073666384 
 0,175275190516511 
 0,192209991532599 
 0,200677392040644 
 0,191363251481795 
 0,191363251481795 
 0,199830651989839 
 0,199830651989839 
 0,208298052497883 
 0,216765453005927 
 0,198983911939035 
 0,181202370872142 
 0,172734970364098 
 0,172734970364098 
 0,16342082980525 
 0,154953429297206 
 0,154953429297206 
 0,154106689246401 
 0,154106689246401 
 0,171041490262489 
 0,171041490262489 
 0,179508890770533 
 0,195596951735817 
 0,204064352243861 
 0,212531752751905 
 0,228619813717189 
 0,254022015241321 
 0,270110076206605 
 0,270110076206605 
 0,260795935647756 
 0,209991532599492 
 0,285351397121084 
 0,284504657070279 
 0,276037256562235 
 0,259102455546147 
 0,249788314987299 
 0,249788314987299 
 0,248941574936494 
 0,248941574936494 
 0,206604572396274 
 0,19813717188823 
 0,189669771380186 
 0,181202370872142 
 0,172734970364098 
 0,180355630821338 
 0,171888230313294 
 0,187129551227773 
 0,195596951735817 
 0,194750211685013 
 0,218458933107536 
 0,209991532599492 
 0,217612193056732 
 0,217612193056732 
 0,216765453005927 
 0,49618966977138 
 0,486875529212532 
 0,525825571549534 
 0,58848433530906 
 0,507197290431837 
 0,403048264182896 
 0,402201524132091 
 0,50381033022862 
 0,486875529212532 
 0,492802709568163 
 0,336155800169348 
 0,303979678238781 
 0,310753598645216 
 0,309906858594412 
 0,386113463166808 
 0,35393734123624 
 0,383573243014395 
 0,375105842506351 
 0,549534292972058 
 0,547840812870449 
 0,54614733276884 
 0,68839966130398 
 0,663844199830652 
 0,624047417442845 
 0,719729043183743 
 0,695173581710415 
 0,715495342929721 
 0,697713801862828 
 0,696020321761219 
 0,737510584250635 
 0,735817104149026 
 0,733276883996613 
 0,7307366638442 
 0,728196443691787 
 0,725656223539373 
 0,72311600338696 
 0,720575783234547 
 0,718035563082134 
 0,715495342929721 
 0,627434377646063 
 0,631668077900085 
 0,622353937341236 
 0,528365791701948 
 0,526672311600339 
 0,573243014394581 
 0,571549534292972 
 0,360711261642676 
 0,366638441998307 
 0,392887383573243 
 0,438611346316681 
 0,396274343776461 
 0,381033022861981 
 0,359017781541067 
 0,243014394580864 
 0,248941574936494 
 0,254022015241321 
 0,259949195596952 
 0,252328535139712 
 0,19813717188823 
 0,197290431837426 
 0,209144792548688 
 0,208298052497883 
 0,200677392040644 
 0,193903471634208 
 0,186282811176969 
 0,185436071126164 
 0,209991532599492 
 0,215071972904318 
 0,201524132091448 
 0,176121930567316 
 0,131244707874682 
 0,143099068585944 
 0,136325148179509 
 0,154106689246401 
 0,146486028789162 
 0,133784928027096 
 0,132938187976291 
 0,132938187976291 
 0,138018628281118 
 0,131244707874682 
 0,130397967823878 
 0,117696867061812 
 0,116850127011008 
 0,116850127011008 
 0,110076206604572 
 0,109229466553768 
 0,126164267569856 
 0,119390347163421 
 0,101608806096528 
 0,101608806096528 
 0,100762066045724 
 9,99153259949196E-02 
 9,99153259949196E-02 
 9,90685859441152E-02 
 0,104149026248942 
 0,103302286198137 
 0,102455546147333 
 9,65283657917019E-02 
 0,100762066045724 
 0,143099068585944 
 0,131244707874682 
 0,135478408128704 
 0,1346316680779 
 0,138865368331922 
 0,117696867061812 
 0,121930567315834 
 0,12108382726503 
 0,125317527519052 
 0,124470787468247 
 0,123624047417443 
 0,117696867061812 
 0,116850127011008 
 0,116003386960203 
 0,119390347163421 
 0,109229466553768 
 0,11346316680779 
 0,107535986452159 
 0,111769686706181 
 0,119390347163421 
 0,123624047417443 
 0,117696867061812 
 0,126164267569856 
 0,120237087214225 
 0,132938187976291 
 0,135478408128704 
 0,138865368331922 
 0,138018628281118 
 0,158340389500423 
 0,139712108382726 
 0,146486028789162 
 0,149872988992379 
 0,143945808636749 
 0,143099068585944 
 0,19813717188823 
 0,199830651989839 
 0,206604572396274 
 0,200677392040644 
 0,19813717188823 
 0,231160033869602 
 0,217612193056732 
 0,169348010160881 
 0,156646909398815 
 0,147332768839966 
 0,138865368331922 
 0,133784928027096 
 0,110922946655377 
 0,109229466553768 
 0,115156646909399 
 0,12108382726503 
 0,116003386960203 
 0,115156646909399 
 0,11346316680779 
 0,115156646909399 
 0,114309906858594 
 0,109229466553768 
 0,108382726502964 
 0,110076206604572 
 0,108382726502964 
 0,100762066045724 
 0,102455546147333 
 0,104149026248942 
 8,80609652836579E-02 
 8,38272650296359E-02 
 8,29805249788315E-02 
 8,21337849280271E-02 
 8,38272650296359E-02 
 8,21337849280271E-02 
 7,87468247248095E-02 
 7,45131244707875E-02 
 7,36663844199831E-02 
 7,19729043183743E-02 
 7,11261642675699E-02 
 0,065198983911939 
 6,85859441151566E-02 
 6,77392040643522E-02 
 8,55207451312447E-02 
 8,38272650296359E-02 
 8,72142252328535E-02 
 7,70533446232007E-02 
 7,79000846740051E-02 
 7,62066045723963E-02 
 7,45131244707875E-02 
 7,36663844199831E-02 
 6,77392040643522E-02 
 6,43522438611346E-02 
 0,065198983911939 
 6,43522438611346E-02 
 0,056731583403895 
 0,158340389500423 
 0,154953429297206 
 0,151566469093988 
 8,72142252328535E-02 
 9,22946655376799E-02 
 8,80609652836579E-02 
 8,63674851820491E-02 
 7,79000846740051E-02 
 7,45131244707875E-02 
 6,60457239627434E-02 
 6,60457239627434E-02 
 6,68924640135478E-02 
 4,57239627434378E-02 
 4,31837425910246E-02 
 4,23370025402202E-02 
 4,48772226926334E-02 
 4,23370025402202E-02 
 4,06435224386113E-02 
 3,81033022861981E-02 
 9,99153259949196E-02 
 8,89077053344623E-02 
 8,63674851820491E-02 
 8,21337849280271E-02 
 8,63674851820491E-02 
 7,36663844199831E-02 
 0,069432684165961 
 5,84250635055038E-02 
 5,84250635055038E-02 
 5,16511430990686E-02 
 4,31837425910246E-02 
 4,48772226926334E-02 
 4,23370025402202E-02 
 3,64098221845893E-02 
 3,13293818797629E-02 
 5,08044030482642E-02 
 4,74174428450466E-02 
 4,48772226926334E-02 
 4,23370025402202E-02 
 3,89500423370025E-02 
 3,55630821337849E-02 
 3,30228619813717E-02 
 2,70956816257409E-02 
 2,20152413209145E-02 
 1,86282811176969E-02 
 1,86282811176969E-02 
 1,69348010160881E-02 
 1,60880609652837E-02 
 1,43945808636749E-02 
 1,18543607112616E-02 
 9,31414055884843E-03 
 7,62066045723963E-03 
 6,77392040643522E-03 
 5,92718035563082E-03 
 5,08044030482642E-03 
 4,23370025402202E-03 
 4,23370025402202E-03 
 3,38696020321761E-03 
 2,54022015241321E-03 
 3,38696020321761E-03 
 2,54022015241321E-03 
 2,54022015241321E-03 
 1,69348010160881E-03 
 8,46740050804403E-04 
 8,46740050804403E-04 
 8,46740050804403E-04 
 0 
 0 
 0 
 0 
 0 
 0 
 0 
 0 
 0 
 0 
 0 
 0 
 0 
 0 
 0 
 0 
 0 
 0 
 0 
 0 
 0 
 0 
 0 
 0 
 0 
 0 
 0 
 0 
 0 
 0 
 0 
 0 
 0 
 0 
 0 
 0 
 0 
 0 
 0 
 0 
 0 
 0 
 0 
 0 
 0 
 0 
 0 
 0 
 0 
 0 
 0 
 0 
 0 
 0 
 0 
 0 
 0 
 0 
 0 
 0 
 0 
 0 
 0 
 0 
 0 
 0 
 0 
 0 
 0 
 0 
 0 
 0 
 0 
 0 
 0 
 0 
 0 
 0 
 0 
 0 
 0 
 0 
 0 
 0 
 0 
 0 
 0 
 0 
 0 
 0 
 0 
 0 
 0 
 0 
 0 
 0 
 0 
 0 
 0 
 0 
 0 
 0 
 0 
 0 
 0 
 0 
 0 
 0 
 0 
 0 
 0 
 0 
 0 
 0 
 0 
 0 
 0 
 0 
 0 
 0 
 0 
 0 
 0 
 0 
 0 
 0 
 0 
 0 
 0 
 0 
 0 
 0 
 0 
 0 
 0 
 0 
 0 
 0 
 0 
 0 
 0 
 0 
 0 
 0 
 0 
 0 
 0 
 0 
 0 
 0 
 0 
 0 
 0 
 0 
 0 
 0 
 0 
 0 
 0 
 0 
 0 
 0 
 0 
 0 
 0 
 0 
 0 
 0 
 0 
 0 
 0 
 0 
 0 
 0 
 0 
 0 
 0 
 0 
 0 
 0 
 0 
 0 
 0 
 0 
 0 
 0 
 0 
 0 
 0 
 0 
 0 
 0 
 0 
 0 
 0 
 0 
 0 
 0 
 0 
 0 
 0 
 0 
 0 
 0 
 0 
 0 
 0 
 0 
 0 
 0 
 0 
 0 
 0 
 0 
 0 
 0 
 0 
 0 
 0 
 0 
 0 
 0 
 0 
 0 
 0 
 0 
 0 
 0 
 0 
 0 
 0 
 0 
 0 
 0 
 0 
 0 
 0 
 0 
 0 
 0 
 0 
 0 
 0 
 0 
 0 
 0 
 0 
 0 
 0 
 0 
 0 
 0 
 0 
 0 
 0 
 0 
 0 
 0 
 0 
 0 
 0 
 0 
 0 
 0 
 0 
 0 
 0 
 0 
 0 
 0 
 0 
 0 
 0 
 0 
 0 
 0 
 0 
 0 
 0 
 0 
 0 
 0 
 0 
 0 
 0 
 0 
 0 
 0 
 0 
 0 
 0 
 0 
 0 
 0 
 0 
 0 
 0 
 0 
 0 
 0 
 0 
 0 
 0 
 0 
 0 
 0 
 0 
 0 
 0 
 0 
 0 
