 0 
 0 
 0 
 0 
 0 
 0 
 0 
 0 
 0 
 0 
 0 
 0 
 0 
 0 
 0 
 0 
 0 
 0 
 0 
 0 
 0 
 0 
 0 
 0 
 0 
 0 
 0 
 0 
 0 
 0 
 0 
 0 
 0 
 0 
 0 
 0 
 0 
 0 
 0 
 0 
 0 
 0 
 0 
 0 
 0 
 0 
 0 
 0 
 0 
 0 
 0 
 0 
 0 
 0 
 0 
 0 
 0 
 0 
 0 
 0 
 0 
 0 
 0 
 0 
 0 
 0 
 0 
 0 
 0 
 0 
 0 
 0 
 0 
 0 
 0 
 0 
 0 
 0 
 0 
 0 
 0 
 0 
 0 
 0 
 0 
 0 
 0 
 0 
 0 
 0 
 0 
 0 
 0 
 0 
 0 
 0 
 0 
 0 
 0 
 0 
 0 
 0 
 0 
 0 
 0 
 0 
 0 
 0 
 0 
 0 
 0 
 0 
 0 
 0 
 0 
 0 
 0 
 0 
 0 
 0 
 0 
 0 
 0 
 0 
 0 
 0 
 0 
 0 
 0 
 0 
 0 
 0 
 0 
 0 
 0 
 0 
 0 
 0 
 0 
 0 
 0 
 0 
 0 
 0 
 0 
 0 
 0 
 0 
 0 
 0 
 0 
 0 
 0 
 0 
 0 
 0 
 0 
 0 
 0 
 0 
 0 
 0 
 0 
 0 
 0 
 0 
 0 
 0 
 0 
 0 
 0 
 0 
 0 
 0 
 0 
 0 
 0 
 0 
 0 
 0 
 0 
 0 
 0 
 0 
 0 
 0 
 0 
 0 
 0 
 0 
 0 
 0 
 0 
 0 
 0 
 0 
 0 
 0 
 0 
 0 
 0 
 0 
 0 
 0 
 0 
 0 
 0 
 0 
 0 
 0 
 0 
 0 
 0 
 0 
 0 
 0 
 0 
 0 
 0 
 0 
 0 
 0 
 0 
 0 
 0 
 0 
 0 
 0 
 0 
 0 
 0 
 0 
 0 
 0 
 0 
 0 
 0 
 0 
 0 
 0 
 0 
 0 
 0 
 0 
 0 
 0 
 0 
 0 
 0 
 0 
 0 
 0 
 0 
 0 
 0 
 0 
 0 
 0 
 0 
 0 
 0 
 0 
 0 
 0 
 0 
 0 
 0 
 0 
 0 
 0 
 0 
 0 
 0 
 0 
 0 
 0 
 0 
 0 
 0 
 0 
 0 
 0 
 0 
 0 
 0 
 0 
 0 
 0 
 0 
 0 
 0 
 0 
 0 
 0 
 0 
 0 
 0 
 0 
 0 
 0 
 0 
 0 
 0 
 0 
 0 
 0 
 0 
 0 
 0 
 0 
 0 
 0 
 0 
 0 
 0 
 0 
 0 
 0 
 0 
 0 
 0 
 0 
 0 
 0 
 0 
 0 
 0 
 0 
 0 
 0 
 0 
 0 
 0 
 0 
 0 
 0 
 0 
 0 
 0 
 0 
 0 
 0 
 0 
 0 
 0 
 0 
 0 
 0 
 0 
 0 
 0 
 0 
 0 
 0 
 0 
 0 
 0 
 0 
 0 
 0 
 0 
 0 
 0 
 0 
 0 
 0 
 0 
 0 
 0 
 0 
 0 
 0 
 0 
 0 
 0 
 0 
 0 
 0 
 0 
 0 
 0 
 0 
 0 
 0 
 0 
 0 
 0 
 0 
 0 
 0 
 0 
 0 
 0 
 0 
 0 
 0 
 0 
 0 
 0 
 0 
 0 
 0 
 0 
 0 
 0 
 0 
 0 
 0 
 0 
 0 
 0 
 0 
 0 
 0 
 0 
 0 
 0 
 0 
 0 
 0 
 0 
 0 
 0 
 0 
 0 
 0 
 0 
 0 
 0 
 0 
 0 
 0 
 0 
 0 
 8,46740050804403E-04 
 8,46740050804403E-04 
 1,69348010160881E-03 
 1,69348010160881E-03 
 1,69348010160881E-03 
 2,54022015241321E-03 
 3,38696020321761E-03 
 5,08044030482642E-03 
 6,77392040643522E-03 
 7,62066045723963E-03 
 9,31414055884843E-03 
 1,01608806096528E-02 
 1,18543607112616E-02 
 7,62066045723963E-03 
 8,46740050804403E-03 
 1,10076206604572E-02 
 1,18543607112616E-02 
 1,43945808636749E-02 
 1,52413209144793E-02 
 2,37087214225233E-02 
 2,62489415749365E-02 
 2,79424216765453E-02 
 3,47163420829805E-02 
 3,72565622353937E-02 
 4,06435224386113E-02 
 0,044030482641829 
 4,65707027942422E-02 
 4,91109229466554E-02 
 0,052497883149873 
 0,056731583403895 
 5,92718035563082E-02 
 6,26587637595258E-02 
 6,60457239627434E-02 
 0,069432684165961 
 7,28196443691787E-02 
 7,62066045723963E-02 
 7,95935647756139E-02 
 8,29805249788315E-02 
 8,63674851820491E-02 
 9,06011854360711E-02 
 9,39881456392887E-02 
 9,73751058425063E-02 
 0,100762066045724 
 0,104995766299746 
 0,108382726502964 
 0,111769686706181 
 0,109229466553768 
 0,112616426756986 
 8,63674851820491E-02 
 8,55207451312447E-02 
 8,12870448772227E-02 
 8,46740050804403E-02 
 8,46740050804403E-02 
 8,38272650296359E-02 
 8,80609652836579E-02 
 7,19729043183743E-02 
 7,19729043183743E-02 
 5,84250635055038E-02 
 6,01185436071126E-02 
 5,92718035563082E-02 
 5,75783234546994E-02 
 0,048264182895851 
 8,38272650296359E-02 
 8,38272650296359E-02 
 0,101608806096528 
 0,182049110922947 
 0,185436071126164 
 0,191363251481795 
 0,191363251481795 
 0,194750211685013 
 0,194750211685013 
 0,19813717188823 
 0,202370872142252 
 0,208298052497883 
 0,169348010160881 
 0,174428450465707 
 0,147332768839966 
 0,211685012701101 
 0,217612193056732 
 0,220999153259949 
 0,174428450465707 
 0,235393734123624 
 0,143945808636749 
 0,170194750211685 
 0,177815410668925 
 0,229466553767993 
 9,06011854360711E-02 
 9,39881456392887E-02 
 9,31414055884843E-02 
 9,39881456392887E-02 
 8,97544453852667E-02 
 9,39881456392887E-02 
 0,101608806096528 
 9,06011854360711E-02 
 7,62066045723963E-02 
 8,38272650296359E-02 
 8,80609652836579E-02 
 0,222692633361558 
 0,221845893310754 
 0,211685012701101 
 0,263336155800169 
 0,22692633361558 
 0,202370872142252 
 0,194750211685013 
 0,165961049957663 
 0,192209991532599 
 0,211685012701101 
 0,217612193056732 
 0,198983911939035 
 0,193056731583404 
 0,306519898391194 
 0,223539373412362 
 0,10584250635055 
 9,90685859441152E-02 
 9,99153259949196E-02 
 0,100762066045724 
 0,101608806096528 
 9,90685859441152E-02 
 9,99153259949196E-02 
 0,100762066045724 
 9,39881456392887E-02 
 9,06011854360711E-02 
 9,14479254868755E-02 
 7,53598645215919E-02 
 7,62066045723963E-02 
 8,55207451312447E-02 
 9,06011854360711E-02 
 9,14479254868755E-02 
 9,65283657917019E-02 
 0,101608806096528 
 0,102455546147333 
 0,112616426756986 
 0,11346316680779 
 0,118543607112616 
 0,124470787468247 
 0,120237087214225 
 0,121930567315834 
 0,117696867061812 
 0,114309906858594 
 0,124470787468247 
 0,125317527519052 
 0,126164267569856 
 0,117696867061812 
 0,108382726502964 
 0,109229466553768 
 0,104995766299746 
 0,10584250635055 
 0,111769686706181 
 0,132938187976291 
 0,128704487722269 
 0,124470787468247 
 0,125317527519052 
 0,12108382726503 
 0,110922946655377 
 0,111769686706181 
 0,101608806096528 
 0,102455546147333 
 0,103302286198137 
 0,103302286198137 
 8,80609652836579E-02 
 8,80609652836579E-02 
 8,89077053344623E-02 
 8,38272650296359E-02 
 7,87468247248095E-02 
 7,36663844199831E-02 
 7,36663844199831E-02 
 7,45131244707875E-02 
 7,45131244707875E-02 
 8,12870448772227E-02 
 7,53598645215919E-02 
 8,21337849280271E-02 
 7,62066045723963E-02 
 8,29805249788315E-02 
 7,70533446232007E-02 
 7,79000846740051E-02 
 9,06011854360711E-02 
 9,65283657917019E-02 
 0,103302286198137 
 0,104149026248942 
 0,110922946655377 
 0,123624047417443 
 0,124470787468247 
 0,124470787468247 
 0,132091447925487 
 0,132091447925487 
 0,12701100762066 
 0,133784928027096 
 0,1346316680779 
 0,141405588484335 
 0,148179508890771 
 0,15580016934801 
 0,137171888230313 
 0,131244707874682 
 0,104995766299746 
 0,10584250635055 
 0,126164267569856 
 0,160033869602032 
 0,147332768839966 
 0,1346316680779 
 0,127857747671465 
 0,14225232853514 
 9,48348856900931E-02 
 0,102455546147333 
 9,56816257408975E-02 
 9,65283657917019E-02 
 9,65283657917019E-02 
 9,06011854360711E-02 
 9,06011854360711E-02 
 9,06011854360711E-02 
 0,104995766299746 
 0,10584250635055 
 0,120237087214225 
 0,12108382726503 
 0,12108382726503 
 0,135478408128704 
 0,143099068585944 
 0,137171888230313 
 0,122777307366638 
 0,116003386960203 
 0,131244707874682 
 0,109229466553768 
 0,110076206604572 
 0,110076206604572 
 0,110922946655377 
 0,118543607112616 
 0,118543607112616 
 0,119390347163421 
 0,12701100762066 
 0,14225232853514 
 0,150719729043184 
 0,150719729043184 
 0,159187129551228 
 0,159187129551228 
 0,160033869602032 
 0,167654530059272 
 0,168501270110076 
 0,168501270110076 
 0,169348010160881 
 0,170194750211685 
 0,170194750211685 
 0,171041490262489 
 0,171041490262489 
 0,171888230313294 
 0,211685012701101 
 0,21930567315834 
 0,236240474174428 
 0,228619813717189 
 0,229466553767993 
 0,20575783234547 
 0,182895850973751 
 0,175275190516511 
 0,151566469093988 
 0,160033869602032 
 0,176121930567316 
 0,216765453005927 
 0,226079593564776 
 0,242167654530059 
 0,22692633361558 
 0,22692633361558 
 0,21930567315834 
 0,244707874682472 
 0,237087214225233 
 0,237087214225233 
 0,591024555461473 
 0,600338696020322 
 0,601185436071126 
 0,602878916172735 
 0,619813717188823 
 0,621507197290432 
 0,739204064352244 
 0,540220152413209 
 0,550381033022862 
 0,634208298052498 
 0,618966977138019 
 0,527519051651143 
 0,528365791701948 
 0,537679932260796 
 0,530906011854361 
 0,489415749364945 
 0,261642675698561 
 0,262489415749365 
 0,262489415749365 
 0,246401354784081 
 0,246401354784081 
 0,247248094834886 
 0,247248094834886 
 0,256562235393734 
 0,265029635901778 
 0,265876375952583 
 0,265876375952583 
 0,266723116003387 
 0,249788314987299 
 0,232853513971211 
 0,232853513971211 
 0,242167654530059 
 0,233700254022015 
 0,225232853513971 
 0,286198137171888 
 0,294665537679932 
 0,303979678238781 
 0,504657070279424 
 0,513971210838273 
 0,584250635055038 
 0,872142252328535 
 0,87298899237934 
 0,874682472480948 
 0,341236240474174 
 0,33276883996613 
 0,306519898391194 
 0,289585097375106 
 0,307366638441998 
 0,316680779000847 
 0,342929720575783 
 0,660457239627434 
 0,65198983911939 
 0,705334462320068 
 0,732430143945809 
 0,733276883996613 
 0,742591024555461 
 0,742591024555461 
 0,75190516511431 
 0,734970364098222 
 0,664690939881456 
 0,81541066892464 
 0,816257408975445 
 0,736663844199831 
 0,736663844199831 
 0,737510584250635 
 0,737510584250635 
 0,52497883149873 
 0,471634208298052 
 0,5961049957663 
 0,640982218458933 
 0,640982218458933 
 0,561388653683319 
 0,837425910245555 
 0,837425910245555 
 0,838272650296359 
 0,365791701947502 
 0,481795088907705 
 0,472480948348857 
 0,704487722269263 
 0,704487722269263 
 0,705334462320068 
 0,767146486028789 
 0,776460626587638 
 0,803556308213379 
 0,829805249788315 
 0,829805249788315 
 0,829805249788315 
 0,829805249788315 
 0,829805249788315 
 0,839119390347163 
 0,838272650296359 
 0,829805249788315 
 0,829805249788315 
 0,775613886536833 
 0,775613886536833 
 0,775613886536833 
 0,756985605419136 
 0,756985605419136 
 0,721422523285351 
 0,729889923793395 
 0,676545300592718 
 0,845046570702794 
 0,845046570702794 
 0,835732430143946 
 0,834885690093141 
 0,861134631668078 
 0,851820491109229 
 0,887383573243014 
 0,824724809483489 
 0,823878069432684 
 0,832345469940728 
 0,832345469940728 
 0,839966130397968 
 0,78662150719729 
 0,777307366638442 
 0,767993226079594 
 0,732430143945809 
 0,731583403895004 
 0,740050804403048 
 0,739204064352244 
 0,404741744284505 
 0,395427603725656 
 0,4038950042337 
 0,473327688399661 
 0,464013547840813 
 0,385266723116003 
 0,367485182049111 
 0,392887383573243 
 0,383573243014395 
 0,365791701947502 
 0,38272650296359 
 0,374259102455546 
 0,486875529212532 
 0,494496189669771 
 0,502963590177815 
 0,519898391193903 
 0,475867908552075 
 0,569856054191363 
 0,586790855207451 
 0,585944115156647 
 0,568162574089754 
 0,53259949195597 
 0,531752751905165 
 0,728196443691787 
 0,727349703640982 
 0,674851820491109 
 0,486028789161727 
 0,493649449618967 
 0,485182049110923 
 0,636748518204911 
 0,712108382726503 
 0,711261642675699 
 0,718035563082134 
 0,725656223539373 
 0,716342082980525 
 0,714648602878916 
 0,68839966130398 
 0,687552921253175 
 0,677392040643522 
 0,65961049957663 
 0,824724809483489 
 0,823878069432684 
 0,772226926333616 
 0,770533446232007 
 0,421676545300593 
 0,429297205757832 
 0,436917866215072 
 0,427603725656224 
 0,442845046570703 
 0,385266723116003 
 0,384419983065199 
 0,391193903471634 
 0,38272650296359 
 0,44623200677392 
 0,583403895004234 
 0,558001693480102 
 0,652836579170195 
 0,643522438611346 
 0,641828958509738 
 0,640982218458933 
 0,63082133784928 
 0,637595258255716 
 0,715495342929721 
 0,697713801862828 
 0,61727349703641 
 0,615580016934801 
 0,613886536833192 
 0,36917866215072 
 0,375952582557155 
 0,421676545300593 
 0,428450465707028 
 0,372565622353937 
 0,371718882303133 
 0,386113463166808 
 0,462320067739204 
 0,292125317527519 
 0,252328535139712 
 0,229466553767993 
 0,228619813717189 
 0,243014394580864 
 0,242167654530059 
 0,218458933107536 
 0,210838272650296 
 0,165114309906859 
 0,187129551227773 
 0,186282811176969 
 0,171041490262489 
 0,185436071126164 
 0,169348010160881 
 0,161727349703641 
 0,160880609652837 
 0,160880609652837 
 0,160033869602032 
 0,152413209144793 
 0,165961049957663 
 0,172734970364098 
 0,165114309906859 
 0,164267569856054 
 0,156646909398815 
 0,149026248941575 
 0,148179508890771 
 0,154953429297206 
 0,147332768839966 
 0,154106689246401 
 0,160033869602032 
 0,160033869602032 
 0,152413209144793 
 0,165114309906859 
 0,171888230313294 
 0,157493649449619 
 0,143099068585944 
 0,135478408128704 
 0,1346316680779 
 0,1346316680779 
 0,133784928027096 
 0,132938187976291 
 0,132938187976291 
 0,138865368331922 
 0,151566469093988 
 0,157493649449619 
 0,156646909398815 
 0,15580016934801 
 0,148179508890771 
 0,154106689246401 
 0,153259949195597 
 0,12701100762066 
 0,12701100762066 
 0,126164267569856 
 0,119390347163421 
 9,99153259949196E-02 
 9,90685859441152E-02 
 0,104995766299746 
 9,82218458933107E-02 
 9,14479254868755E-02 
 9,73751058425063E-02 
 9,65283657917019E-02 
 9,06011854360711E-02 
 8,97544453852667E-02 
 9,56816257408975E-02 
 9,48348856900931E-02 
 9,39881456392887E-02 
 9,39881456392887E-02 
 9,31414055884843E-02 
 9,82218458933107E-02 
 0,115156646909399 
 0,114309906858594 
 0,114309906858594 
 0,11346316680779 
 0,101608806096528 
 7,87468247248095E-02 
 7,19729043183743E-02 
 7,19729043183743E-02 
 7,70533446232007E-02 
 7,62066045723963E-02 
 7,62066045723963E-02 
 8,12870448772227E-02 
 0,128704487722269 
 0,127857747671465 
 0,132091447925487 
 0,131244707874682 
 0,125317527519052 
 0,124470787468247 
 0,123624047417443 
 0,122777307366638 
 0,121930567315834 
 0,131244707874682 
 0,125317527519052 
 0,129551227773074 
 0,132938187976291 
 0,137171888230313 
 0,141405588484335 
 0,135478408128704 
 0,129551227773074 
 0,132938187976291 
 0,12701100762066 
 0,112616426756986 
 0,102455546147333 
 0,10584250635055 
 0,110076206604572 
 0,108382726502964 
 0,126164267569856 
 0,120237087214225 
 0,137171888230313 
 0,114309906858594 
 0,112616426756986 
 0,125317527519052 
 0,119390347163421 
 0,118543607112616 
 0,126164267569856 
 0,124470787468247 
 0,123624047417443 
 0,114309906858594 
 0,11346316680779 
 0,116003386960203 
 0,110922946655377 
 0,110076206604572 
 0,100762066045724 
 8,89077053344623E-02 
 9,14479254868755E-02 
 9,06011854360711E-02 
 9,31414055884843E-02 
 8,89077053344623E-02 
 8,80609652836579E-02 
 8,63674851820491E-02 
 8,55207451312447E-02 
 8,12870448772227E-02 
 8,04403048264183E-02 
 7,28196443691787E-02 
 6,18120237087214E-02 
 5,75783234546994E-02 
 0,056731583403895 
 5,92718035563082E-02 
 0,065198983911939 
 6,43522438611346E-02 
 0,146486028789162 
 0,178662150719729 
 0,17696867061812 
 0,162574089754445 
 0,157493649449619 
 0,172734970364098 
 0,171041490262489 
 0,116003386960203 
 0,114309906858594 
 0,118543607112616 
 0,110922946655377 
 9,31414055884843E-02 
 9,48348856900931E-02 
 0,141405588484335 
 0,141405588484335 
 0,147332768839966 
 0,165114309906859 
 7,02794242167655E-02 
 6,60457239627434E-02 
 0,065198983911939 
 6,68924640135478E-02 
 8,63674851820491E-02 
 7,36663844199831E-02 
 7,45131244707875E-02 
 7,11261642675699E-02 
 6,77392040643522E-02 
 7,45131244707875E-02 
 7,79000846740051E-02 
 7,62066045723963E-02 
 6,68924640135478E-02 
 6,68924640135478E-02 
 6,77392040643522E-02 
 6,43522438611346E-02 
 6,35055038103302E-02 
 6,01185436071126E-02 
 6,43522438611346E-02 
 6,43522438611346E-02 
 0,060965283657917 
 6,18120237087214E-02 
 5,84250635055038E-02 
 4,74174428450466E-02 
 0,048264182895851 
 4,48772226926334E-02 
 3,55630821337849E-02 
 3,38696020321761E-02 
 3,04826418289585E-02 
 3,13293818797629E-02 
 3,55630821337849E-02 
 3,55630821337849E-02 
 3,72565622353937E-02 
 3,64098221845893E-02 
 3,64098221845893E-02 
 3,47163420829805E-02 
 3,38696020321761E-02 
 3,21761219305673E-02 
 3,13293818797629E-02 
 2,96359017781541E-02 
 2,96359017781541E-02 
 3,04826418289585E-02 
 2,96359017781541E-02 
 3,04826418289585E-02 
 2,87891617273497E-02 
 2,87891617273497E-02 
 3,04826418289585E-02 
 3,04826418289585E-02 
 2,96359017781541E-02 
 2,96359017781541E-02 
 2,79424216765453E-02 
 2,54022015241321E-02 
 2,62489415749365E-02 
 2,37087214225233E-02 
 2,03217612193057E-02 
 2,03217612193057E-02 
 1,60880609652837E-02 
 1,43945808636749E-02 
 0,012701100762066 
 1,18543607112616E-02 
 1,10076206604572E-02 
 8,46740050804403E-03 
 8,46740050804403E-03 
 7,62066045723963E-03 
 5,92718035563082E-03 
 5,92718035563082E-03 
 5,08044030482642E-03 
 5,08044030482642E-03 
 4,23370025402202E-03 
 3,38696020321761E-03 
 2,54022015241321E-03 
 2,54022015241321E-03 
 1,69348010160881E-03 
 1,69348010160881E-03 
 1,69348010160881E-03 
 2,54022015241321E-03 
 1,69348010160881E-03 
 1,69348010160881E-03 
 8,46740050804403E-04 
 8,46740050804403E-04 
 8,46740050804403E-04 
 0 
 0 
 0 
 0 
 0 
 0 
 0 
 0 
 0 
 0 
 0 
 0 
 0 
 0 
 0 
 0 
 0 
 0 
 0 
 0 
 0 
 0 
 0 
 0 
 0 
 0 
 0 
 0 
 0 
 0 
 0 
 0 
 0 
 0 
 0 
 0 
 0 
 0 
 0 
 0 
 0 
 0 
 0 
 0 
 0 
 0 
 0 
 0 
 0 
 0 
 0 
 0 
 0 
 0 
 0 
 0 
 0 
 0 
 0 
 0 
 0 
 0 
 0 
 0 
 0 
 0 
 0 
 0 
 0 
 0 
 0 
 0 
 0 
 0 
 0 
 0 
 0 
 0 
 0 
 0 
 0 
 0 
 0 
 0 
 0 
 0 
 0 
 0 
 0 
 0 
 0 
 0 
 0 
 0 
 0 
 0 
 0 
 0 
 0 
 0 
 0 
 0 
 0 
 0 
 0 
 0 
 0 
 0 
 0 
 0 
 0 
 0 
 0 
 0 
 0 
 0 
 0 
 0 
 0 
 0 
 0 
 0 
 0 
 0 
 0 
 0 
 0 
 0 
 0 
 0 
 0 
 0 
 0 
 0 
 0 
 0 
 0 
 0 
 0 
 0 
 0 
 0 
 0 
 0 
 0 
 0 
 0 
 0 
 0 
 0 
 0 
 0 
 0 
 0 
 0 
 0 
 0 
 0 
 0 
 0 
 0 
 0 
 0 
 0 
 0 
 0 
 0 
 0 
 0 
 0 
 0 
 0 
 0 
 0 
 0 
 0 
 0 
 0 
 0 
 0 
 0 
 0 
 0 
 0 
 0 
 0 
 0 
 0 
 0 
 0 
 0 
 0 
 0 
 0 
 0 
 0 
 0 
 0 
 0 
 0 
 0 
 0 
 0 
 0 
 0 
 0 
 0 
 0 
 0 
 0 
 0 
 0 
 0 
 0 
 0 
 0 
 0 
 0 
 0 
 0 
 0 
 0 
 0 
 0 
 0 
 0 
 0 
 0 
 0 
 0 
 0 
 0 
 0 
 0 
 0 
 0 
 0 
 0 
 0 
 0 
 0 
 0 
 0 
 0 
 0 
 0 
 0 
 0 
 0 
 0 
 0 
 0 
 0 
 0 
 0 
 0 
 0 
 0 
 0 
 0 
 0 
 0 
 0 
 0 
 0 
 0 
 0 
 0 
 0 
 0 
 0 
 0 
 0 
 0 
 0 
 0 
 0 
 0 
 0 
 0 
 0 
 0 
 0 
 0 
 0 
 0 
 0 
 0 
 0 
 0 
 0 
 0 
 0 
 0 
 0 
 0 
 0 
 0 
 0 
 0 
 0 
 0 
 0 
 0 
 0 
 0 
 0 
 0 
 0 
 0 
 0 
