 0 
 0 
 0 
 0 
 0 
 0 
 0 
 0 
 0 
 0 
 0 
 0 
 0 
 0 
 0 
 0 
 0 
 0 
 0 
 0 
 0 
 0 
 0 
 0 
 0 
 0 
 0 
 0 
 0 
 0 
 0 
 0 
 0 
 0 
 0 
 0 
 0 
 0 
 0 
 0 
 0 
 0 
 0 
 0 
 0 
 0 
 0 
 0 
 0 
 0 
 0 
 0 
 0 
 0 
 0 
 0 
 0 
 0 
 0 
 0 
 0 
 0 
 0 
 0 
 0 
 0 
 0 
 0 
 0 
 0 
 0 
 0 
 0 
 0 
 0 
 0 
 0 
 0 
 0 
 0 
 0 
 0 
 0 
 0 
 0 
 0 
 0 
 0 
 0 
 0 
 0 
 0 
 0 
 0 
 0 
 0 
 0 
 0 
 0 
 0 
 0 
 0 
 0 
 0 
 0 
 0 
 0 
 0 
 0 
 0 
 0 
 0 
 0 
 0 
 0 
 0 
 0 
 0 
 0 
 0 
 0 
 0 
 0 
 0 
 0 
 0 
 0 
 0 
 0 
 0 
 0 
 0 
 0 
 0 
 0 
 0 
 0 
 0 
 0 
 0 
 0 
 0 
 0 
 0 
 0 
 0 
 0 
 0 
 0 
 0 
 0 
 0 
 0 
 0 
 0 
 0 
 0 
 0 
 0 
 0 
 0 
 0 
 0 
 0 
 0 
 0 
 0 
 0 
 0 
 0 
 0 
 0 
 0 
 0 
 0 
 0 
 0 
 0 
 0 
 0 
 0 
 0 
 0 
 0 
 0 
 0 
 0 
 0 
 0 
 0 
 0 
 0 
 0 
 0 
 0 
 0 
 0 
 0 
 0 
 0 
 0 
 0 
 0 
 0 
 0 
 0 
 0 
 0 
 0 
 0 
 0 
 0 
 0 
 0 
 0 
 0 
 0 
 0 
 0 
 0 
 0 
 0 
 0 
 0 
 0 
 0 
 0 
 0 
 0 
 0 
 0 
 0 
 0 
 0 
 0 
 0 
 0 
 0 
 0 
 0 
 0 
 0 
 0 
 0 
 0 
 0 
 0 
 0 
 0 
 0 
 0 
 0 
 0 
 0 
 0 
 0 
 0 
 0 
 0 
 0 
 0 
 0 
 0 
 0 
 0 
 0 
 0 
 0 
 0 
 0 
 0 
 0 
 0 
 0 
 0 
 0 
 0 
 0 
 0 
 0 
 0 
 0 
 0 
 0 
 0 
 0 
 0 
 0 
 0 
 0 
 0 
 0 
 0 
 0 
 0 
 0 
 0 
 0 
 0 
 0 
 0 
 0 
 0 
 0 
 0 
 0 
 0 
 0 
 0 
 0 
 0 
 0 
 0 
 0 
 0 
 0 
 0 
 0 
 0 
 0 
 0 
 0 
 0 
 0 
 0 
 0 
 0 
 0 
 0 
 0 
 0 
 0 
 0 
 0 
 0 
 0 
 0 
 0 
 0 
 0 
 0 
 0 
 0 
 0 
 0 
 0 
 0 
 0 
 0 
 0 
 0 
 0 
 0 
 0 
 0 
 0 
 0 
 0 
 0 
 0 
 0 
 0 
 0 
 0 
 0 
 0 
 0 
 0 
 0 
 0 
 0 
 0 
 0 
 0 
 0 
 0 
 0 
 0 
 0 
 0 
 0 
 0 
 0 
 0 
 0 
 0 
 0 
 0 
 0 
 0 
 0 
 0 
 0 
 0 
 0 
 0 
 0 
 0 
 0 
 0 
 0 
 0 
 0 
 0 
 0 
 0 
 0 
 0 
 0 
 0 
 0 
 0 
 0 
 0 
 0 
 0 
 0 
 0 
 0 
 0 
 0 
 0 
 0 
 0 
 0 
 0 
 0 
 0 
 0 
 0 
 0 
 0 
 0 
 0 
 8,46740050804403E-04 
 8,46740050804403E-04 
 1,69348010160881E-03 
 1,69348010160881E-03 
 2,54022015241321E-03 
 3,38696020321761E-03 
 3,38696020321761E-03 
 4,23370025402202E-03 
 5,08044030482642E-03 
 5,92718035563082E-03 
 6,77392040643522E-03 
 8,46740050804403E-03 
 9,31414055884843E-03 
 1,10076206604572E-02 
 1,18543607112616E-02 
 1,35478408128704E-02 
 1,52413209144793E-02 
 1,52413209144793E-02 
 1,69348010160881E-02 
 1,77815410668925E-02 
 1,86282811176969E-02 
 1,52413209144793E-02 
 1,43945808636749E-02 
 1,60880609652837E-02 
 1,60880609652837E-02 
 2,28619813717189E-02 
 2,54022015241321E-02 
 3,64098221845893E-02 
 3,81033022861981E-02 
 4,14902624894158E-02 
 4,48772226926334E-02 
 3,30228619813717E-02 
 0,044030482641829 
 4,48772226926334E-02 
 4,74174428450466E-02 
 4,57239627434378E-02 
 4,57239627434378E-02 
 4,57239627434378E-02 
 5,58848433530906E-02 
 6,01185436071126E-02 
 6,60457239627434E-02 
 6,26587637595258E-02 
 7,11261642675699E-02 
 7,19729043183743E-02 
 6,60457239627434E-02 
 6,60457239627434E-02 
 4,65707027942422E-02 
 3,13293818797629E-02 
 3,47163420829805E-02 
 3,30228619813717E-02 
 3,30228619813717E-02 
 3,47163420829805E-02 
 3,64098221845893E-02 
 3,55630821337849E-02 
 3,64098221845893E-02 
 3,72565622353937E-02 
 3,81033022861981E-02 
 0,044030482641829 
 3,89500423370025E-02 
 4,14902624894158E-02 
 4,23370025402202E-02 
 4,31837425910246E-02 
 4,06435224386113E-02 
 3,97967823878069E-02 
 0,104149026248942 
 9,82218458933107E-02 
 0,102455546147333 
 0,110922946655377 
 8,04403048264183E-02 
 8,38272650296359E-02 
 8,55207451312447E-02 
 8,97544453852667E-02 
 9,14479254868755E-02 
 0,104149026248942 
 9,48348856900931E-02 
 9,90685859441152E-02 
 0,111769686706181 
 0,127857747671465 
 0,14225232853514 
 0,157493649449619 
 0,154953429297206 
 0,157493649449619 
 0,232006773920406 
 0,227773073666384 
 0,228619813717189 
 0,232006773920406 
 0,232853513971211 
 0,236240474174428 
 0,242167654530059 
 0,174428450465707 
 7,79000846740051E-02 
 7,95935647756139E-02 
 8,04403048264183E-02 
 8,46740050804403E-02 
 8,55207451312447E-02 
 9,31414055884843E-02 
 8,80609652836579E-02 
 8,29805249788315E-02 
 8,72142252328535E-02 
 8,80609652836579E-02 
 8,55207451312447E-02 
 8,29805249788315E-02 
 9,14479254868755E-02 
 9,22946655376799E-02 
 8,97544453852667E-02 
 9,39881456392887E-02 
 0,10584250635055 
 0,110922946655377 
 0,111769686706181 
 0,120237087214225 
 0,121930567315834 
 0,138018628281118 
 0,199830651989839 
 0,20575783234547 
 0,242167654530059 
 0,232853513971211 
 0,18458933107536 
 0,20575783234547 
 0,204064352243861 
 0,250635055038103 
 0,314140558848434 
 0,316680779000847 
 0,31160033869602 
 0,34801016088061 
 0,350550381033023 
 0,35393734123624 
 0,36155800169348 
 0,36917866215072 
 0,372565622353937 
 0,375105842506351 
 0,378492802709568 
 0,350550381033023 
 0,353090601185436 
 0,356477561388654 
 0,34038950042337 
 0,366638441998307 
 0,364944961896698 
 0,306519898391194 
 0,322607959356478 
 0,416596104995766 
 0,429297205757832 
 0,441998306519898 
 0,430990685859441 
 0,424216765453006 
 0,342929720575783 
 0,34038950042337 
 0,342929720575783 
 0,304826418289585 
 0,301439458086367 
 0,339542760372566 
 0,398814563928874 
 0,396274343776461 
 0,451312447078747 
 0,454699407281964 
 0,452159187129551 
 0,380186282811177 
 0,533446232006774 
 0,536833192209991 
 0,513124470787468 
 0,527519051651143 
 0,535986452159187 
 0,556308213378493 
 0,42506350550381 
 0,438611346316681 
 0,447078746824725 
 0,444538526672312 
 0,441151566469094 
 0,454699407281964 
 0,469093988145639 
 0,535986452159187 
 0,463166807790008 
 0,471634208298052 
 0,474174428450466 
 0,476714648602879 
 0,347163420829805 
 0,391193903471634 
 0,520745131244708 
 0,51735817104149 
 0,519898391193903 
 0,522438611346317 
 0,222692633361558 
 0,192209991532599 
 0,199830651989839 
 0,21337849280271 
 0,201524132091448 
 0,183742591024555 
 0,190516511430991 
 0,191363251481795 
 0,211685012701101 
 0,232006773920406 
 0,239627434377646 
 0,208298052497883 
 0,215918712955123 
 0,204064352243861 
 0,19813717188823 
 0,218458933107536 
 0,226079593564776 
 0,220999153259949 
 0,221845893310754 
 0,215918712955123 
 0,209991532599492 
 0,210838272650296 
 0,211685012701101 
 0,212531752751905 
 0,22692633361558 
 0,23454699407282 
 0,256562235393734 
 0,257408975444539 
 0,279424216765453 
 0,273497036409822 
 0,274343776460627 
 0,268416596104996 
 0,283657917019475 
 0,277730736663844 
 0,257408975444539 
 0,243861134631668 
 0,266723116003387 
 0,267569856054191 
 0,29043183742591 
 0,305673158340389 
 0,416596104995766 
 0,475867908552075 
 0,367485182049111 
 0,35393734123624 
 0,384419983065199 
 0,675698560541914 
 0,677392040643522 
 0,746824724809483 
 0,749364944961897 
 0,75190516511431 
 0,754445385266723 
 0,756138865368332 
 0,758679085520745 
 0,700254022015241 
 0,70194750211685 
 0,712108382726503 
 0,307366638441998 
 0,469940728196444 
 0,509737510584251 
 0,356477561388654 
 0,310753598645216 
 0,31922099915326 
 0,327688399661304 
 0,328535139712108 
 0,321761219305673 
 0,645215918712955 
 0,685859441151566 
 0,679932260795936 
 0,674005080440305 
 0,683319220999153 
 0,685012701100762 
 0,343776460626588 
 0,552074513124471 
 0,505503810330229 
 0,522438611346317 
 0,524132091447925 
 0,51735817104149 
 0,542760372565622 
 0,552074513124471 
 0,536833192209991 
 0,668077900084674 
 0,69432684165961 
 0,696020321761219 
 0,558001693480102 
 0,607959356477561 
 0,60965283657917 
 0,685012701100762 
 0,686706181202371 
 0,555461473327688 
 0,672311600338696 
 0,681625740897544 
 0,683319220999153 
 0,70956816257409 
 0,702794242167655 
 0,712108382726503 
 0,813717188823031 
 0,823878069432684 
 0,35393734123624 
 0,345469940728196 
 0,337849280270957 
 0,372565622353937 
 0,364098221845893 
 0,509737510584251 
 0,561388653683319 
 0,587637595258256 
 0,596951735817104 
 0,589331075359865 
 0,590177815410669 
 0,634208298052498 
 0,635055038103302 
 0,661303979678239 
 0,662150719729043 
 0,671464860287892 
 0,414055884843353 
 0,431837425910246 
 0,423370025402202 
 0,424216765453006 
 0,407281964436918 
 0,442845046570703 
 0,495342929720576 
 0,521591871295512 
 0,469940728196444 
 0,828111769686706 
 0,837425910245555 
 0,838272650296359 
 0,839119390347163 
 0,82303132938188 
 0,82303132938188 
 0,81541066892464 
 0,860287891617273 
 0,729043183742591 
 0,746824724809483 
 0,747671464860288 
 0,431837425910246 
 0,528365791701948 
 0,529212531752752 
 0,282811176968671 
 0,291278577476715 
 0,282811176968671 
 0,274343776460627 
 0,256562235393734 
 0,256562235393734 
 0,265876375952583 
 0,275190516511431 
 0,265876375952583 
 0,292972057578323 
 0,310753598645216 
 0,320067739204064 
 0,284504657070279 
 0,276037256562235 
 0,320067739204064 
 0,329381879762913 
 0,347163420829805 
 0,347163420829805 
 0,338696020321761 
 0,356477561388654 
 0,356477561388654 
 0,374259102455546 
 0,436917866215072 
 0,428450465707028 
 0,41913632514818 
 0,410668924640135 
 0,410668924640135 
 0,705334462320068 
 0,678238780694327 
 0,633361558001693 
 0,696020321761219 
 0,696020321761219 
 0,696020321761219 
 0,642675698560542 
 0,633361558001693 
 0,642675698560542 
 0,72311600338696 
 0,731583403895004 
 0,731583403895004 
 0,731583403895004 
 0,731583403895004 
 0,704487722269263 
 0,552921253175275 
 0,401354784081287 
 0,516511430990686 
 0,614733276883997 
 0,658763759525826 
 0,658763759525826 
 0,507197290431837 
 0,507197290431837 
 0,737510584250635 
 0,728196443691787 
 0,736663844199831 
 0,745131244707875 
 0,798475867908552 
 0,88653683319221 
 0,885690093141406 
 0,885690093141406 
 0,884843353090601 
 0,884843353090601 
 0,883996613039797 
 0,883149872988992 
 0,882303132938188 
 0,882303132938188 
 0,881456392887384 
 0,880609652836579 
 0,879762912785775 
 0,87891617273497 
 0,878069432684166 
 0,878069432684166 
 0,877222692633362 
 0,876375952582557 
 0,875529212531753 
 0,874682472480948 
 0,873835732430144 
 0,87298899237934 
 0,871295512277731 
 0,861981371718882 
 0,869602032176122 
 0,868755292125318 
 0,867908552074513 
 0,867061812023709 
 0,866215071972904 
 0,864521591871296 
 0,863674851820491 
 0,862828111769687 
 0,551227773073666 
 0,576629974597799 
 0,455546147332769 
 0,471634208298052 
 0,436917866215072 
 0,436071126164268 
 0,315834038950042 
 0,315834038950042 
 0,323454699407282 
 0,29805249788315 
 0,314140558848434 
 0,322607959356478 
 0,313293818797629 
 0,65961049957663 
 0,649449618966977 
 0,757832345469941 
 0,76545300592718 
 0,755292125317528 
 0,511430990685859 
 0,510584250635055 
 0,60965283657917 
 0,600338696020322 
 0,598645215918713 
 0,473327688399661 
 0,571549534292972 
 0,612193056731583 
 0,594411515664691 
 0,477561388653683 
 0,600338696020322 
 0,664690939881456 
 0,696020321761219 
 0,669771380186283 
 0,668924640135478 
 0,480101608806097 
 0,470787468247248 
 0,502116850127011 
 0,501270110076207 
 0,524132091447925 
 0,193056731583404 
 0,200677392040644 
 0,208298052497883 
 0,207451312447079 
 0,254868755292125 
 0,238780694326842 
 0,230313293818798 
 0,237087214225233 
 0,237087214225233 
 0,228619813717189 
 0,235393734123624 
 0,22692633361558 
 0,242167654530059 
 0,256562235393734 
 0,256562235393734 
 0,24809483488569 
 0,262489415749365 
 0,238780694326842 
 0,222692633361558 
 0,206604572396274 
 0,220999153259949 
 0,19813717188823 
 0,197290431837426 
 0,204064352243861 
 0,196443691786621 
 0,210838272650296 
 0,209991532599492 
 0,201524132091448 
 0,186282811176969 
 0,171041490262489 
 0,170194750211685 
 0,147332768839966 
 0,154106689246401 
 0,146486028789162 
 0,167654530059272 
 0,174428450465707 
 0,174428450465707 
 0,173581710414903 
 0,172734970364098 
 0,186282811176969 
 0,178662150719729 
 0,177815410668925 
 0,16342082980525 
 0,162574089754445 
 0,161727349703641 
 0,154106689246401 
 0,154106689246401 
 0,153259949195597 
 0,152413209144793 
 0,144792548687553 
 0,144792548687553 
 0,130397967823878 
 0,136325148179509 
 0,136325148179509 
 0,121930567315834 
 0,127857747671465 
 0,12108382726503 
 0,11346316680779 
 0,120237087214225 
 0,139712108382726 
 0,165114309906859 
 0,157493649449619 
 0,150719729043184 
 0,149872988992379 
 0,149026248941575 
 0,154953429297206 
 0,160880609652837 
 0,160033869602032 
 0,159187129551228 
 0,158340389500423 
 0,132091447925487 
 0,119390347163421 
 0,124470787468247 
 0,130397967823878 
 0,129551227773074 
 0,154106689246401 
 0,153259949195597 
 0,146486028789162 
 0,145639288738357 
 0,144792548687553 
 0,15580016934801 
 0,160880609652837 
 0,171888230313294 
 0,153259949195597 
 0,158340389500423 
 0,157493649449619 
 0,150719729043184 
 0,161727349703641 
 0,177815410668925 
 0,159187129551228 
 0,153259949195597 
 0,152413209144793 
 0,156646909398815 
 0,166807790008467 
 0,171041490262489 
 0,209144792548688 
 0,207451312447079 
 0,216765453005927 
 0,220999153259949 
 0,289585097375106 
 0,260795935647756 
 0,317527519051651 
 0,493649449618967 
 0,485182049110923 
 0,409822184589331 
 0,401354784081287 
 0,245554614733277 
 0,243861134631668 
 0,267569856054191 
 0,270110076206605 
 0,313293818797629 
 0,45385266723116 
 0,401354784081287 
 0,398814563928874 
 0,395427603725656 
 0,392887383573243 
 0,389500423370025 
 0,386960203217612 
 0,388653683319221 
 0,338696020321761 
 0,359017781541067 
 0,370025402201524 
 0,367485182049111 
 0,165961049957663 
 0,15580016934801 
 0,154953429297206 
 0,114309906858594 
 0,108382726502964 
 9,48348856900931E-02 
 8,97544453852667E-02 
 8,89077053344623E-02 
 8,80609652836579E-02 
 9,14479254868755E-02 
 8,63674851820491E-02 
 8,55207451312447E-02 
 8,89077053344623E-02 
 9,22946655376799E-02 
 9,14479254868755E-02 
 9,39881456392887E-02 
 9,31414055884843E-02 
 8,89077053344623E-02 
 0,114309906858594 
 0,11346316680779 
 0,116003386960203 
 0,114309906858594 
 0,131244707874682 
 0,126164267569856 
 0,135478408128704 
 0,230313293818798 
 0,227773073666384 
 0,238780694326842 
 0,218458933107536 
 0,176121930567316 
 0,17696867061812 
 0,224386113463167 
 0,202370872142252 
 0,160880609652837 
 0,149872988992379 
 0,132091447925487 
 0,130397967823878 
 0,128704487722269 
 0,12701100762066 
 0,119390347163421 
 0,120237087214225 
 0,127857747671465 
 9,14479254868755E-02 
 8,72142252328535E-02 
 9,73751058425063E-02 
 8,21337849280271E-02 
 9,99153259949196E-02 
 0,104149026248942 
 9,99153259949196E-02 
 0,100762066045724 
 0,162574089754445 
 0,160033869602032 
 0,162574089754445 
 0,161727349703641 
 0,131244707874682 
 0,121930567315834 
 0,119390347163421 
 0,14225232853514 
 0,139712108382726 
 0,124470787468247 
 0,115156646909399 
 0,100762066045724 
 0,100762066045724 
 8,46740050804403E-02 
 8,29805249788315E-02 
 7,95935647756139E-02 
 7,62066045723963E-02 
 6,35055038103302E-02 
 6,01185436071126E-02 
 5,33446232006774E-02 
 0,052497883149873 
 5,41913632514818E-02 
 0,056731583403895 
 5,33446232006774E-02 
 4,91109229466554E-02 
 0,048264182895851 
 5,58848433530906E-02 
 4,99576629974598E-02 
 4,74174428450466E-02 
 5,16511430990686E-02 
 0,048264182895851 
 0,048264182895851 
 4,57239627434378E-02 
 5,41913632514818E-02 
 5,75783234546994E-02 
 5,50381033022862E-02 
 5,08044030482642E-02 
 5,08044030482642E-02 
 5,16511430990686E-02 
 4,06435224386113E-02 
 3,72565622353937E-02 
 3,38696020321761E-02 
 7,45131244707875E-02 
 6,43522438611346E-02 
 7,28196443691787E-02 
 0,069432684165961 
 3,55630821337849E-02 
 3,38696020321761E-02 
 3,21761219305673E-02 
 3,47163420829805E-02 
 3,38696020321761E-02 
 2,70956816257409E-02 
 2,54022015241321E-02 
 2,54022015241321E-02 
 2,37087214225233E-02 
 2,45554614733277E-02 
 2,11685012701101E-02 
 1,94750211685013E-02 
 1,86282811176969E-02 
 1,69348010160881E-02 
 1,60880609652837E-02 
 1,52413209144793E-02 
 1,60880609652837E-02 
 1,10076206604572E-02 
 9,31414055884843E-03 
 9,31414055884843E-03 
 6,77392040643522E-03 
 5,92718035563082E-03 
 5,08044030482642E-03 
 4,23370025402202E-03 
 3,38696020321761E-03 
 2,54022015241321E-03 
 1,69348010160881E-03 
 1,69348010160881E-03 
 1,69348010160881E-03 
 8,46740050804403E-04 
 8,46740050804403E-04 
 8,46740050804403E-04 
 8,46740050804403E-04 
 0 
 0 
 0 
 0 
 0 
 0 
 0 
 0 
 0 
 0 
 0 
 0 
 0 
 0 
 0 
 0 
 0 
 0 
 0 
 0 
 0 
 0 
 0 
 0 
 0 
 0 
 0 
 0 
 0 
 0 
 0 
 0 
 0 
 0 
 0 
 0 
 0 
 0 
 0 
 0 
 0 
 0 
 0 
 0 
 0 
 0 
 0 
 0 
 0 
 0 
 0 
 0 
 0 
 0 
 0 
 0 
 0 
 0 
 0 
 0 
 0 
 0 
 0 
 0 
 0 
 0 
 0 
 0 
 0 
 0 
 0 
 0 
 0 
 0 
 0 
 0 
 0 
 0 
 0 
 0 
 0 
 0 
 0 
 0 
 0 
 0 
 0 
 0 
 0 
 0 
 0 
 0 
 0 
 0 
 0 
 0 
 0 
 0 
 0 
 0 
 0 
 0 
 0 
 0 
 0 
 0 
 0 
 0 
 0 
 0 
 0 
 0 
 0 
 0 
 0 
 0 
 0 
 0 
 0 
 0 
 0 
 0 
 0 
 0 
 0 
 0 
 0 
 0 
 0 
 0 
 0 
 0 
 0 
 0 
 0 
 0 
 0 
 0 
 0 
 0 
 0 
 0 
 0 
 0 
 0 
 0 
 0 
 0 
 0 
 0 
 0 
 0 
 0 
 0 
 0 
 0 
 0 
 0 
 0 
 0 
 0 
 0 
 0 
 0 
 0 
 0 
 0 
 0 
 0 
 0 
 0 
 0 
 0 
 0 
 0 
 0 
 0 
 0 
 0 
 0 
 0 
 0 
 0 
 0 
 0 
 0 
 0 
 0 
 0 
 0 
 0 
 0 
 0 
 0 
 0 
 0 
 0 
 0 
 0 
 0 
 0 
 0 
 0 
 0 
 0 
 0 
 0 
 0 
 0 
 0 
 0 
 0 
 0 
 0 
 0 
 0 
 0 
 0 
 0 
 0 
 0 
 0 
 0 
 0 
 0 
 0 
 0 
 0 
 0 
 0 
 0 
 0 
 0 
 0 
 0 
 0 
 0 
 0 
 0 
 0 
 0 
 0 
 0 
 0 
 0 
 0 
 0 
 0 
 0 
 0 
 0 
 0 
 0 
 0 
 0 
 0 
 0 
 0 
 0 
 0 
 0 
 0 
 0 
 0 
 0 
 0 
 0 
 0 
 0 
 0 
 0 
 0 
 0 
 0 
 0 
 0 
 0 
 0 
 0 
 0 
 0 
 0 
 0 
 0 
 0 
 0 
 0 
 0 
 0 
 0 
 0 
 0 
 0 
 0 
 0 
 0 
 0 
 0 
 0 
 0 
 0 
 0 
 0 
 0 
 0 
 0 
 0 
 0 
 0 
 0 
 0 
 0 
 0 
 0 
