 0 
 0 
 0 
 0 
 0 
 0 
 0 
 0 
 0 
 0 
 0 
 0 
 0 
 0 
 0 
 0 
 0 
 0 
 0 
 0 
 0 
 0 
 0 
 0 
 0 
 0 
 0 
 0 
 0 
 0 
 0 
 0 
 0 
 0 
 0 
 0 
 0 
 0 
 0 
 0 
 0 
 0 
 0 
 0 
 0 
 0 
 0 
 0 
 0 
 0 
 0 
 0 
 0 
 0 
 0 
 0 
 0 
 0 
 0 
 0 
 0 
 0 
 0 
 0 
 0 
 0 
 0 
 0 
 0 
 0 
 0 
 0 
 0 
 0 
 0 
 0 
 0 
 0 
 0 
 0 
 0 
 0 
 0 
 0 
 0 
 0 
 0 
 0 
 0 
 0 
 0 
 0 
 0 
 0 
 0 
 0 
 0 
 0 
 0 
 0 
 0 
 0 
 0 
 0 
 0 
 0 
 0 
 0 
 0 
 0 
 0 
 0 
 0 
 0 
 0 
 0 
 0 
 0 
 0 
 0 
 0 
 0 
 0 
 0 
 0 
 0 
 0 
 0 
 0 
 0 
 0 
 0 
 0 
 0 
 0 
 0 
 0 
 0 
 0 
 0 
 0 
 0 
 0 
 0 
 0 
 0 
 0 
 0 
 0 
 0 
 0 
 0 
 0 
 0 
 0 
 0 
 0 
 0 
 0 
 0 
 0 
 0 
 0 
 0 
 0 
 0 
 0 
 0 
 0 
 0 
 0 
 0 
 0 
 0 
 0 
 0 
 0 
 0 
 0 
 0 
 0 
 0 
 0 
 0 
 0 
 0 
 0 
 0 
 0 
 0 
 0 
 0 
 0 
 0 
 0 
 0 
 0 
 0 
 0 
 0 
 0 
 0 
 0 
 0 
 0 
 0 
 0 
 0 
 0 
 0 
 0 
 0 
 0 
 0 
 0 
 0 
 0 
 0 
 0 
 0 
 0 
 0 
 0 
 0 
 0 
 0 
 0 
 0 
 0 
 0 
 0 
 0 
 0 
 0 
 0 
 0 
 0 
 0 
 0 
 0 
 0 
 0 
 0 
 0 
 0 
 0 
 0 
 0 
 0 
 0 
 0 
 0 
 0 
 0 
 0 
 0 
 0 
 0 
 0 
 0 
 0 
 0 
 0 
 0 
 0 
 0 
 0 
 0 
 0 
 0 
 0 
 0 
 0 
 0 
 0 
 0 
 0 
 0 
 0 
 0 
 0 
 0 
 0 
 0 
 0 
 0 
 0 
 0 
 0 
 0 
 0 
 0 
 0 
 0 
 0 
 0 
 0 
 0 
 0 
 0 
 0 
 0 
 0 
 0 
 0 
 0 
 0 
 0 
 0 
 0 
 0 
 0 
 0 
 0 
 0 
 0 
 0 
 0 
 0 
 0 
 0 
 0 
 0 
 0 
 0 
 0 
 0 
 0 
 0 
 0 
 0 
 0 
 0 
 0 
 0 
 0 
 0 
 0 
 0 
 0 
 0 
 0 
 0 
 0 
 0 
 0 
 0 
 0 
 0 
 0 
 0 
 0 
 0 
 0 
 0 
 0 
 0 
 0 
 0 
 0 
 0 
 0 
 0 
 0 
 0 
 0 
 0 
 0 
 0 
 0 
 0 
 0 
 0 
 0 
 0 
 0 
 0 
 0 
 0 
 0 
 0 
 0 
 0 
 0 
 0 
 0 
 0 
 0 
 0 
 0 
 0 
 0 
 0 
 0 
 0 
 0 
 0 
 0 
 0 
 0 
 0 
 0 
 0 
 0 
 0 
 0 
 0 
 0 
 0 
 0 
 0 
 0 
 0 
 0 
 0 
 0 
 0 
 0 
 0 
 0 
 0 
 0 
 0 
 0 
 0 
 0 
 0 
 0 
 0 
 0 
 0 
 0 
 0 
 0 
 0 
 0 
 8,46740050804403E-04 
 8,46740050804403E-04 
 8,46740050804403E-04 
 8,46740050804403E-04 
 1,69348010160881E-03 
 1,69348010160881E-03 
 2,54022015241321E-03 
 2,54022015241321E-03 
 3,38696020321761E-03 
 3,38696020321761E-03 
 4,23370025402202E-03 
 5,08044030482642E-03 
 5,08044030482642E-03 
 5,92718035563082E-03 
 6,77392040643522E-03 
 7,62066045723963E-03 
 7,62066045723963E-03 
 8,46740050804403E-03 
 9,31414055884843E-03 
 9,31414055884843E-03 
 9,31414055884843E-03 
 1,01608806096528E-02 
 1,10076206604572E-02 
 1,35478408128704E-02 
 3,04826418289585E-02 
 0,044030482641829 
 3,64098221845893E-02 
 3,81033022861981E-02 
 3,55630821337849E-02 
 4,23370025402202E-02 
 0,044030482641829 
 0,048264182895851 
 4,99576629974598E-02 
 0,052497883149873 
 5,08044030482642E-02 
 7,53598645215919E-02 
 6,35055038103302E-02 
 6,85859441151566E-02 
 6,35055038103302E-02 
 7,02794242167655E-02 
 7,11261642675699E-02 
 7,11261642675699E-02 
 7,02794242167655E-02 
 6,85859441151566E-02 
 5,58848433530906E-02 
 5,84250635055038E-02 
 0,056731583403895 
 6,01185436071126E-02 
 5,92718035563082E-02 
 7,53598645215919E-02 
 7,87468247248095E-02 
 0,104149026248942 
 0,110922946655377 
 0,110922946655377 
 4,48772226926334E-02 
 4,57239627434378E-02 
 4,23370025402202E-02 
 4,31837425910246E-02 
 4,91109229466554E-02 
 0,048264182895851 
 5,16511430990686E-02 
 4,74174428450466E-02 
 4,99576629974598E-02 
 5,08044030482642E-02 
 4,99576629974598E-02 
 5,16511430990686E-02 
 5,84250635055038E-02 
 5,92718035563082E-02 
 0,060965283657917 
 6,43522438611346E-02 
 0,069432684165961 
 7,53598645215919E-02 
 7,19729043183743E-02 
 7,36663844199831E-02 
 7,70533446232007E-02 
 6,43522438611346E-02 
 7,45131244707875E-02 
 7,87468247248095E-02 
 7,70533446232007E-02 
 9,39881456392887E-02 
 8,97544453852667E-02 
 9,14479254868755E-02 
 9,31414055884843E-02 
 9,73751058425063E-02 
 9,82218458933107E-02 
 0,10584250635055 
 0,101608806096528 
 0,102455546147333 
 0,107535986452159 
 0,108382726502964 
 0,11346316680779 
 0,117696867061812 
 0,121930567315834 
 0,123624047417443 
 0,1346316680779 
 0,133784928027096 
 0,138018628281118 
 0,133784928027096 
 0,144792548687553 
 0,149872988992379 
 0,151566469093988 
 0,156646909398815 
 0,144792548687553 
 0,125317527519052 
 0,12701100762066 
 0,125317527519052 
 0,21337849280271 
 0,211685012701101 
 0,206604572396274 
 0,212531752751905 
 0,187976291278577 
 0,201524132091448 
 0,246401354784081 
 0,256562235393734 
 0,392040643522439 
 0,396274343776461 
 0,399661303979678 
 0,4038950042337 
 0,407281964436918 
 0,41151566469094 
 0,414902624894157 
 0,41913632514818 
 0,422523285351397 
 0,426756985605419 
 0,430143945808637 
 0,434377646062659 
 0,288738357324301 
 0,335309060118544 
 0,320914479254869 
 0,337002540220152 
 0,221845893310754 
 0,20575783234547 
 0,207451312447079 
 0,209144792548688 
 0,215071972904318 
 0,414902624894157 
 0,44623200677392 
 0,449618966977138 
 0,434377646062659 
 0,417442845046571 
 0,415749364944962 
 0,414055884843353 
 0,417442845046571 
 0,419983065198984 
 0,413209144792549 
 0,415749364944962 
 0,41913632514818 
 0,416596104995766 
 0,408975444538527 
 0,422523285351397 
 0,42506350550381 
 0,33276883996613 
 0,181202370872142 
 0,187129551227773 
 0,198983911939035 
 0,178662150719729 
 0,185436071126164 
 0,187129551227773 
 0,248941574936494 
 0,249788314987299 
 0,262489415749365 
 0,264182895850974 
 0,271803556308213 
 0,330228619813717 
 0,252328535139712 
 0,253175275190517 
 0,370872142252329 
 0,582557154953429 
 0,585944115156647 
 0,589331075359865 
 0,592718035563082 
 0,595258255715495 
 0,598645215918713 
 0,602032176121931 
 0,605419136325148 
 0,608806096528366 
 0,611346316680779 
 0,614733276883997 
 0,618120237087214 
 0,620660457239627 
 0,624047417442845 
 0,627434377646063 
 0,629974597798476 
 0,633361558001693 
 0,635901778154107 
 0,639288738357324 
 0,642675698560542 
 0,645215918712955 
 0,648602878916173 
 0,651143099068586 
 0,654530059271804 
 0,657070279424217 
 0,534292972057578 
 0,530059271803556 
 0,53259949195597 
 0,554614733276884 
 0,543607112616427 
 0,55969517358171 
 0,562235393734124 
 0,564775613886537 
 0,614733276883997 
 0,602878916172735 
 0,605419136325148 
 0,690939881456393 
 0,562235393734124 
 0,557154953429297 
 0,566469093988146 
 0,526672311600339 
 0,542760372565622 
 0,502116850127011 
 0,518204911092295 
 0,527519051651143 
 0,357324301439458 
 0,430143945808637 
 0,439458086367485 
 0,447925486875529 
 0,31922099915326 
 0,313293818797629 
 0,342929720575783 
 0,403048264182896 
 0,4038950042337 
 0,397967823878069 
 0,354784081287045 
 0,378492802709568 
 0,431837425910246 
 0,441151566469094 
 0,472480948348857 
 0,691786621507197 
 0,679085520745131 
 0,68839966130398 
 0,697713801862828 
 0,715495342929721 
 0,762912785774767 
 0,76545300592718 
 0,767993226079594 
 0,769686706181202 
 0,772226926333616 
 0,773920406435224 
 0,776460626587638 
 0,778154106689246 
 0,78069432684166 
 0,782387806943268 
 0,784928027095682 
 0,78662150719729 
 0,789161727349704 
 0,790855207451312 
 0,792548687552921 
 0,795088907705334 
 0,796782387806943 
 0,798475867908552 
 0,800169348010161 
 0,79424216765453 
 0,788314987298899 
 0,677392040643522 
 0,679085520745131 
 0,640135478408129 
 0,405588484335309 
 0,39034716342083 
 0,391193903471634 
 0,335309060118544 
 0,335309060118544 
 0,320067739204064 
 0,320914479254869 
 0,320914479254869 
 0,321761219305673 
 0,322607959356478 
 0,34801016088061 
 0,357324301439458 
 0,33276883996613 
 0,375105842506351 
 0,359017781541067 
 0,342929720575783 
 0,837425910245555 
 0,839119390347163 
 0,840812870448772 
 0,842506350550381 
 0,843353090601185 
 0,845046570702794 
 0,846740050804403 
 0,847586790855207 
 0,849280270956816 
 0,850127011007621 
 0,851820491109229 
 0,852667231160034 
 0,854360711261643 
 0,573243014394581 
 0,574089754445385 
 0,531752751905165 
 0,515664690939881 
 0,576629974597799 
 0,577476714648603 
 0,465707027942422 
 0,44030482641829 
 0,441151566469094 
 0,545300592718036 
 0,597798475867909 
 0,867908552074513 
 0,868755292125318 
 0,861134631668078 
 0,861981371718882 
 0,854360711261643 
 0,855207451312447 
 0,87298899237934 
 0,874682472480948 
 0,875529212531753 
 0,876375952582557 
 0,876375952582557 
 0,877222692633362 
 0,878069432684166 
 0,87891617273497 
 0,879762912785775 
 0,880609652836579 
 0,881456392887384 
 0,882303132938188 
 0,882303132938188 
 0,883149872988992 
 0,883996613039797 
 0,883996613039797 
 0,779000846740051 
 0,779000846740051 
 0,779847586790855 
 0,88653683319221 
 0,887383573243014 
 0,887383573243014 
 0,888230313293819 
 0,888230313293819 
 0,889077053344623 
 0,889077053344623 
 0,889923793395428 
 0,889923793395428 
 0,889923793395428 
 0,890770533446232 
 0,890770533446232 
 0,890770533446232 
 0,891617273497036 
 0,51735817104149 
 0,490262489415749 
 0,428450465707028 
 0,410668924640135 
 0,410668924640135 
 0,428450465707028 
 0,767146486028789 
 0,784928027095682 
 0,874682472480948 
 0,8653683319221 
 0,660457239627434 
 0,660457239627434 
 0,678238780694327 
 0,678238780694327 
 0,72311600338696 
 0,72311600338696 
 0,704487722269263 
 0,696020321761219 
 0,696020321761219 
 0,677392040643522 
 0,677392040643522 
 0,668077900084674 
 0,606265876375953 
 0,614733276883997 
 0,543607112616427 
 0,631668077900085 
 0,631668077900085 
 0,862828111769687 
 0,436071126164268 
 0,426756985605419 
 0,728196443691787 
 0,728196443691787 
 0,718882303132938 
 0,718882303132938 
 0,718035563082134 
 0,620660457239627 
 0,611346316680779 
 0,602032176121931 
 0,610499576629975 
 0,415749364944962 
 0,406435224386113 
 0,414902624894157 
 0,441151566469094 
 0,44030482641829 
 0,448772226926334 
 0,422523285351397 
 0,377646062658764 
 0,36917866215072 
 0,412362404741744 
 0,412362404741744 
 0,437764606265876 
 0,52497883149873 
 0,568162574089754 
 0,524132091447925 
 0,575783234546994 
 0,618966977138019 
 0,304826418289585 
 0,313293818797629 
 0,686706181202371 
 0,685859441151566 
 0,685012701100762 
 0,692633361558002 
 0,708721422523285 
 0,707874682472481 
 0,707027942421677 
 0,706181202370872 
 0,748518204911092 
 0,859441151566469 
 0,85774767146486 
 0,822184589331075 
 0,821337849280271 
 0,812023708721422 
 0,784928027095682 
 0,757832345469941 
 0,756985605419136 
 0,756138865368332 
 0,737510584250635 
 0,668924640135478 
 0,600338696020322 
 0,497883149872989 
 0,606265876375953 
 0,327688399661304 
 0,336155800169348 
 0,301439458086367 
 0,301439458086367 
 0,309060118543607 
 0,342082980524979 
 0,249788314987299 
 0,24047417442845 
 0,248941574936494 
 0,265029635901778 
 0,264182895850974 
 0,263336155800169 
 0,263336155800169 
 0,221845893310754 
 0,204911092294666 
 0,212531752751905 
 0,211685012701101 
 0,211685012701101 
 0,779000846740051 
 0,769686706181202 
 0,8077900084674 
 0,524132091447925 
 0,530906011854361 
 0,489415749364945 
 0,312447078746825 
 0,351397121083827 
 0,589331075359865 
 0,58848433530906 
 0,586790855207451 
 0,292972057578323 
 0,292125317527519 
 0,298899237933954 
 0,29805249788315 
 0,313293818797629 
 0,359017781541067 
 0,381879762912786 
 0,318374259102456 
 0,317527519051651 
 0,331922099915326 
 0,292972057578323 
 0,483488569009314 
 0,505503810330229 
 0,519051651143099 
 0,396274343776461 
 0,43268416596105 
 0,45385266723116 
 0,430143945808637 
 0,436071126164268 
 0,449618966977138 
 0,433530906011854 
 0,380186282811177 
 0,371718882303133 
 0,362404741744284 
 0,331922099915326 
 0,279424216765453 
 0,286198137171888 
 0,306519898391194 
 0,313293818797629 
 0,31922099915326 
 0,303979678238781 
 0,302286198137172 
 0,215071972904318 
 0,228619813717189 
 0,227773073666384 
 0,241320914479255 
 0,247248094834886 
 0,239627434377646 
 0,238780694326842 
 0,244707874682472 
 0,271803556308213 
 0,270956816257409 
 0,242167654530059 
 0,199830651989839 
 0,192209991532599 
 0,164267569856054 
 0,156646909398815 
 0,209991532599492 
 0,188823031329382 
 0,194750211685013 
 0,207451312447079 
 0,179508890770533 
 0,185436071126164 
 0,18458933107536 
 0,171041490262489 
 0,17696867061812 
 0,156646909398815 
 0,149026248941575 
 0,161727349703641 
 0,160880609652837 
 0,160033869602032 
 0,159187129551228 
 0,158340389500423 
 0,164267569856054 
 0,156646909398815 
 0,162574089754445 
 0,136325148179509 
 0,14225232853514 
 0,135478408128704 
 0,1346316680779 
 0,127857747671465 
 0,12701100762066 
 0,120237087214225 
 0,126164267569856 
 0,131244707874682 
 0,136325148179509 
 0,117696867061812 
 0,122777307366638 
 0,122777307366638 
 0,116003386960203 
 0,109229466553768 
 0,132091447925487 
 0,14225232853514 
 0,141405588484335 
 0,140558848433531 
 0,145639288738357 
 0,144792548687553 
 0,193903471634208 
 0,280270956816257 
 0,31160033869602 
 0,303979678238781 
 0,296359017781541 
 0,305673158340389 
 0,314140558848434 
 0,359864521591871 
 0,14225232853514 
 0,151566469093988 
 0,15580016934801 
 0,154106689246401 
 0,173581710414903 
 0,208298052497883 
 0,196443691786621 
 0,190516511430991 
 0,183742591024555 
 0,182895850973751 
 0,176121930567316 
 0,165114309906859 
 0,178662150719729 
 0,196443691786621 
 0,199830651989839 
 0,193056731583404 
 0,16342082980525 
 0,157493649449619 
 0,160880609652837 
 0,146486028789162 
 0,144792548687553 
 0,139712108382726 
 0,138018628281118 
 0,141405588484335 
 0,144792548687553 
 0,334462320067739 
 0,327688399661304 
 0,324301439458086 
 0,334462320067739 
 0,331075359864522 
 0,324301439458086 
 0,320914479254869 
 0,359017781541067 
 0,4038950042337 
 0,400508044030483 
 0,396274343776461 
 0,392887383573243 
 0,388653683319221 
 0,385266723116003 
 0,381033022861981 
 0,376799322607959 
 0,231160033869602 
 0,221845893310754 
 0,321761219305673 
 0,299745977984759 
 0,292972057578323 
 0,233700254022015 
 0,21337849280271 
 0,210838272650296 
 0,208298052497883 
 0,179508890770533 
 0,204064352243861 
 0,14225232853514 
 0,146486028789162 
 0,141405588484335 
 0,133784928027096 
 0,11346316680779 
 0,108382726502964 
 9,82218458933107E-02 
 9,99153259949196E-02 
 9,56816257408975E-02 
 0,285351397121084 
 0,25571549534293 
 0,248941574936494 
 0,24809483488569 
 0,250635055038103 
 0,232853513971211 
 0,235393734123624 
 0,231160033869602 
 0,227773073666384 
 0,258255715495343 
 0,254022015241321 
 0,249788314987299 
 0,246401354784081 
 0,242167654530059 
 0,237933954276037 
 0,233700254022015 
 0,199830651989839 
 0,198983911939035 
 0,18458933107536 
 0,19813717188823 
 0,119390347163421 
 9,90685859441152E-02 
 9,90685859441152E-02 
 0,147332768839966 
 0,144792548687553 
 0,141405588484335 
 0,1346316680779 
 0,130397967823878 
 8,38272650296359E-02 
 9,65283657917019E-02 
 8,89077053344623E-02 
 8,89077053344623E-02 
 8,29805249788315E-02 
 8,12870448772227E-02 
 7,45131244707875E-02 
 7,45131244707875E-02 
 7,19729043183743E-02 
 7,19729043183743E-02 
 7,11261642675699E-02 
 0,069432684165961 
 7,02794242167655E-02 
 0,048264182895851 
 4,74174428450466E-02 
 0,048264182895851 
 4,57239627434378E-02 
 0,044030482641829 
 4,14902624894158E-02 
 4,14902624894158E-02 
 4,06435224386113E-02 
 5,50381033022862E-02 
 4,91109229466554E-02 
 0,048264182895851 
 7,45131244707875E-02 
 3,04826418289585E-02 
 3,04826418289585E-02 
 3,81033022861981E-02 
 3,55630821337849E-02 
 5,41913632514818E-02 
 5,33446232006774E-02 
 5,50381033022862E-02 
 5,16511430990686E-02 
 4,57239627434378E-02 
 0,044030482641829 
 4,23370025402202E-02 
 3,97967823878069E-02 
 3,72565622353937E-02 
 1,94750211685013E-02 
 4,06435224386113E-02 
 3,64098221845893E-02 
 3,38696020321761E-02 
 3,38696020321761E-02 
 2,03217612193057E-02 
 1,94750211685013E-02 
 2,11685012701101E-02 
 1,94750211685013E-02 
 1,69348010160881E-02 
 1,52413209144793E-02 
 1,35478408128704E-02 
 1,18543607112616E-02 
 1,01608806096528E-02 
 1,10076206604572E-02 
 1,01608806096528E-02 
 5,08044030482642E-03 
 5,92718035563082E-03 
 5,08044030482642E-03 
 4,23370025402202E-03 
 3,38696020321761E-03 
 2,54022015241321E-03 
 1,69348010160881E-03 
 1,69348010160881E-03 
 8,46740050804403E-04 
 8,46740050804403E-04 
 0 
 0 
 0 
 0 
 0 
 0 
 0 
 0 
 0 
 0 
 0 
 0 
 0 
 0 
 0 
 0 
 0 
 0 
 0 
 0 
 0 
 0 
 0 
 0 
 0 
 0 
 0 
 0 
 0 
 0 
 0 
 0 
 0 
 0 
 0 
 0 
 0 
 0 
 0 
 0 
 0 
 0 
 0 
 0 
 0 
 0 
 0 
 0 
 0 
 0 
 0 
 0 
 0 
 0 
 0 
 0 
 0 
 0 
 0 
 0 
 0 
 0 
 0 
 0 
 0 
 0 
 0 
 0 
 0 
 0 
 0 
 0 
 0 
 0 
 0 
 0 
 0 
 0 
 0 
 0 
 0 
 0 
 0 
 0 
 0 
 0 
 0 
 0 
 0 
 0 
 0 
 0 
 0 
 0 
 0 
 0 
 0 
 0 
 0 
 0 
 0 
 0 
 0 
 0 
 0 
 0 
 0 
 0 
 0 
 0 
 0 
 0 
 0 
 0 
 0 
 0 
 0 
 0 
 0 
 0 
 0 
 0 
 0 
 0 
 0 
 0 
 0 
 0 
 0 
 0 
 0 
 0 
 0 
 0 
 0 
 0 
 0 
 0 
 0 
 0 
 0 
 0 
 0 
 0 
 0 
 0 
 0 
 0 
 0 
 0 
 0 
 0 
 0 
 0 
 0 
 0 
 0 
 0 
 0 
 0 
 0 
 0 
 0 
 0 
 0 
 0 
 0 
 0 
 0 
 0 
 0 
 0 
 0 
 0 
 0 
 0 
 0 
 0 
 0 
 0 
 0 
 0 
 0 
 0 
 0 
 0 
 0 
 0 
 0 
 0 
 0 
 0 
 0 
 0 
 0 
 0 
 0 
 0 
 0 
 0 
 0 
 0 
 0 
 0 
 0 
 0 
 0 
 0 
 0 
 0 
 0 
 0 
 0 
 0 
 0 
 0 
 0 
 0 
 0 
 0 
 0 
 0 
 0 
 0 
 0 
 0 
 0 
 0 
 0 
 0 
 0 
 0 
 0 
 0 
 0 
 0 
 0 
 0 
 0 
 0 
 0 
 0 
 0 
 0 
 0 
 0 
 0 
 0 
 0 
 0 
 0 
 0 
 0 
 0 
 0 
 0 
 0 
 0 
 0 
 0 
 0 
 0 
 0 
 0 
 0 
 0 
 0 
 0 
 0 
 0 
 0 
 0 
 0 
 0 
 0 
 0 
 0 
 0 
 0 
 0 
 0 
 0 
 0 
 0 
 0 
 0 
 0 
 0 
 0 
 0 
 0 
 0 
 0 
 0 
 0 
 0 
 0 
 0 
 0 
 0 
 0 
 0 
 0 
 0 
 0 
 0 
 0 
 0 
 0 
 0 
 0 
