 0 
 0 
 0 
 0 
 0 
 0 
 0 
 0 
 0 
 0 
 0 
 0 
 0 
 0 
 0 
 0 
 0 
 0 
 0 
 0 
 0 
 0 
 0 
 0 
 0 
 0 
 0 
 0 
 0 
 0 
 0 
 0 
 0 
 0 
 0 
 0 
 0 
 0 
 0 
 0 
 0 
 0 
 0 
 0 
 0 
 0 
 0 
 0 
 0 
 0 
 0 
 0 
 0 
 0 
 0 
 0 
 0 
 0 
 0 
 0 
 0 
 0 
 0 
 0 
 0 
 0 
 0 
 0 
 0 
 0 
 0 
 0 
 0 
 0 
 0 
 0 
 0 
 0 
 0 
 0 
 0 
 0 
 0 
 0 
 0 
 0 
 0 
 0 
 0 
 0 
 0 
 0 
 0 
 0 
 0 
 0 
 0 
 0 
 0 
 0 
 0 
 0 
 0 
 0 
 0 
 0 
 0 
 0 
 0 
 0 
 0 
 0 
 0 
 0 
 0 
 0 
 0 
 0 
 0 
 0 
 0 
 0 
 0 
 0 
 0 
 0 
 0 
 0 
 0 
 0 
 0 
 0 
 0 
 0 
 0 
 0 
 0 
 0 
 0 
 0 
 0 
 0 
 0 
 0 
 0 
 0 
 0 
 0 
 0 
 0 
 0 
 0 
 0 
 0 
 0 
 0 
 0 
 0 
 0 
 0 
 0 
 0 
 0 
 0 
 0 
 0 
 0 
 0 
 0 
 0 
 0 
 0 
 0 
 0 
 0 
 0 
 0 
 0 
 0 
 0 
 0 
 0 
 0 
 0 
 0 
 0 
 0 
 0 
 0 
 0 
 0 
 0 
 0 
 0 
 0 
 0 
 0 
 0 
 0 
 0 
 0 
 0 
 0 
 0 
 0 
 0 
 0 
 0 
 0 
 0 
 0 
 0 
 0 
 0 
 0 
 0 
 0 
 0 
 0 
 0 
 0 
 0 
 0 
 0 
 0 
 0 
 0 
 0 
 0 
 0 
 0 
 0 
 0 
 0 
 0 
 0 
 0 
 0 
 0 
 0 
 0 
 0 
 0 
 0 
 0 
 0 
 0 
 0 
 0 
 0 
 0 
 0 
 0 
 0 
 0 
 0 
 0 
 0 
 0 
 0 
 0 
 0 
 0 
 0 
 0 
 0 
 0 
 0 
 0 
 0 
 0 
 0 
 0 
 0 
 0 
 0 
 0 
 0 
 0 
 0 
 0 
 0 
 0 
 0 
 0 
 0 
 0 
 0 
 0 
 0 
 0 
 0 
 0 
 0 
 0 
 0 
 0 
 0 
 0 
 0 
 0 
 0 
 0 
 0 
 0 
 0 
 0 
 0 
 0 
 0 
 0 
 0 
 0 
 0 
 0 
 0 
 0 
 0 
 0 
 0 
 0 
 0 
 0 
 0 
 0 
 0 
 0 
 0 
 0 
 0 
 0 
 0 
 0 
 0 
 0 
 0 
 0 
 0 
 0 
 0 
 0 
 0 
 0 
 0 
 0 
 0 
 0 
 0 
 0 
 0 
 0 
 0 
 0 
 0 
 0 
 0 
 0 
 0 
 0 
 0 
 0 
 0 
 0 
 0 
 0 
 0 
 0 
 0 
 0 
 0 
 0 
 0 
 0 
 0 
 0 
 0 
 0 
 0 
 0 
 0 
 0 
 0 
 0 
 0 
 0 
 0 
 0 
 0 
 0 
 0 
 0 
 0 
 0 
 0 
 0 
 0 
 0 
 0 
 0 
 0 
 0 
 0 
 0 
 0 
 0 
 0 
 0 
 0 
 0 
 0 
 0 
 0 
 0 
 0 
 0 
 0 
 0 
 0 
 0 
 0 
 0 
 0 
 0 
 0 
 0 
 0 
 0 
 0 
 0 
 0 
 0 
 0 
 0 
 0 
 8,46740050804403E-04 
 8,46740050804403E-04 
 1,69348010160881E-03 
 1,69348010160881E-03 
 2,54022015241321E-03 
 3,38696020321761E-03 
 4,23370025402202E-03 
 5,92718035563082E-03 
 6,77392040643522E-03 
 8,46740050804403E-03 
 9,31414055884843E-03 
 1,10076206604572E-02 
 0,012701100762066 
 1,43945808636749E-02 
 1,69348010160881E-02 
 1,86282811176969E-02 
 2,11685012701101E-02 
 2,28619813717189E-02 
 2,54022015241321E-02 
 2,79424216765453E-02 
 3,04826418289585E-02 
 3,30228619813717E-02 
 3,55630821337849E-02 
 3,89500423370025E-02 
 4,14902624894158E-02 
 0,044030482641829 
 4,74174428450466E-02 
 4,99576629974598E-02 
 4,99576629974598E-02 
 5,33446232006774E-02 
 5,92718035563082E-02 
 6,26587637595258E-02 
 6,60457239627434E-02 
 0,069432684165961 
 7,28196443691787E-02 
 7,62066045723963E-02 
 7,95935647756139E-02 
 8,29805249788315E-02 
 8,63674851820491E-02 
 9,06011854360711E-02 
 9,39881456392887E-02 
 9,73751058425063E-02 
 0,100762066045724 
 0,104995766299746 
 0,108382726502964 
 0,111769686706181 
 0,069432684165961 
 7,19729043183743E-02 
 7,36663844199831E-02 
 7,62066045723963E-02 
 7,70533446232007E-02 
 4,57239627434378E-02 
 4,74174428450466E-02 
 0,052497883149873 
 5,41913632514818E-02 
 6,26587637595258E-02 
 6,18120237087214E-02 
 6,35055038103302E-02 
 6,35055038103302E-02 
 6,43522438611346E-02 
 0,069432684165961 
 6,43522438611346E-02 
 7,28196443691787E-02 
 7,45131244707875E-02 
 7,79000846740051E-02 
 7,95935647756139E-02 
 8,55207451312447E-02 
 8,89077053344623E-02 
 8,63674851820491E-02 
 8,04403048264183E-02 
 7,95935647756139E-02 
 8,12870448772227E-02 
 8,89077053344623E-02 
 9,48348856900931E-02 
 9,65283657917019E-02 
 8,97544453852667E-02 
 9,56816257408975E-02 
 9,48348856900931E-02 
 8,97544453852667E-02 
 9,06011854360711E-02 
 9,22946655376799E-02 
 0,101608806096528 
 0,103302286198137 
 0,101608806096528 
 0,10584250635055 
 0,237087214225233 
 0,24047417442845 
 0,249788314987299 
 0,24809483488569 
 0,231160033869602 
 0,23454699407282 
 0,24047417442845 
 0,241320914479255 
 0,244707874682472 
 0,247248094834886 
 0,241320914479255 
 0,244707874682472 
 0,263336155800169 
 0,266723116003387 
 0,270110076206605 
 0,273497036409822 
 0,266723116003387 
 0,266723116003387 
 0,174428450465707 
 0,248941574936494 
 0,261642675698561 
 0,265029635901778 
 0,267569856054191 
 0,216765453005927 
 0,182895850973751 
 0,140558848433531 
 0,138018628281118 
 0,143099068585944 
 0,140558848433531 
 0,146486028789162 
 0,154953429297206 
 0,337002540220152 
 0,34038950042337 
 0,343776460626588 
 0,347163420829805 
 0,346316680779001 
 0,349703640982218 
 0,357324301439458 
 0,364944961896698 
 0,367485182049111 
 0,370872142252329 
 0,318374259102456 
 0,395427603725656 
 0,346316680779001 
 0,357324301439458 
 0,360711261642676 
 0,296359017781541 
 0,208298052497883 
 0,209991532599492 
 0,220999153259949 
 0,21337849280271 
 0,20575783234547 
 0,207451312447079 
 0,218458933107536 
 0,41151566469094 
 0,424216765453006 
 0,480948348856901 
 0,464860287891617 
 0,468247248094835 
 0,471634208298052 
 0,480101608806097 
 0,488569009314141 
 0,491955969517358 
 0,485182049110923 
 0,468247248094835 
 0,476714648602879 
 0,495342929720576 
 0,50381033022862 
 0,518204911092295 
 0,463166807790008 
 0,492802709568163 
 0,501270110076207 
 0,406435224386113 
 0,376799322607959 
 0,384419983065199 
 0,375952582557155 
 0,372565622353937 
 0,206604572396274 
 0,214225232853514 
 0,220999153259949 
 0,221845893310754 
 0,211685012701101 
 0,230313293818798 
 0,226079593564776 
 0,256562235393734 
 0,381033022861981 
 0,388653683319221 
 0,343776460626588 
 0,339542760372566 
 0,251481795088908 
 0,222692633361558 
 0,242167654530059 
 0,243014394580864 
 0,250635055038103 
 0,220999153259949 
 0,259102455546147 
 0,260795935647756 
 0,262489415749365 
 0,263336155800169 
 0,265029635901778 
 0,285351397121084 
 0,286198137171888 
 0,281117696867062 
 0,263336155800169 
 0,258255715495343 
 0,239627434377646 
 0,449618966977138 
 0,484335309060119 
 0,492802709568163 
 0,541066892464014 
 0,543607112616427 
 0,54614733276884 
 0,58848433530906 
 0,664690939881456 
 0,674005080440305 
 0,677392040643522 
 0,679932260795936 
 0,662150719729043 
 0,671464860287892 
 0,640135478408129 
 0,649449618966977 
 0,693480101608806 
 0,696867061812024 
 0,699407281964437 
 0,70194750211685 
 0,704487722269263 
 0,707027942421677 
 0,70956816257409 
 0,712108382726503 
 0,714648602878916 
 0,717188823031329 
 0,719729043183743 
 0,722269263336156 
 0,724809483488569 
 0,727349703640982 
 0,729889923793395 
 0,732430143945809 
 0,734970364098222 
 0,737510584250635 
 0,695173581710415 
 0,697713801862828 
 0,737510584250635 
 0,672311600338696 
 0,689246401354784 
 0,646909398814564 
 0,648602878916173 
 0,650296359017781 
 0,660457239627434 
 0,624047417442845 
 0,351397121083827 
 0,367485182049111 
 0,337849280270957 
 0,377646062658764 
 0,370872142252329 
 0,34801016088061 
 0,303132938187976 
 0,295512277730737 
 0,304826418289585 
 0,289585097375106 
 0,29043183742591 
 0,291278577476715 
 0,299745977984759 
 0,284504657070279 
 0,316680779000847 
 0,302286198137172 
 0,303132938187976 
 0,303132938187976 
 0,271803556308213 
 0,265029635901778 
 0,248941574936494 
 0,274343776460627 
 0,298899237933954 
 0,283657917019475 
 0,259949195596952 
 0,259949195596952 
 0,27688399661304 
 0,286198137171888 
 0,270110076206605 
 0,270956816257409 
 0,263336155800169 
 0,230313293818798 
 0,239627434377646 
 0,24809483488569 
 0,232006773920406 
 0,182895850973751 
 0,182895850973751 
 0,175275190516511 
 0,175275190516511 
 0,175275190516511 
 0,18458933107536 
 0,18458933107536 
 0,18458933107536 
 0,185436071126164 
 0,193903471634208 
 0,194750211685013 
 0,228619813717189 
 0,228619813717189 
 0,220999153259949 
 0,237933954276037 
 0,264182895850974 
 0,238780694326842 
 0,221845893310754 
 0,281964436917866 
 0,299745977984759 
 0,300592718035563 
 0,292125317527519 
 0,258255715495343 
 0,258255715495343 
 0,249788314987299 
 0,250635055038103 
 0,268416596104996 
 0,259949195596952 
 0,277730736663844 
 0,607112616426757 
 0,356477561388654 
 0,34801016088061 
 0,374259102455546 
 0,287891617273497 
 0,305673158340389 
 0,314140558848434 
 0,419983065198984 
 0,385266723116003 
 0,376799322607959 
 0,394580863674852 
 0,351397121083827 
 0,325148179508891 
 0,325148179508891 
 0,342929720575783 
 0,422523285351397 
 0,414055884843353 
 0,423370025402202 
 0,423370025402202 
 0,458933107535986 
 0,459779847586791 
 0,530906011854361 
 0,540220152413209 
 0,558001693480102 
 0,558001693480102 
 0,381033022861981 
 0,372565622353937 
 0,346316680779001 
 0,346316680779001 
 0,346316680779001 
 0,346316680779001 
 0,347163420829805 
 0,373412362404742 
 0,293818797629128 
 0,31160033869602 
 0,338696020321761 
 0,329381879762913 
 0,329381879762913 
 0,338696020321761 
 0,34801016088061 
 0,552921253175275 
 0,544453852667231 
 0,615580016934801 
 0,758679085520745 
 0,731583403895004 
 0,740897544453853 
 0,696020321761219 
 0,660457239627434 
 0,499576629974598 
 0,428450465707028 
 0,669771380186283 
 0,241320914479255 
 0,259102455546147 
 0,259102455546147 
 0,285351397121084 
 0,285351397121084 
 0,285351397121084 
 0,294665537679932 
 0,267569856054191 
 0,232006773920406 
 0,204911092294666 
 0,204911092294666 
 0,195596951735817 
 0,177815410668925 
 0,169348010160881 
 0,187129551227773 
 0,204911092294666 
 0,204911092294666 
 0,204064352243861 
 0,195596951735817 
 0,21337849280271 
 0,221845893310754 
 0,204064352243861 
 0,212531752751905 
 0,194750211685013 
 0,194750211685013 
 0,185436071126164 
 0,690093141405589 
 0,689246401354784 
 0,689246401354784 
 0,652836579170195 
 0,670618120237087 
 0,669771380186283 
 0,624894157493649 
 0,624894157493649 
 0,580016934801016 
 0,55376799322608 
 0,535139712108383 
 0,499576629974598 
 0,499576629974598 
 0,44623200677392 
 0,44623200677392 
 0,436917866215072 
 0,41913632514818 
 0,426756985605419 
 0,435224386113463 
 0,460626587637595 
 0,226079593564776 
 0,225232853513971 
 0,225232853513971 
 0,216765453005927 
 0,225232853513971 
 0,207451312447079 
 0,19813717188823 
 0,19813717188823 
 0,215071972904318 
 0,223539373412362 
 0,214225232853514 
 0,231160033869602 
 0,214225232853514 
 0,221845893310754 
 0,221845893310754 
 0,221845893310754 
 0,220999153259949 
 0,220999153259949 
 0,237087214225233 
 0,245554614733277 
 0,236240474174428 
 0,236240474174428 
 0,277730736663844 
 0,286198137171888 
 0,285351397121084 
 0,284504657070279 
 0,301439458086367 
 0,317527519051651 
 0,333615580016935 
 0,291278577476715 
 0,274343776460627 
 0,281964436917866 
 0,281117696867062 
 0,247248094834886 
 0,247248094834886 
 0,287891617273497 
 0,295512277730737 
 0,385266723116003 
 0,318374259102456 
 0,359017781541067 
 0,398814563928874 
 0,438611346316681 
 0,542760372565622 
 0,52497883149873 
 0,572396274343776 
 0,546994072819644 
 0,585944115156647 
 0,544453852667231 
 0,471634208298052 
 0,486028789161727 
 0,492802709568163 
 0,436071126164268 
 0,403048264182896 
 0,370872142252329 
 0,370025402201524 
 0,376799322607959 
 0,665537679932261 
 0,663844199830652 
 0,669771380186283 
 0,690939881456393 
 0,704487722269263 
 0,663844199830652 
 0,669771380186283 
 0,675698560541914 
 0,704487722269263 
 0,702794242167655 
 0,700254022015241 
 0,735817104149026 
 0,44623200677392 
 0,362404741744284 
 0,353090601185436 
 0,344623200677392 
 0,254022015241321 
 0,253175275190517 
 0,267569856054191 
 0,244707874682472 
 0,272650296359018 
 0,331075359864522 
 0,733276883996613 
 0,7307366638442 
 0,728196443691787 
 0,725656223539373 
 0,72311600338696 
 0,698560541913632 
 0,710414902624894 
 0,715495342929721 
 0,712955122777307 
 0,610499576629975 
 0,608806096528366 
 0,599491955969517 
 0,603725656223539 
 0,636748518204911 
 0,585097375105842 
 0,590177815410669 
 0,587637595258256 
 0,599491955969517 
 0,583403895004234 
 0,56731583403895 
 0,564775613886537 
 0,562235393734124 
 0,55969517358171 
 0,530906011854361 
 0,595258255715495 
 0,599491955969517 
 0,596951735817104 
 0,475867908552075 
 0,480101608806097 
 0,477561388653683 
 0,430143945808637 
 0,408975444538527 
 0,393734123624047 
 0,41151566469094 
 0,370872142252329 
 0,547840812870449 
 0,5385266723116 
 0,561388653683319 
 0,200677392040644 
 0,199830651989839 
 0,192209991532599 
 0,204064352243861 
 0,221845893310754 
 0,415749364944962 
 0,414055884843353 
 0,399661303979678 
 0,4038950042337 
 0,389500423370025 
 0,351397121083827 
 0,533446232006774 
 0,571549534292972 
 0,492802709568163 
 0,489415749364945 
 0,486875529212532 
 0,490262489415749 
 0,492802709568163 
 0,421676545300593 
 0,526672311600339 
 0,4614733276884 
 0,458933107535986 
 0,4614733276884 
 0,4038950042337 
 0,395427603725656 
 0,262489415749365 
 0,271803556308213 
 0,264182895850974 
 0,251481795088908 
 0,244707874682472 
 0,243014394580864 
 0,204911092294666 
 0,203217612193057 
 0,202370872142252 
 0,20575783234547 
 0,270956816257409 
 0,299745977984759 
 0,307366638441998 
 0,29043183742591 
 0,292972057578323 
 0,335309060118544 
 0,342929720575783 
 0,194750211685013 
 0,280270956816257 
 0,259102455546147 
 0,256562235393734 
 0,302286198137172 
 0,327688399661304 
 0,353090601185436 
 0,359017781541067 
 0,360711261642676 
 0,381033022861981 
 0,377646062658764 
 0,36155800169348 
 0,366638441998307 
 0,342082980524979 
 0,334462320067739 
 0,348856900931414 
 0,341236240474174 
 0,355630821337849 
 0,29805249788315 
 0,31160033869602 
 0,313293818797629 
 0,379339542760373 
 0,396274343776461 
 0,388653683319221 
 0,320914479254869 
 0,314140558848434 
 0,310753598645216 
 0,308213378492803 
 0,309060118543607 
 0,245554614733277 
 0,254022015241321 
 0,243861134631668 
 0,168501270110076 
 0,173581710414903 
 0,168501270110076 
 0,165961049957663 
 0,164267569856054 
 0,141405588484335 
 0,132938187976291 
 0,132091447925487 
 0,160033869602032 
 0,158340389500423 
 0,153259949195597 
 0,125317527519052 
 0,124470787468247 
 0,110076206604572 
 0,117696867061812 
 0,11346316680779 
 9,39881456392887E-02 
 8,97544453852667E-02 
 9,99153259949196E-02 
 9,56816257408975E-02 
 9,48348856900931E-02 
 0,200677392040644 
 0,186282811176969 
 0,166807790008467 
 0,167654530059272 
 0,167654530059272 
 0,251481795088908 
 0,250635055038103 
 0,246401354784081 
 0,209991532599492 
 0,246401354784081 
 0,232006773920406 
 0,216765453005927 
 0,201524132091448 
 0,199830651989839 
 0,192209991532599 
 0,177815410668925 
 0,176121930567316 
 0,179508890770533 
 0,182895850973751 
 0,179508890770533 
 0,175275190516511 
 0,176121930567316 
 0,171041490262489 
 0,174428450465707 
 0,169348010160881 
 0,165961049957663 
 0,145639288738357 
 0,158340389500423 
 0,122777307366638 
 7,95935647756139E-02 
 7,45131244707875E-02 
 7,79000846740051E-02 
 7,70533446232007E-02 
 7,19729043183743E-02 
 6,85859441151566E-02 
 6,18120237087214E-02 
 9,56816257408975E-02 
 0,101608806096528 
 9,73751058425063E-02 
 0,110922946655377 
 0,104149026248942 
 0,100762066045724 
 9,73751058425063E-02 
 9,48348856900931E-02 
 9,06011854360711E-02 
 8,72142252328535E-02 
 8,72142252328535E-02 
 8,29805249788315E-02 
 6,85859441151566E-02 
 6,68924640135478E-02 
 6,43522438611346E-02 
 3,38696020321761E-02 
 3,13293818797629E-02 
 2,79424216765453E-02 
 2,54022015241321E-02 
 2,87891617273497E-02 
 2,62489415749365E-02 
 2,54022015241321E-02 
 6,01185436071126E-02 
 0,056731583403895 
 5,41913632514818E-02 
 5,08044030482642E-02 
 4,74174428450466E-02 
 4,48772226926334E-02 
 4,14902624894158E-02 
 3,89500423370025E-02 
 3,55630821337849E-02 
 3,38696020321761E-02 
 3,04826418289585E-02 
 2,79424216765453E-02 
 2,62489415749365E-02 
 2,37087214225233E-02 
 2,11685012701101E-02 
 1,94750211685013E-02 
 1,69348010160881E-02 
 1,52413209144793E-02 
 1,35478408128704E-02 
 1,18543607112616E-02 
 1,01608806096528E-02 
 8,46740050804403E-03 
 6,77392040643522E-03 
 5,08044030482642E-03 
 4,23370025402202E-03 
 1,69348010160881E-03 
 1,69348010160881E-03 
 8,46740050804403E-04 
 8,46740050804403E-04 
 8,46740050804403E-04 
 8,46740050804403E-04 
 0 
 0 
 0 
 0 
 0 
 0 
 0 
 0 
 0 
 0 
 0 
 0 
 0 
 0 
 0 
 0 
 0 
 0 
 0 
 0 
 0 
 0 
 0 
 0 
 0 
 0 
 0 
 0 
 0 
 0 
 0 
 0 
 0 
 0 
 0 
 0 
 0 
 0 
 0 
 0 
 0 
 0 
 0 
 0 
 0 
 0 
 0 
 0 
 0 
 0 
 0 
 0 
 0 
 0 
 0 
 0 
 0 
 0 
 0 
 0 
 0 
 0 
 0 
 0 
 0 
 0 
 0 
 0 
 0 
 0 
 0 
 0 
 0 
 0 
 0 
 0 
 0 
 0 
 0 
 0 
 0 
 0 
 0 
 0 
 0 
 0 
 0 
 0 
 0 
 0 
 0 
 0 
 0 
 0 
 0 
 0 
 0 
 0 
 0 
 0 
 0 
 0 
 0 
 0 
 0 
 0 
 0 
 0 
 0 
 0 
 0 
 0 
 0 
 0 
 0 
 0 
 0 
 0 
 0 
 0 
 0 
 0 
 0 
 0 
 0 
 0 
 0 
 0 
 0 
 0 
 0 
 0 
 0 
 0 
 0 
 0 
 0 
 0 
 0 
 0 
 0 
 0 
 0 
 0 
 0 
 0 
 0 
 0 
 0 
 0 
 0 
 0 
 0 
 0 
 0 
 0 
 0 
 0 
 0 
 0 
 0 
 0 
 0 
 0 
 0 
 0 
 0 
 0 
 0 
 0 
 0 
 0 
 0 
 0 
 0 
 0 
 0 
 0 
 0 
 0 
 0 
 0 
 0 
 0 
 0 
 0 
 0 
 0 
 0 
 0 
 0 
 0 
 0 
 0 
 0 
 0 
 0 
 0 
 0 
 0 
 0 
 0 
 0 
 0 
 0 
 0 
 0 
 0 
 0 
 0 
 0 
 0 
 0 
 0 
 0 
 0 
 0 
 0 
 0 
 0 
 0 
 0 
 0 
 0 
 0 
 0 
 0 
 0 
 0 
 0 
 0 
 0 
 0 
 0 
 0 
 0 
 0 
 0 
 0 
 0 
 0 
 0 
 0 
 0 
 0 
 0 
 0 
 0 
 0 
 0 
 0 
 0 
 0 
 0 
 0 
 0 
 0 
 0 
 0 
 0 
 0 
 0 
 0 
 0 
 0 
 0 
 0 
 0 
 0 
 0 
 0 
 0 
 0 
 0 
 0 
 0 
 0 
 0 
 0 
 0 
 0 
 0 
 0 
 0 
 0 
 0 
 0 
 0 
 0 
 0 
 0 
 0 
 0 
 0 
 0 
 0 
 0 
 0 
 0 
 0 
 0 
 0 
 0 
 0 
 0 
 0 
 0 
 0 
 0 
 0 
 0 
