 0 
 0 
 0 
 0 
 0 
 0 
 0 
 0 
 0 
 0 
 0 
 0 
 0 
 0 
 0 
 0 
 0 
 0 
 0 
 0 
 0 
 0 
 0 
 0 
 0 
 0 
 0 
 0 
 0 
 0 
 0 
 0 
 0 
 0 
 0 
 0 
 0 
 0 
 0 
 0 
 0 
 0 
 0 
 0 
 0 
 0 
 0 
 0 
 0 
 0 
 0 
 0 
 0 
 0 
 0 
 0 
 0 
 0 
 0 
 0 
 0 
 0 
 0 
 0 
 0 
 0 
 0 
 0 
 0 
 0 
 0 
 0 
 0 
 0 
 0 
 0 
 0 
 0 
 0 
 0 
 0 
 0 
 0 
 0 
 0 
 0 
 0 
 0 
 0 
 0 
 0 
 0 
 0 
 0 
 0 
 0 
 0 
 0 
 0 
 0 
 0 
 0 
 0 
 0 
 0 
 0 
 0 
 0 
 0 
 0 
 0 
 0 
 0 
 0 
 0 
 0 
 0 
 0 
 0 
 0 
 0 
 0 
 0 
 0 
 0 
 0 
 0 
 0 
 0 
 0 
 0 
 0 
 0 
 0 
 0 
 0 
 0 
 0 
 0 
 0 
 0 
 0 
 0 
 0 
 0 
 0 
 0 
 0 
 0 
 0 
 0 
 0 
 0 
 0 
 0 
 0 
 0 
 0 
 0 
 0 
 0 
 0 
 0 
 0 
 0 
 0 
 0 
 0 
 0 
 0 
 0 
 0 
 0 
 0 
 0 
 0 
 0 
 0 
 0 
 0 
 0 
 0 
 0 
 0 
 0 
 0 
 0 
 0 
 0 
 0 
 0 
 0 
 0 
 0 
 0 
 0 
 0 
 0 
 0 
 0 
 0 
 0 
 0 
 0 
 0 
 0 
 0 
 0 
 0 
 0 
 0 
 0 
 0 
 0 
 0 
 0 
 0 
 0 
 0 
 0 
 0 
 0 
 0 
 0 
 0 
 0 
 0 
 0 
 0 
 0 
 0 
 0 
 0 
 0 
 0 
 0 
 0 
 0 
 0 
 0 
 0 
 0 
 0 
 0 
 0 
 0 
 0 
 0 
 0 
 0 
 0 
 0 
 0 
 0 
 0 
 0 
 0 
 0 
 0 
 0 
 0 
 0 
 0 
 0 
 0 
 0 
 0 
 0 
 0 
 0 
 0 
 0 
 0 
 0 
 0 
 0 
 0 
 0 
 0 
 0 
 0 
 0 
 0 
 0 
 0 
 0 
 0 
 0 
 0 
 0 
 0 
 0 
 0 
 0 
 0 
 0 
 0 
 0 
 0 
 0 
 0 
 0 
 0 
 0 
 0 
 0 
 0 
 0 
 0 
 0 
 0 
 0 
 0 
 0 
 0 
 0 
 0 
 0 
 0 
 0 
 0 
 0 
 0 
 0 
 0 
 0 
 0 
 0 
 0 
 0 
 0 
 0 
 0 
 0 
 0 
 0 
 0 
 0 
 0 
 0 
 0 
 0 
 0 
 0 
 0 
 0 
 0 
 0 
 0 
 0 
 0 
 0 
 0 
 0 
 0 
 0 
 0 
 0 
 0 
 0 
 0 
 0 
 0 
 0 
 0 
 0 
 0 
 0 
 0 
 0 
 0 
 0 
 0 
 0 
 0 
 0 
 0 
 0 
 0 
 0 
 0 
 0 
 0 
 0 
 0 
 0 
 0 
 0 
 0 
 0 
 0 
 0 
 0 
 0 
 0 
 0 
 0 
 0 
 0 
 0 
 0 
 0 
 0 
 0 
 0 
 0 
 0 
 0 
 0 
 0 
 0 
 0 
 0 
 0 
 0 
 0 
 0 
 0 
 0 
 0 
 0 
 0 
 0 
 0 
 0 
 0 
 0 
 0 
 0 
 0 
 0 
 0 
 0 
 0 
 0 
 8,46740050804403E-04 
 8,46740050804403E-04 
 1,69348010160881E-03 
 2,54022015241321E-03 
 3,38696020321761E-03 
 4,23370025402202E-03 
 5,08044030482642E-03 
 6,77392040643522E-03 
 8,46740050804403E-03 
 9,31414055884843E-03 
 1,10076206604572E-02 
 1,01608806096528E-02 
 1,10076206604572E-02 
 1,18543607112616E-02 
 1,35478408128704E-02 
 1,43945808636749E-02 
 1,52413209144793E-02 
 1,77815410668925E-02 
 2,45554614733277E-02 
 2,70956816257409E-02 
 3,04826418289585E-02 
 3,47163420829805E-02 
 3,81033022861981E-02 
 4,06435224386113E-02 
 0,044030482641829 
 4,74174428450466E-02 
 4,99576629974598E-02 
 5,33446232006774E-02 
 0,056731583403895 
 5,92718035563082E-02 
 6,26587637595258E-02 
 6,60457239627434E-02 
 0,069432684165961 
 7,28196443691787E-02 
 7,62066045723963E-02 
 7,95935647756139E-02 
 3,89500423370025E-02 
 1,94750211685013E-02 
 1,94750211685013E-02 
 2,03217612193057E-02 
 2,11685012701101E-02 
 1,77815410668925E-02 
 1,86282811176969E-02 
 2,20152413209145E-02 
 2,20152413209145E-02 
 2,28619813717189E-02 
 2,62489415749365E-02 
 2,62489415749365E-02 
 2,70956816257409E-02 
 2,62489415749365E-02 
 2,54022015241321E-02 
 2,37087214225233E-02 
 2,54022015241321E-02 
 2,45554614733277E-02 
 2,54022015241321E-02 
 2,45554614733277E-02 
 2,54022015241321E-02 
 2,62489415749365E-02 
 2,62489415749365E-02 
 2,70956816257409E-02 
 2,96359017781541E-02 
 3,04826418289585E-02 
 3,04826418289585E-02 
 2,96359017781541E-02 
 2,62489415749365E-02 
 2,70956816257409E-02 
 2,79424216765453E-02 
 2,45554614733277E-02 
 2,45554614733277E-02 
 2,96359017781541E-02 
 3,21761219305673E-02 
 3,04826418289585E-02 
 2,87891617273497E-02 
 3,13293818797629E-02 
 3,47163420829805E-02 
 3,47163420829805E-02 
 3,55630821337849E-02 
 3,64098221845893E-02 
 4,14902624894158E-02 
 4,48772226926334E-02 
 0,048264182895851 
 4,91109229466554E-02 
 4,74174428450466E-02 
 4,74174428450466E-02 
 4,57239627434378E-02 
 4,65707027942422E-02 
 0,044030482641829 
 3,64098221845893E-02 
 4,31837425910246E-02 
 4,65707027942422E-02 
 4,99576629974598E-02 
 5,08044030482642E-02 
 5,16511430990686E-02 
 5,50381033022862E-02 
 5,58848433530906E-02 
 0,056731583403895 
 5,41913632514818E-02 
 3,89500423370025E-02 
 3,89500423370025E-02 
 4,31837425910246E-02 
 4,31837425910246E-02 
 4,06435224386113E-02 
 4,74174428450466E-02 
 4,14902624894158E-02 
 4,57239627434378E-02 
 4,91109229466554E-02 
 4,99576629974598E-02 
 5,41913632514818E-02 
 0,044030482641829 
 0,044030482641829 
 0,048264182895851 
 4,14902624894158E-02 
 4,14902624894158E-02 
 4,23370025402202E-02 
 4,23370025402202E-02 
 3,89500423370025E-02 
 3,97967823878069E-02 
 3,97967823878069E-02 
 3,64098221845893E-02 
 3,64098221845893E-02 
 3,72565622353937E-02 
 3,72565622353937E-02 
 3,81033022861981E-02 
 3,81033022861981E-02 
 3,81033022861981E-02 
 4,31837425910246E-02 
 7,36663844199831E-02 
 7,45131244707875E-02 
 7,53598645215919E-02 
 8,89077053344623E-02 
 8,97544453852667E-02 
 8,63674851820491E-02 
 9,56816257408975E-02 
 0,101608806096528 
 0,111769686706181 
 0,121930567315834 
 0,141405588484335 
 0,14225232853514 
 0,167654530059272 
 0,182895850973751 
 0,179508890770533 
 0,176121930567316 
 0,177815410668925 
 0,188823031329382 
 0,165114309906859 
 0,165961049957663 
 0,157493649449619 
 0,158340389500423 
 0,149026248941575 
 0,15580016934801 
 0,156646909398815 
 0,136325148179509 
 0,12701100762066 
 0,127857747671465 
 0,128704487722269 
 0,129551227773074 
 0,157493649449619 
 0,147332768839966 
 0,154106689246401 
 0,154953429297206 
 0,15580016934801 
 0,150719729043184 
 0,157493649449619 
 0,164267569856054 
 0,204911092294666 
 0,200677392040644 
 0,207451312447079 
 0,191363251481795 
 0,309060118543607 
 0,322607959356478 
 0,394580863674852 
 0,420829805249788 
 0,416596104995766 
 0,430990685859441 
 0,421676545300593 
 0,423370025402202 
 0,303979678238781 
 0,165114309906859 
 0,165961049957663 
 0,179508890770533 
 0,173581710414903 
 0,15580016934801 
 0,150719729043184 
 0,151566469093988 
 0,151566469093988 
 0,152413209144793 
 0,165961049957663 
 0,154106689246401 
 0,161727349703641 
 0,168501270110076 
 0,169348010160881 
 0,170194750211685 
 0,177815410668925 
 0,177815410668925 
 0,152413209144793 
 0,139712108382726 
 0,140558848433531 
 0,147332768839966 
 0,148179508890771 
 0,149026248941575 
 0,143099068585944 
 0,136325148179509 
 0,171041490262489 
 0,171888230313294 
 0,165961049957663 
 0,117696867061812 
 0,118543607112616 
 0,126164267569856 
 0,132938187976291 
 0,133784928027096 
 0,12701100762066 
 0,11346316680779 
 0,12108382726503 
 0,121930567315834 
 0,129551227773074 
 0,143945808636749 
 0,144792548687553 
 0,138018628281118 
 0,131244707874682 
 0,160880609652837 
 0,168501270110076 
 0,183742591024555 
 0,191363251481795 
 0,199830651989839 
 0,193056731583404 
 0,193903471634208 
 0,179508890770533 
 0,179508890770533 
 0,172734970364098 
 0,173581710414903 
 0,181202370872142 
 0,166807790008467 
 0,167654530059272 
 0,152413209144793 
 0,168501270110076 
 0,145639288738357 
 0,154106689246401 
 0,154106689246401 
 0,177815410668925 
 0,209991532599492 
 0,226079593564776 
 0,226079593564776 
 0,203217612193057 
 0,204064352243861 
 0,204911092294666 
 0,204911092294666 
 0,197290431837426 
 0,190516511430991 
 0,190516511430991 
 0,191363251481795 
 0,183742591024555 
 0,176121930567316 
 0,18458933107536 
 0,305673158340389 
 0,29805249788315 
 0,298899237933954 
 0,307366638441998 
 0,300592718035563 
 0,309060118543607 
 0,366638441998307 
 0,342929720575783 
 0,441998306519898 
 0,426756985605419 
 0,624894157493649 
 0,625740897544454 
 0,660457239627434 
 0,653683319220999 
 0,654530059271804 
 0,68077900084674 
 0,690093141405589 
 0,449618966977138 
 0,475867908552075 
 0,468247248094835 
 0,23454699407282 
 0,243014394580864 
 0,252328535139712 
 0,252328535139712 
 0,244707874682472 
 0,244707874682472 
 0,313293818797629 
 0,330228619813717 
 0,314140558848434 
 0,314987298899238 
 0,400508044030483 
 0,435224386113463 
 0,426756985605419 
 0,436071126164268 
 0,488569009314141 
 0,488569009314141 
 0,489415749364945 
 0,455546147332769 
 0,447925486875529 
 0,430990685859441 
 0,414902624894157 
 0,406435224386113 
 0,397967823878069 
 0,372565622353937 
 0,355630821337849 
 0,364944961896698 
 0,452159187129551 
 0,453005927180356 
 0,513971210838273 
 0,584250635055038 
 0,593564775613887 
 0,743437764606266 
 0,761219305673158 
 0,762066045723963 
 0,438611346316681 
 0,438611346316681 
 0,237087214225233 
 0,254868755292125 
 0,254868755292125 
 0,264182895850974 
 0,29043183742591 
 0,309060118543607 
 0,282811176968671 
 0,300592718035563 
 0,282811176968671 
 0,292125317527519 
 0,486875529212532 
 0,637595258255716 
 0,6731583403895 
 0,674005080440305 
 0,745131244707875 
 0,745131244707875 
 0,754445385266723 
 0,728196443691787 
 0,746824724809483 
 0,756138865368332 
 0,729043183742591 
 0,747671464860288 
 0,739204064352244 
 0,739204064352244 
 0,490262489415749 
 0,490262489415749 
 0,427603725656224 
 0,481795088907705 
 0,51735817104149 
 0,535139712108383 
 0,535139712108383 
 0,535139712108383 
 0,428450465707028 
 0,436917866215072 
 0,428450465707028 
 0,455546147332769 
 0,455546147332769 
 0,473327688399661 
 0,491109229466554 
 0,508890770533446 
 0,535139712108383 
 0,570702794242168 
 0,570702794242168 
 0,562235393734124 
 0,891617273497036 
 0,891617273497036 
 0,891617273497036 
 0,891617273497036 
 0,891617273497036 
 0,890770533446232 
 0,685859441151566 
 0,69432684165961 
 0,69432684165961 
 0,69432684165961 
 0,693480101608806 
 0,693480101608806 
 0,693480101608806 
 0,666384419983065 
 0,692633361558002 
 0,692633361558002 
 0,691786621507197 
 0,691786621507197 
 0,49618966977138 
 0,478408128704488 
 0,504657070279424 
 0,557154953429297 
 0,495342929720576 
 0,486028789161727 
 0,520745131244708 
 0,564775613886537 
 0,607959356477561 
 0,563928873835732 
 0,545300592718036 
 0,69432684165961 
 0,729043183742591 
 0,728196443691787 
 0,877222692633362 
 0,876375952582557 
 0,875529212531753 
 0,874682472480948 
 0,873835732430144 
 0,87298899237934 
 0,871295512277731 
 0,870448772226926 
 0,869602032176122 
 0,868755292125318 
 0,494496189669771 
 0,779847586790855 
 0,796782387806943 
 0,683319220999153 
 0,604572396274344 
 0,603725656223539 
 0,818797629127858 
 0,817104149026249 
 0,824724809483489 
 0,85774767146486 
 0,856900931414056 
 0,855207451312447 
 0,854360711261643 
 0,853513971210838 
 0,851820491109229 
 0,850127011007621 
 0,849280270956816 
 0,847586790855207 
 0,846740050804403 
 0,845046570702794 
 0,843353090601185 
 0,842506350550381 
 0,840812870448772 
 0,839119390347163 
 0,838272650296359 
 0,83657917019475 
 0,834885690093141 
 0,833192209991533 
 0,832345469940728 
 0,772226926333616 
 0,779000846740051 
 0,777307366638442 
 0,775613886536833 
 0,774767146486029 
 0,608806096528366 
 0,598645215918713 
 0,606265876375953 
 0,465707027942422 
 0,505503810330229 
 0,520745131244708 
 0,535986452159187 
 0,518204911092295 
 0,364098221845893 
 0,330228619813717 
 0,337849280270957 
 0,353090601185436 
 0,352243861134632 
 0,343776460626588 
 0,350550381033023 
 0,333615580016935 
 0,364944961896698 
 0,34038950042337 
 0,347163420829805 
 0,362404741744284 
 0,353090601185436 
 0,313293818797629 
 0,312447078746825 
 0,303979678238781 
 0,287044877222693 
 0,294665537679932 
 0,301439458086367 
 0,292972057578323 
 0,292125317527519 
 0,291278577476715 
 0,366638441998307 
 0,540220152413209 
 0,5385266723116 
 0,416596104995766 
 0,543607112616427 
 0,556308213378493 
 0,577476714648603 
 0,575783234546994 
 0,5961049957663 
 0,586790855207451 
 0,577476714648603 
 0,575783234546994 
 0,566469093988146 
 0,564775613886537 
 0,555461473327688 
 0,451312447078747 
 0,449618966977138 
 0,441151566469094 
 0,42506350550381 
 0,430990685859441 
 0,629127857747671 
 0,627434377646063 
 0,5961049957663 
 0,608806096528366 
 0,613039796782388 
 0,519898391193903 
 0,55969517358171 
 0,557154953429297 
 0,555461473327688 
 0,552921253175275 
 0,551227773073666 
 0,548687552921253 
 0,54614733276884 
 0,544453852667231 
 0,541913632514818 
 0,539373412362405 
 0,537679932260796 
 0,535139712108383 
 0,539373412362405 
 0,537679932260796 
 0,521591871295512 
 0,525825571549534 
 0,491109229466554 
 0,410668924640135 
 0,278577476714649 
 0,258255715495343 
 0,237933954276037 
 0,243014394580864 
 0,273497036409822 
 0,405588484335309 
 0,523285351397121 
 0,527519051651143 
 0,518204911092295 
 0,521591871295512 
 0,562235393734124 
 0,547840812870449 
 0,5385266723116 
 0,530059271803556 
 0,520745131244708 
 0,524132091447925 
 0,221845893310754 
 0,214225232853514 
 0,248941574936494 
 0,306519898391194 
 0,298899237933954 
 0,303132938187976 
 0,295512277730737 
 0,305673158340389 
 0,343776460626588 
 0,342082980524979 
 0,339542760372566 
 0,354784081287045 
 0,408975444538527 
 0,41151566469094 
 0,215918712955123 
 0,242167654530059 
 0,23454699407282 
 0,233700254022015 
 0,232006773920406 
 0,273497036409822 
 0,53259949195597 
 0,529212531752752 
 0,525825571549534 
 0,521591871295512 
 0,518204911092295 
 0,514817950889077 
 0,511430990685859 
 0,436917866215072 
 0,428450465707028 
 0,34038950042337 
 0,462320067739204 
 0,493649449618967 
 0,490262489415749 
 0,486028789161727 
 0,48264182895851 
 0,479254868755292 
 0,47502116850127 
 0,471634208298052 
 0,468247248094835 
 0,464013547840813 
 0,460626587637595 
 0,457239627434378 
 0,453005927180356 
 0,449618966977138 
 0,44623200677392 
 0,441998306519898 
 0,438611346316681 
 0,352243861134632 
 0,353090601185436 
 0,354784081287045 
 0,313293818797629 
 0,293818797629128 
 0,320067739204064 
 0,325148179508891 
 0,3268416596105 
 0,364098221845893 
 0,356477561388654 
 0,233700254022015 
 0,208298052497883 
 0,221845893310754 
 0,223539373412362 
 0,106689246401355 
 9,06011854360711E-02 
 8,21337849280271E-02 
 8,46740050804403E-02 
 8,04403048264183E-02 
 7,62066045723963E-02 
 7,87468247248095E-02 
 7,79000846740051E-02 
 6,60457239627434E-02 
 6,60457239627434E-02 
 6,18120237087214E-02 
 5,41913632514818E-02 
 5,33446232006774E-02 
 0,052497883149873 
 0,052497883149873 
 0,048264182895851 
 4,48772226926334E-02 
 5,33446232006774E-02 
 5,58848433530906E-02 
 5,84250635055038E-02 
 5,75783234546994E-02 
 6,26587637595258E-02 
 6,18120237087214E-02 
 5,84250635055038E-02 
 6,26587637595258E-02 
 6,18120237087214E-02 
 5,84250635055038E-02 
 0,052497883149873 
 0,065198983911939 
 0,060965283657917 
 5,50381033022862E-02 
 5,16511430990686E-02 
 0,048264182895851 
 4,99576629974598E-02 
 4,91109229466554E-02 
 4,31837425910246E-02 
 4,06435224386113E-02 
 4,23370025402202E-02 
 4,14902624894158E-02 
 4,31837425910246E-02 
 3,97967823878069E-02 
 3,89500423370025E-02 
 4,06435224386113E-02 
 3,55630821337849E-02 
 3,04826418289585E-02 
 4,23370025402202E-02 
 4,31837425910246E-02 
 4,48772226926334E-02 
 4,57239627434378E-02 
 4,48772226926334E-02 
 3,97967823878069E-02 
 4,65707027942422E-02 
 4,91109229466554E-02 
 4,91109229466554E-02 
 4,48772226926334E-02 
 0,044030482641829 
 5,08044030482642E-02 
 5,08044030482642E-02 
 6,35055038103302E-02 
 9,22946655376799E-02 
 9,31414055884843E-02 
 8,38272650296359E-02 
 8,63674851820491E-02 
 7,45131244707875E-02 
 7,11261642675699E-02 
 7,02794242167655E-02 
 9,73751058425063E-02 
 0,102455546147333 
 9,82218458933107E-02 
 9,48348856900931E-02 
 9,06011854360711E-02 
 8,72142252328535E-02 
 8,38272650296359E-02 
 8,04403048264183E-02 
 7,95935647756139E-02 
 8,72142252328535E-02 
 8,38272650296359E-02 
 8,04403048264183E-02 
 7,70533446232007E-02 
 7,36663844199831E-02 
 7,02794242167655E-02 
 6,68924640135478E-02 
 6,35055038103302E-02 
 6,01185436071126E-02 
 0,056731583403895 
 4,99576629974598E-02 
 5,08044030482642E-02 
 4,74174428450466E-02 
 4,48772226926334E-02 
 4,14902624894158E-02 
 3,89500423370025E-02 
 3,64098221845893E-02 
 3,38696020321761E-02 
 3,04826418289585E-02 
 2,79424216765453E-02 
 2,62489415749365E-02 
 2,37087214225233E-02 
 2,11685012701101E-02 
 1,94750211685013E-02 
 1,69348010160881E-02 
 1,52413209144793E-02 
 1,35478408128704E-02 
 1,18543607112616E-02 
 1,01608806096528E-02 
 8,46740050804403E-03 
 6,77392040643522E-03 
 5,92718035563082E-03 
 4,23370025402202E-03 
 3,38696020321761E-03 
 2,54022015241321E-03 
 1,69348010160881E-03 
 1,69348010160881E-03 
 8,46740050804403E-04 
 8,46740050804403E-04 
 0 
 0 
 0 
 0 
 0 
 0 
 0 
 0 
 0 
 0 
 0 
 0 
 0 
 0 
 0 
 0 
 0 
 0 
 0 
 0 
 0 
 0 
 0 
 0 
 0 
 0 
 0 
 0 
 0 
 0 
 0 
 0 
 0 
 0 
 0 
 0 
 0 
 0 
 0 
 0 
 0 
 0 
 0 
 0 
 0 
 0 
 0 
 0 
 0 
 0 
 0 
 0 
 0 
 0 
 0 
 0 
 0 
 0 
 0 
 0 
 0 
 0 
 0 
 0 
 0 
 0 
 0 
 0 
 0 
 0 
 0 
 0 
 0 
 0 
 0 
 0 
 0 
 0 
 0 
 0 
 0 
 0 
 0 
 0 
 0 
 0 
 0 
 0 
 0 
 0 
 0 
 0 
 0 
 0 
 0 
 0 
 0 
 0 
 0 
 0 
 0 
 0 
 0 
 0 
 0 
 0 
 0 
 0 
 0 
 0 
 0 
 0 
 0 
 0 
 0 
 0 
 0 
 0 
 0 
 0 
 0 
 0 
 0 
 0 
 0 
 0 
 0 
 0 
 0 
 0 
 0 
 0 
 0 
 0 
 0 
 0 
 0 
 0 
 0 
 0 
 0 
 0 
 0 
 0 
 0 
 0 
 0 
 0 
 0 
 0 
 0 
 0 
 0 
 0 
 0 
 0 
 0 
 0 
 0 
 0 
 0 
 0 
 0 
 0 
 0 
 0 
 0 
 0 
 0 
 0 
 0 
 0 
 0 
 0 
 0 
 0 
 0 
 0 
 0 
 0 
 0 
 0 
 0 
 0 
 0 
 0 
 0 
 0 
 0 
 0 
 0 
 0 
 0 
 0 
 0 
 0 
 0 
 0 
 0 
 0 
 0 
 0 
 0 
 0 
 0 
 0 
 0 
 0 
 0 
 0 
 0 
 0 
 0 
 0 
 0 
 0 
 0 
 0 
 0 
 0 
 0 
 0 
 0 
 0 
 0 
 0 
 0 
 0 
 0 
 0 
 0 
 0 
 0 
 0 
 0 
 0 
 0 
 0 
 0 
 0 
 0 
 0 
 0 
 0 
 0 
 0 
 0 
 0 
 0 
 0 
 0 
 0 
 0 
 0 
 0 
 0 
 0 
 0 
 0 
 0 
 0 
 0 
 0 
 0 
 0 
 0 
 0 
 0 
 0 
 0 
 0 
 0 
 0 
 0 
 0 
 0 
 0 
 0 
 0 
 0 
 0 
 0 
 0 
 0 
 0 
 0 
 0 
 0 
 0 
 0 
 0 
 0 
 0 
 0 
 0 
 0 
 0 
 0 
 0 
 0 
 0 
 0 
 0 
 0 
 0 
 0 
 0 
 0 
 0 
 0 
 0 
