 0 
 0 
 0 
 0 
 0 
 0 
 0 
 0 
 0 
 0 
 0 
 0 
 0 
 0 
 0 
 0 
 0 
 0 
 0 
 0 
 0 
 0 
 0 
 0 
 0 
 0 
 0 
 0 
 0 
 0 
 0 
 0 
 0 
 0 
 0 
 0 
 0 
 0 
 0 
 0 
 0 
 0 
 0 
 0 
 0 
 0 
 0 
 0 
 0 
 0 
 0 
 0 
 0 
 0 
 0 
 0 
 0 
 0 
 0 
 0 
 0 
 0 
 0 
 0 
 0 
 0 
 0 
 0 
 0 
 0 
 0 
 0 
 0 
 0 
 0 
 0 
 0 
 0 
 0 
 0 
 0 
 0 
 0 
 0 
 0 
 0 
 0 
 0 
 0 
 0 
 0 
 0 
 0 
 0 
 0 
 0 
 0 
 0 
 0 
 0 
 0 
 0 
 0 
 0 
 0 
 0 
 0 
 0 
 0 
 0 
 0 
 0 
 0 
 0 
 0 
 0 
 0 
 0 
 0 
 0 
 0 
 0 
 0 
 0 
 0 
 0 
 0 
 0 
 0 
 0 
 0 
 0 
 0 
 0 
 0 
 0 
 0 
 0 
 0 
 0 
 0 
 0 
 0 
 0 
 0 
 0 
 0 
 0 
 0 
 0 
 0 
 0 
 0 
 0 
 0 
 0 
 0 
 0 
 0 
 0 
 0 
 0 
 0 
 0 
 0 
 0 
 0 
 0 
 0 
 0 
 0 
 0 
 0 
 0 
 0 
 0 
 0 
 0 
 0 
 0 
 0 
 0 
 0 
 0 
 0 
 0 
 0 
 0 
 0 
 0 
 0 
 0 
 0 
 0 
 0 
 0 
 0 
 0 
 0 
 0 
 0 
 0 
 0 
 0 
 0 
 0 
 0 
 0 
 0 
 0 
 0 
 0 
 0 
 0 
 0 
 0 
 0 
 0 
 0 
 0 
 0 
 0 
 0 
 0 
 0 
 0 
 0 
 0 
 0 
 0 
 0 
 0 
 0 
 0 
 0 
 0 
 0 
 0 
 0 
 0 
 0 
 0 
 0 
 0 
 0 
 0 
 0 
 0 
 0 
 0 
 0 
 0 
 0 
 0 
 0 
 0 
 0 
 0 
 0 
 0 
 0 
 0 
 0 
 0 
 0 
 0 
 0 
 0 
 0 
 0 
 0 
 0 
 0 
 0 
 0 
 0 
 0 
 0 
 0 
 0 
 0 
 0 
 0 
 0 
 0 
 0 
 0 
 0 
 0 
 0 
 0 
 0 
 0 
 0 
 0 
 0 
 0 
 0 
 0 
 0 
 0 
 0 
 0 
 0 
 0 
 0 
 0 
 0 
 0 
 0 
 0 
 0 
 0 
 0 
 0 
 0 
 0 
 0 
 0 
 0 
 0 
 0 
 0 
 0 
 0 
 0 
 0 
 0 
 0 
 0 
 0 
 0 
 0 
 0 
 0 
 0 
 0 
 0 
 0 
 0 
 0 
 0 
 0 
 0 
 0 
 0 
 0 
 0 
 0 
 0 
 0 
 0 
 0 
 0 
 0 
 0 
 0 
 0 
 0 
 0 
 0 
 0 
 0 
 0 
 0 
 0 
 0 
 0 
 0 
 0 
 0 
 0 
 0 
 0 
 0 
 0 
 0 
 0 
 0 
 0 
 0 
 0 
 0 
 0 
 0 
 0 
 0 
 0 
 0 
 0 
 0 
 0 
 0 
 0 
 0 
 0 
 0 
 0 
 0 
 0 
 0 
 0 
 0 
 0 
 0 
 0 
 0 
 0 
 0 
 0 
 0 
 0 
 0 
 0 
 0 
 0 
 0 
 0 
 0 
 0 
 0 
 0 
 0 
 0 
 0 
 0 
 0 
 0 
 0 
 0 
 0 
 0 
 0 
 0 
 0 
 0 
 0 
 0 
 8,46740050804403E-04 
 8,46740050804403E-04 
 8,46740050804403E-04 
 8,46740050804403E-04 
 1,69348010160881E-03 
 1,69348010160881E-03 
 1,69348010160881E-03 
 2,54022015241321E-03 
 2,54022015241321E-03 
 2,54022015241321E-03 
 3,38696020321761E-03 
 3,38696020321761E-03 
 4,23370025402202E-03 
 4,23370025402202E-03 
 5,08044030482642E-03 
 5,92718035563082E-03 
 5,92718035563082E-03 
 6,77392040643522E-03 
 6,77392040643522E-03 
 7,62066045723963E-03 
 9,31414055884843E-03 
 1,01608806096528E-02 
 9,31414055884843E-03 
 9,31414055884843E-03 
 9,31414055884843E-03 
 1,01608806096528E-02 
 1,01608806096528E-02 
 1,10076206604572E-02 
 1,10076206604572E-02 
 1,01608806096528E-02 
 1,10076206604572E-02 
 1,18543607112616E-02 
 1,35478408128704E-02 
 1,43945808636749E-02 
 1,35478408128704E-02 
 1,69348010160881E-02 
 1,69348010160881E-02 
 1,86282811176969E-02 
 1,60880609652837E-02 
 1,77815410668925E-02 
 2,03217612193057E-02 
 2,20152413209145E-02 
 2,28619813717189E-02 
 2,37087214225233E-02 
 2,70956816257409E-02 
 3,21761219305673E-02 
 5,33446232006774E-02 
 0,052497883149873 
 5,50381033022862E-02 
 5,84250635055038E-02 
 6,18120237087214E-02 
 6,26587637595258E-02 
 6,43522438611346E-02 
 6,35055038103302E-02 
 5,33446232006774E-02 
 5,33446232006774E-02 
 5,08044030482642E-02 
 4,65707027942422E-02 
 4,65707027942422E-02 
 4,74174428450466E-02 
 5,41913632514818E-02 
 0,056731583403895 
 6,01185436071126E-02 
 6,68924640135478E-02 
 6,85859441151566E-02 
 7,19729043183743E-02 
 7,53598645215919E-02 
 7,28196443691787E-02 
 8,29805249788315E-02 
 8,21337849280271E-02 
 7,45131244707875E-02 
 7,79000846740051E-02 
 7,95935647756139E-02 
 7,62066045723963E-02 
 7,28196443691787E-02 
 7,11261642675699E-02 
 7,02794242167655E-02 
 9,65283657917019E-02 
 0,10584250635055 
 0,110076206604572 
 0,10584250635055 
 0,104995766299746 
 0,109229466553768 
 0,130397967823878 
 0,123624047417443 
 0,116850127011008 
 0,116003386960203 
 0,117696867061812 
 0,107535986452159 
 0,10584250635055 
 9,48348856900931E-02 
 9,90685859441152E-02 
 9,73751058425063E-02 
 8,55207451312447E-02 
 8,72142252328535E-02 
 8,80609652836579E-02 
 8,55207451312447E-02 
 8,29805249788315E-02 
 8,46740050804403E-02 
 8,55207451312447E-02 
 8,97544453852667E-02 
 0,101608806096528 
 9,90685859441152E-02 
 9,99153259949196E-02 
 9,39881456392887E-02 
 0,109229466553768 
 0,110922946655377 
 0,111769686706181 
 0,109229466553768 
 0,117696867061812 
 0,119390347163421 
 0,132091447925487 
 0,132938187976291 
 0,14225232853514 
 0,127857747671465 
 0,116850127011008 
 0,154953429297206 
 0,365791701947502 
 0,364944961896698 
 0,368331922099915 
 0,371718882303133 
 0,405588484335309 
 0,404741744284505 
 0,4038950042337 
 0,41151566469094 
 0,410668924640135 
 0,414055884843353 
 0,413209144792549 
 0,416596104995766 
 0,410668924640135 
 0,386960203217612 
 0,342929720575783 
 0,355630821337849 
 0,306519898391194 
 0,337002540220152 
 0,306519898391194 
 0,33276883996613 
 0,320914479254869 
 0,327688399661304 
 0,305673158340389 
 0,337849280270957 
 0,185436071126164 
 0,186282811176969 
 0,193056731583404 
 0,188823031329382 
 0,185436071126164 
 0,248941574936494 
 0,239627434377646 
 0,188823031329382 
 0,179508890770533 
 0,186282811176969 
 0,187129551227773 
 0,182895850973751 
 0,178662150719729 
 0,174428450465707 
 0,176121930567316 
 0,17696867061812 
 0,172734970364098 
 0,178662150719729 
 0,174428450465707 
 0,209144792548688 
 0,221845893310754 
 0,23454699407282 
 0,230313293818798 
 0,214225232853514 
 0,215918712955123 
 0,210838272650296 
 0,211685012701101 
 0,391193903471634 
 0,363251481795089 
 0,2692633361558 
 0,288738357324301 
 0,265876375952583 
 0,237087214225233 
 0,299745977984759 
 0,147332768839966 
 0,14225232853514 
 0,149026248941575 
 0,143945808636749 
 0,143945808636749 
 0,144792548687553 
 0,139712108382726 
 0,139712108382726 
 0,147332768839966 
 0,166807790008467 
 0,154953429297206 
 0,15580016934801 
 0,162574089754445 
 0,16342082980525 
 0,164267569856054 
 0,177815410668925 
 0,185436071126164 
 0,186282811176969 
 0,193903471634208 
 0,181202370872142 
 0,182049110922947 
 0,169348010160881 
 0,170194750211685 
 0,156646909398815 
 0,178662150719729 
 0,178662150719729 
 0,186282811176969 
 0,215071972904318 
 0,215918712955123 
 0,216765453005927 
 0,217612193056732 
 0,218458933107536 
 0,21930567315834 
 0,23454699407282 
 0,227773073666384 
 0,236240474174428 
 0,243861134631668 
 0,252328535139712 
 0,259949195596952 
 0,260795935647756 
 0,254868755292125 
 0,21930567315834 
 0,220152413209145 
 0,21337849280271 
 0,206604572396274 
 0,177815410668925 
 0,171041490262489 
 0,164267569856054 
 0,193903471634208 
 0,194750211685013 
 0,187976291278577 
 0,173581710414903 
 0,188823031329382 
 0,197290431837426 
 0,19813717188823 
 0,20575783234547 
 0,206604572396274 
 0,215071972904318 
 0,17696867061812 
 0,161727349703641 
 0,162574089754445 
 0,171041490262489 
 0,428450465707028 
 0,429297205757832 
 0,469940728196444 
 0,557154953429297 
 0,597798475867909 
 0,575783234546994 
 0,569009314140559 
 0,578323454699407 
 0,508890770533446 
 0,525825571549534 
 0,591024555461473 
 0,584250635055038 
 0,625740897544454 
 0,586790855207451 
 0,475867908552075 
 0,460626587637595 
 0,404741744284505 
 0,373412362404742 
 0,374259102455546 
 0,38272650296359 
 0,367485182049111 
 0,392887383573243 
 0,402201524132091 
 0,378492802709568 
 0,370872142252329 
 0,363251481795089 
 0,347163420829805 
 0,34801016088061 
 0,447925486875529 
 0,448772226926334 
 0,408128704487722 
 0,408975444538527 
 0,493649449618967 
 0,469093988145639 
 0,570702794242168 
 0,781541066892464 
 0,774767146486029 
 0,793395427603726 
 0,785774767146486 
 0,787468247248095 
 0,542760372565622 
 0,569009314140559 
 0,502116850127011 
 0,510584250635055 
 0,529212531752752 
 0,495342929720576 
 0,581710414902625 
 0,574089754445385 
 0,65198983911939 
 0,592718035563082 
 0,464860287891617 
 0,48264182895851 
 0,620660457239627 
 0,725656223539373 
 0,708721422523285 
 0,70956816257409 
 0,710414902624894 
 0,711261642675699 
 0,712108382726503 
 0,712955122777307 
 0,713801862828112 
 0,749364944961897 
 0,758679085520745 
 0,75952582557155 
 0,769686706181202 
 0,761219305673158 
 0,762066045723963 
 0,771380186282811 
 0,535139712108383 
 0,535986452159187 
 0,545300592718036 
 0,536833192209991 
 0,792548687552921 
 0,502116850127011 
 0,414902624894157 
 0,397121083827265 
 0,388653683319221 
 0,380186282811177 
 0,397967823878069 
 0,397967823878069 
 0,42506350550381 
 0,434377646062659 
 0,443691786621507 
 0,434377646062659 
 0,408128704487722 
 0,408128704487722 
 0,444538526672312 
 0,435224386113463 
 0,426756985605419 
 0,426756985605419 
 0,408975444538527 
 0,392040643522439 
 0,516511430990686 
 0,508044030482642 
 0,525825571549534 
 0,463166807790008 
 0,436917866215072 
 0,34801016088061 
 0,338696020321761 
 0,544453852667231 
 0,642675698560542 
 0,767146486028789 
 0,767146486028789 
 0,767146486028789 
 0,767146486028789 
 0,892464013547841 
 0,892464013547841 
 0,892464013547841 
 0,892464013547841 
 0,892464013547841 
 0,892464013547841 
 0,892464013547841 
 0,892464013547841 
 0,891617273497036 
 0,891617273497036 
 0,891617273497036 
 0,802709568162574 
 0,784081287044877 
 0,793395427603726 
 0,774767146486029 
 0,774767146486029 
 0,810330228619814 
 0,773920406435224 
 0,773920406435224 
 0,613886536833192 
 0,648602878916173 
 0,320067739204064 
 0,320067739204064 
 0,328535139712108 
 0,346316680779001 
 0,337002540220152 
 0,31922099915326 
 0,345469940728196 
 0,318374259102456 
 0,318374259102456 
 0,282811176968671 
 0,344623200677392 
 0,485182049110923 
 0,529212531752752 
 0,563928873835732 
 0,65198983911939 
 0,624894157493649 
 0,65961049957663 
 0,624047417442845 
 0,640982218458933 
 0,640135478408129 
 0,639288738357324 
 0,85774767146486 
 0,856900931414056 
 0,847586790855207 
 0,802709568162574 
 0,810330228619814 
 0,809483488569009 
 0,582557154953429 
 0,556308213378493 
 0,2692633361558 
 0,233700254022015 
 0,285351397121084 
 0,268416596104996 
 0,276037256562235 
 0,292972057578323 
 0,258255715495343 
 0,249788314987299 
 0,232006773920406 
 0,128704487722269 
 0,102455546147333 
 0,102455546147333 
 9,39881456392887E-02 
 8,55207451312447E-02 
 8,55207451312447E-02 
 7,62066045723963E-02 
 8,46740050804403E-02 
 9,31414055884843E-02 
 0,12701100762066 
 0,12701100762066 
 0,118543607112616 
 0,117696867061812 
 0,126164267569856 
 0,126164267569856 
 0,117696867061812 
 0,125317527519052 
 0,125317527519052 
 0,125317527519052 
 0,132938187976291 
 0,141405588484335 
 0,140558848433531 
 0,132091447925487 
 0,123624047417443 
 0,132091447925487 
 0,139712108382726 
 0,139712108382726 
 0,122777307366638 
 0,154953429297206 
 0,146486028789162 
 0,146486028789162 
 0,146486028789162 
 0,145639288738357 
 0,145639288738357 
 0,137171888230313 
 0,153259949195597 
 0,152413209144793 
 0,152413209144793 
 0,143945808636749 
 0,135478408128704 
 0,143099068585944 
 0,143099068585944 
 0,14225232853514 
 0,149872988992379 
 0,172734970364098 
 0,156646909398815 
 0,156646909398815 
 0,15580016934801 
 0,171041490262489 
 0,178662150719729 
 0,162574089754445 
 0,162574089754445 
 0,154106689246401 
 0,145639288738357 
 0,145639288738357 
 0,175275190516511 
 0,175275190516511 
 0,174428450465707 
 0,211685012701101 
 0,210838272650296 
 0,225232853513971 
 0,225232853513971 
 0,224386113463167 
 0,223539373412362 
 0,193056731583404 
 0,192209991532599 
 0,198983911939035 
 0,198983911939035 
 0,190516511430991 
 0,182895850973751 
 0,189669771380186 
 0,181202370872142 
 0,180355630821338 
 0,180355630821338 
 0,150719729043184 
 0,143099068585944 
 0,135478408128704 
 0,149026248941575 
 0,141405588484335 
 0,154953429297206 
 0,161727349703641 
 0,182049110922947 
 0,160033869602032 
 0,160033869602032 
 0,172734970364098 
 0,358171041490262 
 0,349703640982218 
 0,375952582557155 
 0,306519898391194 
 0,304826418289585 
 0,29043183742591 
 0,281964436917866 
 0,334462320067739 
 0,339542760372566 
 0,344623200677392 
 0,343776460626588 
 0,53259949195597 
 0,536833192209991 
 0,527519051651143 
 0,519051651143099 
 0,516511430990686 
 0,513971210838273 
 0,511430990685859 
 0,515664690939881 
 0,481795088907705 
 0,504657070279424 
 0,495342929720576 
 0,493649449618967 
 0,546994072819644 
 0,543607112616427 
 0,541066892464014 
 0,5385266723116 
 0,523285351397121 
 0,551227773073666 
 0,554614733276884 
 0,527519051651143 
 0,524132091447925 
 0,474174428450466 
 0,471634208298052 
 0,469093988145639 
 0,466553767993226 
 0,417442845046571 
 0,397967823878069 
 0,418289585097375 
 0,427603725656224 
 0,441998306519898 
 0,439458086367485 
 0,441998306519898 
 0,428450465707028 
 0,425910245554615 
 0,395427603725656 
 0,322607959356478 
 0,298899237933954 
 0,302286198137172 
 0,294665537679932 
 0,287891617273497 
 0,301439458086367 
 0,309906858594412 
 0,313293818797629 
 0,103302286198137 
 0,103302286198137 
 0,102455546147333 
 9,65283657917019E-02 
 9,56816257408975E-02 
 9,99153259949196E-02 
 0,104149026248942 
 0,103302286198137 
 9,82218458933107E-02 
 0,102455546147333 
 9,14479254868755E-02 
 9,14479254868755E-02 
 9,06011854360711E-02 
 8,04403048264183E-02 
 0,107535986452159 
 0,106689246401355 
 0,110922946655377 
 0,114309906858594 
 0,11346316680779 
 0,112616426756986 
 0,120237087214225 
 0,127857747671465 
 0,122777307366638 
 0,126164267569856 
 0,120237087214225 
 0,115156646909399 
 0,110076206604572 
 0,100762066045724 
 0,104149026248942 
 0,103302286198137 
 0,110076206604572 
 0,104995766299746 
 0,108382726502964 
 0,115156646909399 
 0,110076206604572 
 9,73751058425063E-02 
 8,89077053344623E-02 
 0,114309906858594 
 0,101608806096528 
 0,100762066045724 
 0,107535986452159 
 0,116850127011008 
 0,111769686706181 
 0,189669771380186 
 0,187129551227773 
 0,188823031329382 
 0,169348010160881 
 0,167654530059272 
 0,169348010160881 
 0,166807790008467 
 8,55207451312447E-02 
 9,14479254868755E-02 
 9,31414055884843E-02 
 9,82218458933107E-02 
 9,39881456392887E-02 
 8,72142252328535E-02 
 0,11346316680779 
 0,108382726502964 
 0,125317527519052 
 0,123624047417443 
 0,121930567315834 
 0,168501270110076 
 0,154953429297206 
 0,153259949195597 
 0,159187129551228 
 0,143099068585944 
 9,56816257408975E-02 
 0,102455546147333 
 9,56816257408975E-02 
 8,89077053344623E-02 
 7,79000846740051E-02 
 8,38272650296359E-02 
 0,104149026248942 
 0,104995766299746 
 0,119390347163421 
 0,10584250635055 
 0,101608806096528 
 8,46740050804403E-02 
 8,29805249788315E-02 
 0,117696867061812 
 0,11346316680779 
 0,11346316680779 
 0,132938187976291 
 0,130397967823878 
 0,133784928027096 
 0,119390347163421 
 0,107535986452159 
 0,114309906858594 
 0,106689246401355 
 0,104149026248942 
 0,112616426756986 
 9,14479254868755E-02 
 8,63674851820491E-02 
 8,55207451312447E-02 
 8,63674851820491E-02 
 8,72142252328535E-02 
 8,38272650296359E-02 
 0,044030482641829 
 4,14902624894158E-02 
 4,06435224386113E-02 
 3,97967823878069E-02 
 3,72565622353937E-02 
 3,55630821337849E-02 
 3,38696020321761E-02 
 3,38696020321761E-02 
 3,30228619813717E-02 
 3,13293818797629E-02 
 3,04826418289585E-02 
 3,04826418289585E-02 
 2,96359017781541E-02 
 3,04826418289585E-02 
 2,87891617273497E-02 
 2,79424216765453E-02 
 2,79424216765453E-02 
 2,62489415749365E-02 
 2,45554614733277E-02 
 2,45554614733277E-02 
 1,94750211685013E-02 
 1,69348010160881E-02 
 1,94750211685013E-02 
 1,86282811176969E-02 
 1,77815410668925E-02 
 1,69348010160881E-02 
 3,30228619813717E-02 
 3,72565622353937E-02 
 3,55630821337849E-02 
 3,21761219305673E-02 
 3,81033022861981E-02 
 3,55630821337849E-02 
 3,38696020321761E-02 
 3,04826418289585E-02 
 2,79424216765453E-02 
 2,62489415749365E-02 
 2,37087214225233E-02 
 2,11685012701101E-02 
 1,94750211685013E-02 
 1,69348010160881E-02 
 1,52413209144793E-02 
 1,35478408128704E-02 
 1,10076206604572E-02 
 1,01608806096528E-02 
 8,46740050804403E-03 
 6,77392040643522E-03 
 5,92718035563082E-03 
 4,23370025402202E-03 
 3,38696020321761E-03 
 2,54022015241321E-03 
 1,69348010160881E-03 
 1,69348010160881E-03 
 8,46740050804403E-04 
 8,46740050804403E-04 
 0 
 0 
 0 
 0 
 0 
 0 
 0 
 0 
 0 
 0 
 0 
 0 
 0 
 0 
 0 
 0 
 0 
 0 
 0 
 0 
 0 
 0 
 0 
 0 
 0 
 0 
 0 
 0 
 0 
 0 
 0 
 0 
 0 
 0 
 0 
 0 
 0 
 0 
 0 
 0 
 0 
 0 
 0 
 0 
 0 
 0 
 0 
 0 
 0 
 0 
 0 
 0 
 0 
 0 
 0 
 0 
 0 
 0 
 0 
 0 
 0 
 0 
 0 
 0 
 0 
 0 
 0 
 0 
 0 
 0 
 0 
 0 
 0 
 0 
 0 
 0 
 0 
 0 
 0 
 0 
 0 
 0 
 0 
 0 
 0 
 0 
 0 
 0 
 0 
 0 
 0 
 0 
 0 
 0 
 0 
 0 
 0 
 0 
 0 
 0 
 0 
 0 
 0 
 0 
 0 
 0 
 0 
 0 
 0 
 0 
 0 
 0 
 0 
 0 
 0 
 0 
 0 
 0 
 0 
 0 
 0 
 0 
 0 
 0 
 0 
 0 
 0 
 0 
 0 
 0 
 0 
 0 
 0 
 0 
 0 
 0 
 0 
 0 
 0 
 0 
 0 
 0 
 0 
 0 
 0 
 0 
 0 
 0 
 0 
 0 
 0 
 0 
 0 
 0 
 0 
 0 
 0 
 0 
 0 
 0 
 0 
 0 
 0 
 0 
 0 
 0 
 0 
 0 
 0 
 0 
 0 
 0 
 0 
 0 
 0 
 0 
 0 
 0 
 0 
 0 
 0 
 0 
 0 
 0 
 0 
 0 
 0 
 0 
 0 
 0 
 0 
 0 
 0 
 0 
 0 
 0 
 0 
 0 
 0 
 0 
 0 
 0 
 0 
 0 
 0 
 0 
 0 
 0 
 0 
 0 
 0 
 0 
 0 
 0 
 0 
 0 
 0 
 0 
 0 
 0 
 0 
 0 
 0 
 0 
 0 
 0 
 0 
 0 
 0 
 0 
 0 
 0 
 0 
 0 
 0 
 0 
 0 
 0 
 0 
 0 
 0 
 0 
 0 
 0 
 0 
 0 
 0 
 0 
 0 
 0 
 0 
 0 
 0 
 0 
 0 
 0 
 0 
 0 
 0 
 0 
 0 
 0 
 0 
 0 
 0 
 0 
 0 
 0 
 0 
 0 
 0 
 0 
 0 
 0 
 0 
 0 
 0 
 0 
 0 
 0 
 0 
 0 
 0 
 0 
 0 
 0 
 0 
 0 
 0 
 0 
 0 
 0 
 0 
 0 
 0 
 0 
 0 
 0 
 0 
 0 
 0 
 0 
 0 
 0 
 0 
 0 
 0 
 0 
 0 
 0 
 0 
