 0 
 0 
 0 
 0 
 0 
 0 
 0 
 0 
 0 
 0 
 0 
 0 
 0 
 0 
 0 
 0 
 0 
 0 
 0 
 0 
 0 
 0 
 0 
 0 
 0 
 0 
 0 
 0 
 0 
 0 
 0 
 0 
 0 
 0 
 0 
 0 
 0 
 0 
 0 
 0 
 0 
 0 
 0 
 0 
 0 
 0 
 0 
 0 
 0 
 0 
 0 
 0 
 0 
 0 
 0 
 0 
 0 
 0 
 0 
 0 
 0 
 0 
 0 
 0 
 0 
 0 
 0 
 0 
 0 
 0 
 0 
 0 
 0 
 0 
 0 
 0 
 0 
 0 
 0 
 0 
 0 
 0 
 0 
 0 
 0 
 0 
 0 
 0 
 0 
 0 
 0 
 0 
 0 
 0 
 0 
 0 
 0 
 0 
 0 
 0 
 0 
 0 
 0 
 0 
 0 
 0 
 0 
 0 
 0 
 0 
 0 
 0 
 0 
 0 
 0 
 0 
 0 
 0 
 0 
 0 
 0 
 0 
 0 
 0 
 0 
 0 
 0 
 0 
 0 
 0 
 0 
 0 
 0 
 0 
 0 
 0 
 0 
 0 
 0 
 0 
 0 
 0 
 0 
 0 
 0 
 0 
 0 
 0 
 0 
 0 
 0 
 0 
 0 
 0 
 0 
 0 
 0 
 0 
 0 
 0 
 0 
 0 
 0 
 0 
 0 
 0 
 0 
 0 
 0 
 0 
 0 
 0 
 0 
 0 
 0 
 0 
 0 
 0 
 0 
 0 
 0 
 0 
 0 
 0 
 0 
 0 
 0 
 0 
 0 
 0 
 0 
 0 
 0 
 0 
 0 
 0 
 0 
 0 
 0 
 0 
 0 
 0 
 0 
 0 
 0 
 0 
 0 
 0 
 0 
 0 
 0 
 0 
 0 
 0 
 0 
 0 
 0 
 0 
 0 
 0 
 0 
 0 
 0 
 0 
 0 
 0 
 0 
 0 
 0 
 0 
 0 
 0 
 0 
 0 
 0 
 0 
 0 
 0 
 0 
 0 
 0 
 0 
 0 
 0 
 0 
 0 
 0 
 0 
 0 
 0 
 0 
 0 
 0 
 0 
 0 
 0 
 0 
 0 
 0 
 0 
 0 
 0 
 0 
 0 
 0 
 0 
 0 
 0 
 0 
 0 
 0 
 0 
 0 
 0 
 0 
 0 
 0 
 0 
 0 
 0 
 0 
 0 
 0 
 0 
 0 
 0 
 0 
 0 
 0 
 0 
 0 
 0 
 0 
 0 
 0 
 0 
 0 
 0 
 0 
 0 
 0 
 0 
 0 
 0 
 0 
 0 
 0 
 0 
 0 
 0 
 0 
 0 
 0 
 0 
 0 
 0 
 0 
 0 
 0 
 0 
 0 
 0 
 0 
 0 
 0 
 0 
 0 
 0 
 0 
 0 
 0 
 0 
 0 
 0 
 0 
 0 
 0 
 0 
 0 
 0 
 0 
 0 
 0 
 0 
 0 
 0 
 0 
 0 
 0 
 0 
 0 
 0 
 0 
 0 
 0 
 0 
 0 
 0 
 0 
 0 
 0 
 0 
 0 
 0 
 0 
 0 
 0 
 0 
 0 
 0 
 0 
 0 
 0 
 0 
 0 
 0 
 0 
 0 
 0 
 0 
 0 
 0 
 0 
 0 
 0 
 0 
 0 
 0 
 0 
 0 
 0 
 0 
 0 
 0 
 0 
 0 
 0 
 0 
 0 
 0 
 0 
 0 
 0 
 0 
 0 
 0 
 0 
 0 
 0 
 0 
 0 
 0 
 0 
 0 
 0 
 0 
 0 
 0 
 0 
 0 
 0 
 0 
 0 
 0 
 0 
 0 
 0 
 0 
 0 
 0 
 0 
 0 
 0 
 0 
 0 
 0 
 8,46740050804403E-04 
 8,46740050804403E-04 
 8,46740050804403E-04 
 8,46740050804403E-04 
 1,69348010160881E-03 
 1,69348010160881E-03 
 2,54022015241321E-03 
 2,54022015241321E-03 
 3,38696020321761E-03 
 4,23370025402202E-03 
 4,23370025402202E-03 
 5,08044030482642E-03 
 5,92718035563082E-03 
 5,92718035563082E-03 
 5,92718035563082E-03 
 7,62066045723963E-03 
 8,46740050804403E-03 
 1,01608806096528E-02 
 1,18543607112616E-02 
 0,012701100762066 
 1,60880609652837E-02 
 1,77815410668925E-02 
 1,86282811176969E-02 
 1,94750211685013E-02 
 2,20152413209145E-02 
 1,52413209144793E-02 
 1,69348010160881E-02 
 1,01608806096528E-02 
 1,01608806096528E-02 
 1,10076206604572E-02 
 1,10076206604572E-02 
 1,18543607112616E-02 
 0,012701100762066 
 1,18543607112616E-02 
 0,012701100762066 
 1,43945808636749E-02 
 1,35478408128704E-02 
 1,35478408128704E-02 
 1,43945808636749E-02 
 1,43945808636749E-02 
 1,43945808636749E-02 
 1,35478408128704E-02 
 1,52413209144793E-02 
 1,43945808636749E-02 
 1,35478408128704E-02 
 1,69348010160881E-02 
 2,11685012701101E-02 
 2,03217612193057E-02 
 2,20152413209145E-02 
 2,45554614733277E-02 
 2,45554614733277E-02 
 2,70956816257409E-02 
 2,62489415749365E-02 
 2,96359017781541E-02 
 2,96359017781541E-02 
 2,87891617273497E-02 
 2,87891617273497E-02 
 2,96359017781541E-02 
 3,04826418289585E-02 
 3,13293818797629E-02 
 3,55630821337849E-02 
 2,87891617273497E-02 
 2,79424216765453E-02 
 2,87891617273497E-02 
 2,87891617273497E-02 
 2,96359017781541E-02 
 3,04826418289585E-02 
 3,04826418289585E-02 
 3,13293818797629E-02 
 3,21761219305673E-02 
 3,47163420829805E-02 
 3,55630821337849E-02 
 3,13293818797629E-02 
 3,21761219305673E-02 
 3,04826418289585E-02 
 3,55630821337849E-02 
 3,64098221845893E-02 
 2,96359017781541E-02 
 2,96359017781541E-02 
 3,04826418289585E-02 
 3,13293818797629E-02 
 3,13293818797629E-02 
 3,47163420829805E-02 
 3,81033022861981E-02 
 3,81033022861981E-02 
 3,89500423370025E-02 
 3,97967823878069E-02 
 3,97967823878069E-02 
 4,06435224386113E-02 
 4,14902624894158E-02 
 4,14902624894158E-02 
 5,41913632514818E-02 
 5,50381033022862E-02 
 5,58848433530906E-02 
 4,99576629974598E-02 
 4,74174428450466E-02 
 5,16511430990686E-02 
 4,23370025402202E-02 
 4,31837425910246E-02 
 4,65707027942422E-02 
 4,74174428450466E-02 
 5,08044030482642E-02 
 0,048264182895851 
 4,57239627434378E-02 
 4,57239627434378E-02 
 4,65707027942422E-02 
 3,97967823878069E-02 
 3,64098221845893E-02 
 3,30228619813717E-02 
 2,62489415749365E-02 
 2,28619813717189E-02 
 2,28619813717189E-02 
 2,28619813717189E-02 
 2,37087214225233E-02 
 2,70956816257409E-02 
 2,37087214225233E-02 
 2,37087214225233E-02 
 2,45554614733277E-02 
 2,45554614733277E-02 
 2,87891617273497E-02 
 2,87891617273497E-02 
 3,38696020321761E-02 
 3,38696020321761E-02 
 3,38696020321761E-02 
 3,89500423370025E-02 
 3,89500423370025E-02 
 0,044030482641829 
 0,048264182895851 
 4,91109229466554E-02 
 5,41913632514818E-02 
 5,41913632514818E-02 
 5,92718035563082E-02 
 6,43522438611346E-02 
 0,065198983911939 
 0,065198983911939 
 7,02794242167655E-02 
 8,04403048264183E-02 
 8,63674851820491E-02 
 8,21337849280271E-02 
 7,79000846740051E-02 
 7,79000846740051E-02 
 8,38272650296359E-02 
 7,45131244707875E-02 
 7,53598645215919E-02 
 7,53598645215919E-02 
 6,60457239627434E-02 
 6,60457239627434E-02 
 6,18120237087214E-02 
 0,056731583403895 
 0,052497883149873 
 0,052497883149873 
 0,052497883149873 
 5,84250635055038E-02 
 5,33446232006774E-02 
 5,41913632514818E-02 
 4,31837425910246E-02 
 4,91109229466554E-02 
 4,91109229466554E-02 
 5,50381033022862E-02 
 5,58848433530906E-02 
 5,58848433530906E-02 
 5,58848433530906E-02 
 4,48772226926334E-02 
 5,16511430990686E-02 
 5,16511430990686E-02 
 4,57239627434378E-02 
 5,75783234546994E-02 
 5,84250635055038E-02 
 6,43522438611346E-02 
 7,02794242167655E-02 
 9,48348856900931E-02 
 7,70533446232007E-02 
 8,97544453852667E-02 
 0,108382726502964 
 0,115156646909399 
 0,116003386960203 
 0,104149026248942 
 9,82218458933107E-02 
 9,90685859441152E-02 
 9,90685859441152E-02 
 9,99153259949196E-02 
 9,39881456392887E-02 
 9,48348856900931E-02 
 0,114309906858594 
 0,108382726502964 
 0,115156646909399 
 9,65283657917019E-02 
 0,103302286198137 
 9,73751058425063E-02 
 0,104149026248942 
 0,117696867061812 
 0,118543607112616 
 0,125317527519052 
 0,132938187976291 
 0,120237087214225 
 0,120237087214225 
 0,114309906858594 
 0,114309906858594 
 0,121930567315834 
 0,129551227773074 
 0,116003386960203 
 0,116850127011008 
 0,116850127011008 
 0,131244707874682 
 0,132091447925487 
 0,132091447925487 
 0,139712108382726 
 0,147332768839966 
 0,148179508890771 
 0,148179508890771 
 0,14225232853514 
 0,149872988992379 
 0,143099068585944 
 0,136325148179509 
 0,143945808636749 
 0,144792548687553 
 0,144792548687553 
 0,160033869602032 
 0,153259949195597 
 0,154106689246401 
 0,147332768839966 
 0,139712108382726 
 0,148179508890771 
 0,141405588484335 
 0,149026248941575 
 0,14225232853514 
 0,149872988992379 
 0,143099068585944 
 0,135478408128704 
 0,136325148179509 
 0,128704487722269 
 0,129551227773074 
 0,137171888230313 
 0,138018628281118 
 0,145639288738357 
 0,146486028789162 
 0,154106689246401 
 0,139712108382726 
 0,147332768839966 
 0,139712108382726 
 0,109229466553768 
 0,101608806096528 
 0,101608806096528 
 0,102455546147333 
 9,48348856900931E-02 
 8,72142252328535E-02 
 8,72142252328535E-02 
 9,56816257408975E-02 
 9,56816257408975E-02 
 0,104149026248942 
 0,104149026248942 
 0,104149026248942 
 0,104149026248942 
 0,104995766299746 
 8,89077053344623E-02 
 8,12870448772227E-02 
 8,89077053344623E-02 
 8,12870448772227E-02 
 8,12870448772227E-02 
 8,12870448772227E-02 
 8,21337849280271E-02 
 8,21337849280271E-02 
 7,36663844199831E-02 
 8,21337849280271E-02 
 8,21337849280271E-02 
 9,06011854360711E-02 
 8,29805249788315E-02 
 9,99153259949196E-02 
 9,99153259949196E-02 
 9,99153259949196E-02 
 9,99153259949196E-02 
 0,100762066045724 
 0,100762066045724 
 0,100762066045724 
 0,117696867061812 
 0,1346316680779 
 0,1346316680779 
 0,152413209144793 
 0,143945808636749 
 0,143945808636749 
 0,143945808636749 
 0,144792548687553 
 0,161727349703641 
 0,153259949195597 
 0,136325148179509 
 0,145639288738357 
 0,145639288738357 
 0,145639288738357 
 0,154953429297206 
 0,171888230313294 
 0,154953429297206 
 0,138018628281118 
 0,138018628281118 
 0,138018628281118 
 0,129551227773074 
 0,12108382726503 
 0,130397967823878 
 0,147332768839966 
 0,156646909398815 
 0,148179508890771 
 0,148179508890771 
 0,148179508890771 
 0,157493649449619 
 0,139712108382726 
 0,139712108382726 
 0,140558848433531 
 0,131244707874682 
 0,140558848433531 
 0,158340389500423 
 0,132091447925487 
 0,114309906858594 
 0,123624047417443 
 0,132091447925487 
 0,141405588484335 
 0,141405588484335 
 0,141405588484335 
 0,141405588484335 
 0,141405588484335 
 0,132938187976291 
 0,132938187976291 
 0,132938187976291 
 0,132938187976291 
 0,14225232853514 
 0,14225232853514 
 0,14225232853514 
 0,14225232853514 
 0,160033869602032 
 0,169348010160881 
 0,151566469093988 
 0,169348010160881 
 0,177815410668925 
 0,187129551227773 
 0,177815410668925 
 0,222692633361558 
 0,614733276883997 
 0,686706181202371 
 0,677392040643522 
 0,686706181202371 
 0,624047417442845 
 0,678238780694327 
 0,686706181202371 
 0,678238780694327 
 0,678238780694327 
 0,678238780694327 
 0,705334462320068 
 0,713801862828112 
 0,713801862828112 
 0,72311600338696 
 0,72311600338696 
 0,72311600338696 
 0,72311600338696 
 0,58848433530906 
 0,606265876375953 
 0,641828958509738 
 0,409822184589331 
 0,445385266723116 
 0,436917866215072 
 0,41913632514818 
 0,356477561388654 
 0,347163420829805 
 0,338696020321761 
 0,320067739204064 
 0,302286198137172 
 0,436071126164268 
 0,648602878916173 
 0,657070279424217 
 0,718882303132938 
 0,728196443691787 
 0,736663844199831 
 0,735817104149026 
 0,460626587637595 
 0,433530906011854 
 0,407281964436918 
 0,424216765453006 
 0,653683319220999 
 0,883149872988992 
 0,882303132938188 
 0,882303132938188 
 0,881456392887384 
 0,880609652836579 
 0,879762912785775 
 0,87891617273497 
 0,878069432684166 
 0,878069432684166 
 0,877222692633362 
 0,876375952582557 
 0,875529212531753 
 0,78662150719729 
 0,873835732430144 
 0,87298899237934 
 0,871295512277731 
 0,557154953429297 
 0,547840812870449 
 0,738357324301439 
 0,720575783234547 
 0,719729043183743 
 0,606265876375953 
 0,570702794242168 
 0,423370025402202 
 0,206604572396274 
 0,215071972904318 
 0,223539373412362 
 0,352243861134632 
 0,360711261642676 
 0,385266723116003 
 0,427603725656224 
 0,418289585097375 
 0,272650296359018 
 0,238780694326842 
 0,229466553767993 
 0,229466553767993 
 0,228619813717189 
 0,245554614733277 
 0,244707874682472 
 0,270110076206605 
 0,277730736663844 
 0,294665537679932 
 0,336155800169348 
 0,23454699407282 
 0,23454699407282 
 0,283657917019475 
 0,283657917019475 
 0,265876375952583 
 0,29043183742591 
 0,29043183742591 
 0,289585097375106 
 0,272650296359018 
 0,288738357324301 
 0,230313293818798 
 0,229466553767993 
 0,220999153259949 
 0,220999153259949 
 0,204064352243861 
 0,195596951735817 
 0,187129551227773 
 0,194750211685013 
 0,282811176968671 
 0,281964436917866 
 0,281964436917866 
 0,288738357324301 
 0,272650296359018 
 0,279424216765453 
 0,287044877222693 
 0,325994919559695 
 0,309060118543607 
 0,387806943268417 
 0,370872142252329 
 0,220152413209145 
 0,220152413209145 
 0,21930567315834 
 0,203217612193057 
 0,248941574936494 
 0,256562235393734 
 0,263336155800169 
 0,262489415749365 
 0,292972057578323 
 0,260795935647756 
 0,252328535139712 
 0,182895850973751 
 0,182895850973751 
 0,174428450465707 
 0,174428450465707 
 0,158340389500423 
 0,150719729043184 
 0,157493649449619 
 0,187129551227773 
 0,193903471634208 
 0,200677392040644 
 0,185436071126164 
 0,192209991532599 
 0,191363251481795 
 0,176121930567316 
 0,175275190516511 
 0,182049110922947 
 0,144792548687553 
 0,144792548687553 
 0,143945808636749 
 0,158340389500423 
 0,157493649449619 
 0,156646909398815 
 0,156646909398815 
 0,162574089754445 
 0,154953429297206 
 0,161727349703641 
 0,160880609652837 
 0,160033869602032 
 0,160033869602032 
 0,152413209144793 
 0,151566469093988 
 0,143945808636749 
 8,21337849280271E-02 
 0,116003386960203 
 0,101608806096528 
 0,107535986452159 
 0,100762066045724 
 0,100762066045724 
 9,99153259949196E-02 
 9,31414055884843E-02 
 9,90685859441152E-02 
 9,82218458933107E-02 
 9,82218458933107E-02 
 0,104149026248942 
 0,104149026248942 
 9,65283657917019E-02 
 9,65283657917019E-02 
 0,102455546147333 
 0,101608806096528 
 0,101608806096528 
 0,11346316680779 
 0,100762066045724 
 9,99153259949196E-02 
 9,90685859441152E-02 
 9,90685859441152E-02 
 9,82218458933107E-02 
 9,82218458933107E-02 
 9,73751058425063E-02 
 9,06011854360711E-02 
 7,79000846740051E-02 
 7,79000846740051E-02 
 7,79000846740051E-02 
 7,11261642675699E-02 
 8,80609652836579E-02 
 8,80609652836579E-02 
 9,90685859441152E-02 
 0,110076206604572 
 9,82218458933107E-02 
 9,73751058425063E-02 
 0,108382726502964 
 0,11346316680779 
 0,112616426756986 
 0,117696867061812 
 0,116850127011008 
 0,143945808636749 
 0,187129551227773 
 0,164267569856054 
 0,141405588484335 
 0,102455546147333 
 9,65283657917019E-02 
 9,56816257408975E-02 
 0,10584250635055 
 9,99153259949196E-02 
 9,39881456392887E-02 
 9,31414055884843E-02 
 0,103302286198137 
 0,102455546147333 
 9,65283657917019E-02 
 0,10584250635055 
 0,104995766299746 
 0,104149026248942 
 0,108382726502964 
 0,112616426756986 
 0,111769686706181 
 0,110922946655377 
 0,110076206604572 
 8,04403048264183E-02 
 8,46740050804403E-02 
 7,95935647756139E-02 
 7,45131244707875E-02 
 6,43522438611346E-02 
 6,85859441151566E-02 
 7,28196443691787E-02 
 7,19729043183743E-02 
 7,11261642675699E-02 
 8,80609652836579E-02 
 8,80609652836579E-02 
 9,14479254868755E-02 
 9,48348856900931E-02 
 9,82218458933107E-02 
 9,31414055884843E-02 
 8,80609652836579E-02 
 9,14479254868755E-02 
 0,103302286198137 
 0,10584250635055 
 0,100762066045724 
 0,104149026248942 
 0,106689246401355 
 0,11346316680779 
 0,109229466553768 
 0,111769686706181 
 0,110922946655377 
 0,109229466553768 
 0,111769686706181 
 9,22946655376799E-02 
 9,14479254868755E-02 
 8,29805249788315E-02 
 8,21337849280271E-02 
 7,79000846740051E-02 
 7,02794242167655E-02 
 0,069432684165961 
 0,065198983911939 
 5,41913632514818E-02 
 4,99576629974598E-02 
 0,052497883149873 
 0,052497883149873 
 4,48772226926334E-02 
 4,74174428450466E-02 
 4,74174428450466E-02 
 4,31837425910246E-02 
 3,97967823878069E-02 
 3,64098221845893E-02 
 3,30228619813717E-02 
 2,62489415749365E-02 
 2,87891617273497E-02 
 2,54022015241321E-02 
 2,79424216765453E-02 
 2,79424216765453E-02 
 2,70956816257409E-02 
 2,96359017781541E-02 
 3,47163420829805E-02 
 3,89500423370025E-02 
 3,64098221845893E-02 
 3,81033022861981E-02 
 3,47163420829805E-02 
 3,47163420829805E-02 
 3,64098221845893E-02 
 3,81033022861981E-02 
 4,23370025402202E-02 
 0,044030482641829 
 4,31837425910246E-02 
 4,23370025402202E-02 
 0,048264182895851 
 4,74174428450466E-02 
 0,052497883149873 
 4,57239627434378E-02 
 4,65707027942422E-02 
 4,74174428450466E-02 
 5,08044030482642E-02 
 4,91109229466554E-02 
 0,048264182895851 
 4,91109229466554E-02 
 4,48772226926334E-02 
 4,31837425910246E-02 
 4,74174428450466E-02 
 3,81033022861981E-02 
 3,89500423370025E-02 
 3,64098221845893E-02 
 3,72565622353937E-02 
 3,64098221845893E-02 
 3,55630821337849E-02 
 3,38696020321761E-02 
 3,64098221845893E-02 
 3,55630821337849E-02 
 3,38696020321761E-02 
 3,30228619813717E-02 
 3,81033022861981E-02 
 3,81033022861981E-02 
 3,38696020321761E-02 
 3,30228619813717E-02 
 4,06435224386113E-02 
 7,79000846740051E-02 
 7,36663844199831E-02 
 6,85859441151566E-02 
 5,16511430990686E-02 
 7,70533446232007E-02 
 7,36663844199831E-02 
 7,02794242167655E-02 
 6,68924640135478E-02 
 4,91109229466554E-02 
 3,04826418289585E-02 
 2,79424216765453E-02 
 2,45554614733277E-02 
 2,28619813717189E-02 
 2,03217612193057E-02 
 2,03217612193057E-02 
 1,86282811176969E-02 
 1,69348010160881E-02 
 1,60880609652837E-02 
 1,52413209144793E-02 
 1,35478408128704E-02 
 0,012701100762066 
 1,18543607112616E-02 
 1,10076206604572E-02 
 1,01608806096528E-02 
 0,012701100762066 
 1,18543607112616E-02 
 1,10076206604572E-02 
 9,31414055884843E-03 
 8,46740050804403E-03 
 6,77392040643522E-03 
 6,77392040643522E-03 
 5,08044030482642E-03 
 4,23370025402202E-03 
 3,38696020321761E-03 
 2,54022015241321E-03 
 2,54022015241321E-03 
 1,69348010160881E-03 
 1,69348010160881E-03 
 8,46740050804403E-04 
 8,46740050804403E-04 
 8,46740050804403E-04 
 8,46740050804403E-04 
 0 
 0 
 0 
 0 
 0 
 0 
 0 
 0 
 0 
 0 
 0 
 0 
 0 
 0 
 0 
 0 
 0 
 0 
 0 
 0 
 0 
 0 
 0 
 0 
 0 
 0 
 0 
 0 
 0 
 0 
 0 
 0 
 0 
 0 
 0 
 0 
 0 
 0 
 0 
 0 
 0 
 0 
 0 
 0 
 0 
 0 
 0 
 0 
 0 
 0 
 0 
 0 
 0 
 0 
 0 
 0 
 0 
 0 
 0 
 0 
 0 
 0 
 0 
 0 
 0 
 0 
 0 
 0 
 0 
 0 
 0 
 0 
 0 
 0 
 0 
 0 
 0 
 0 
 0 
 0 
 0 
 0 
 0 
 0 
 0 
 0 
 0 
 0 
 0 
 0 
 0 
 0 
 0 
 0 
 0 
 0 
 0 
 0 
 0 
 0 
 0 
 0 
 0 
 0 
 0 
 0 
 0 
 0 
 0 
 0 
 0 
 0 
 0 
 0 
 0 
 0 
 0 
 0 
 0 
 0 
 0 
 0 
 0 
 0 
 0 
 0 
 0 
 0 
 0 
 0 
 0 
 0 
 0 
 0 
 0 
 0 
 0 
 0 
 0 
 0 
 0 
 0 
 0 
 0 
 0 
 0 
 0 
 0 
 0 
 0 
 0 
 0 
 0 
 0 
 0 
 0 
 0 
 0 
 0 
 0 
 0 
 0 
 0 
 0 
 0 
 0 
 0 
 0 
 0 
 0 
 0 
 0 
 0 
 0 
 0 
 0 
 0 
 0 
 0 
 0 
 0 
 0 
 0 
 0 
 0 
 0 
 0 
 0 
 0 
 0 
 0 
 0 
 0 
 0 
 0 
 0 
 0 
 0 
 0 
 0 
 0 
 0 
 0 
 0 
 0 
 0 
 0 
 0 
 0 
 0 
 0 
 0 
 0 
 0 
 0 
 0 
 0 
 0 
 0 
 0 
 0 
 0 
 0 
 0 
 0 
 0 
 0 
 0 
 0 
 0 
 0 
 0 
 0 
 0 
 0 
 0 
 0 
 0 
 0 
 0 
 0 
 0 
 0 
 0 
 0 
 0 
 0 
 0 
 0 
 0 
 0 
 0 
 0 
 0 
 0 
 0 
 0 
 0 
 0 
 0 
 0 
 0 
 0 
 0 
 0 
 0 
 0 
 0 
 0 
 0 
 0 
 0 
 0 
 0 
 0 
 0 
 0 
 0 
 0 
 0 
 0 
 0 
 0 
 0 
 0 
 0 
 0 
 0 
 0 
 0 
 0 
 0 
 0 
 0 
 0 
 0 
 0 
 0 
 0 
 0 
 0 
 0 
 0 
 0 
 0 
 0 
 0 
 0 
 0 
 0 
 0 
 0 
 0 
