 0 
 0 
 0 
 0 
 0 
 0 
 0 
 0 
 0 
 0 
 0 
 0 
 0 
 0 
 0 
 0 
 0 
 0 
 0 
 0 
 0 
 0 
 0 
 0 
 0 
 0 
 0 
 0 
 0 
 0 
 0 
 0 
 0 
 0 
 0 
 0 
 0 
 0 
 0 
 0 
 0 
 0 
 0 
 0 
 0 
 0 
 0 
 0 
 0 
 0 
 0 
 0 
 0 
 0 
 0 
 0 
 0 
 0 
 0 
 0 
 0 
 0 
 0 
 0 
 0 
 0 
 0 
 0 
 0 
 0 
 0 
 0 
 0 
 0 
 0 
 0 
 0 
 0 
 0 
 0 
 0 
 0 
 0 
 0 
 0 
 0 
 0 
 0 
 0 
 0 
 0 
 0 
 0 
 0 
 0 
 0 
 0 
 0 
 0 
 0 
 0 
 0 
 0 
 0 
 0 
 0 
 0 
 0 
 0 
 0 
 0 
 0 
 0 
 0 
 0 
 0 
 0 
 0 
 0 
 0 
 0 
 0 
 0 
 0 
 0 
 0 
 0 
 0 
 0 
 0 
 0 
 0 
 0 
 0 
 0 
 0 
 0 
 0 
 0 
 0 
 0 
 0 
 0 
 0 
 0 
 0 
 0 
 0 
 0 
 0 
 0 
 0 
 0 
 0 
 0 
 0 
 0 
 0 
 0 
 0 
 0 
 0 
 0 
 0 
 0 
 0 
 0 
 0 
 0 
 0 
 0 
 0 
 0 
 0 
 0 
 0 
 0 
 0 
 0 
 0 
 0 
 0 
 0 
 0 
 0 
 0 
 0 
 0 
 0 
 0 
 0 
 0 
 0 
 0 
 0 
 0 
 0 
 0 
 0 
 0 
 0 
 0 
 0 
 0 
 0 
 0 
 0 
 0 
 0 
 0 
 0 
 0 
 0 
 0 
 0 
 0 
 0 
 0 
 0 
 0 
 0 
 0 
 0 
 0 
 0 
 0 
 0 
 0 
 0 
 0 
 0 
 0 
 0 
 0 
 0 
 0 
 0 
 0 
 0 
 0 
 0 
 0 
 0 
 0 
 0 
 0 
 0 
 0 
 0 
 0 
 0 
 0 
 0 
 0 
 0 
 0 
 0 
 0 
 0 
 0 
 0 
 0 
 0 
 0 
 0 
 0 
 0 
 0 
 0 
 0 
 0 
 0 
 0 
 0 
 0 
 0 
 0 
 0 
 0 
 0 
 0 
 0 
 0 
 0 
 0 
 0 
 0 
 0 
 0 
 0 
 0 
 0 
 0 
 0 
 0 
 0 
 0 
 0 
 0 
 0 
 0 
 0 
 0 
 0 
 0 
 0 
 0 
 0 
 0 
 0 
 0 
 0 
 0 
 0 
 0 
 0 
 0 
 0 
 0 
 0 
 0 
 0 
 0 
 0 
 0 
 0 
 0 
 0 
 0 
 0 
 0 
 0 
 0 
 0 
 0 
 0 
 0 
 0 
 0 
 0 
 0 
 0 
 0 
 0 
 0 
 0 
 0 
 0 
 0 
 0 
 0 
 0 
 0 
 0 
 0 
 0 
 0 
 0 
 0 
 0 
 0 
 0 
 0 
 0 
 0 
 0 
 0 
 0 
 0 
 0 
 0 
 0 
 0 
 0 
 0 
 0 
 0 
 0 
 0 
 0 
 0 
 0 
 0 
 0 
 0 
 0 
 0 
 0 
 0 
 0 
 0 
 0 
 0 
 0 
 0 
 0 
 0 
 0 
 0 
 0 
 0 
 0 
 0 
 0 
 0 
 0 
 0 
 0 
 0 
 0 
 0 
 0 
 0 
 0 
 0 
 0 
 0 
 0 
 0 
 0 
 0 
 0 
 0 
 0 
 0 
 0 
 0 
 0 
 0 
 0 
 0 
 0 
 0 
 0 
 0 
 8,46740050804403E-04 
 1,69348010160881E-03 
 1,69348010160881E-03 
 2,54022015241321E-03 
 3,38696020321761E-03 
 4,23370025402202E-03 
 5,92718035563082E-03 
 6,77392040643522E-03 
 7,62066045723963E-03 
 9,31414055884843E-03 
 6,77392040643522E-03 
 9,31414055884843E-03 
 9,31414055884843E-03 
 1,10076206604572E-02 
 7,62066045723963E-03 
 7,62066045723963E-03 
 8,46740050804403E-03 
 8,46740050804403E-03 
 8,46740050804403E-03 
 8,46740050804403E-03 
 1,01608806096528E-02 
 1,18543607112616E-02 
 0,012701100762066 
 1,35478408128704E-02 
 1,35478408128704E-02 
 1,52413209144793E-02 
 1,86282811176969E-02 
 2,03217612193057E-02 
 2,11685012701101E-02 
 2,45554614733277E-02 
 2,54022015241321E-02 
 2,87891617273497E-02 
 2,87891617273497E-02 
 3,30228619813717E-02 
 3,47163420829805E-02 
 2,20152413209145E-02 
 2,37087214225233E-02 
 2,37087214225233E-02 
 2,54022015241321E-02 
 2,62489415749365E-02 
 2,79424216765453E-02 
 2,70956816257409E-02 
 2,96359017781541E-02 
 3,13293818797629E-02 
 3,13293818797629E-02 
 3,47163420829805E-02 
 4,06435224386113E-02 
 4,31837425910246E-02 
 4,74174428450466E-02 
 5,58848433530906E-02 
 7,02794242167655E-02 
 7,02794242167655E-02 
 7,28196443691787E-02 
 7,87468247248095E-02 
 8,29805249788315E-02 
 8,46740050804403E-02 
 0,121930567315834 
 0,103302286198137 
 0,102455546147333 
 0,106689246401355 
 0,10584250635055 
 0,108382726502964 
 0,110922946655377 
 0,110922946655377 
 0,115156646909399 
 0,120237087214225 
 0,124470787468247 
 0,110922946655377 
 9,65283657917019E-02 
 4,57239627434378E-02 
 3,38696020321761E-02 
 3,30228619813717E-02 
 3,55630821337849E-02 
 2,96359017781541E-02 
 2,96359017781541E-02 
 3,04826418289585E-02 
 3,04826418289585E-02 
 2,87891617273497E-02 
 2,70956816257409E-02 
 2,70956816257409E-02 
 2,79424216765453E-02 
 2,54022015241321E-02 
 2,62489415749365E-02 
 2,96359017781541E-02 
 3,21761219305673E-02 
 3,04826418289585E-02 
 3,04826418289585E-02 
 2,79424216765453E-02 
 2,54022015241321E-02 
 2,62489415749365E-02 
 2,96359017781541E-02 
 2,96359017781541E-02 
 3,30228619813717E-02 
 3,38696020321761E-02 
 3,13293818797629E-02 
 2,79424216765453E-02 
 3,21761219305673E-02 
 3,21761219305673E-02 
 2,96359017781541E-02 
 3,30228619813717E-02 
 3,30228619813717E-02 
 3,04826418289585E-02 
 2,70956816257409E-02 
 2,79424216765453E-02 
 2,79424216765453E-02 
 3,21761219305673E-02 
 2,87891617273497E-02 
 2,54022015241321E-02 
 3,30228619813717E-02 
 3,72565622353937E-02 
 3,72565622353937E-02 
 3,72565622353937E-02 
 3,81033022861981E-02 
 4,23370025402202E-02 
 4,23370025402202E-02 
 5,08044030482642E-02 
 5,50381033022862E-02 
 5,58848433530906E-02 
 0,052497883149873 
 4,48772226926334E-02 
 4,91109229466554E-02 
 4,99576629974598E-02 
 5,84250635055038E-02 
 7,19729043183743E-02 
 7,28196443691787E-02 
 7,70533446232007E-02 
 7,79000846740051E-02 
 8,29805249788315E-02 
 8,80609652836579E-02 
 9,31414055884843E-02 
 9,39881456392887E-02 
 9,06011854360711E-02 
 9,14479254868755E-02 
 9,65283657917019E-02 
 0,102455546147333 
 0,107535986452159 
 0,108382726502964 
 0,114309906858594 
 0,115156646909399 
 0,10584250635055 
 0,116850127011008 
 0,117696867061812 
 0,118543607112616 
 8,46740050804403E-02 
 7,02794242167655E-02 
 7,02794242167655E-02 
 8,63674851820491E-02 
 9,22946655376799E-02 
 9,73751058425063E-02 
 8,80609652836579E-02 
 7,79000846740051E-02 
 8,38272650296359E-02 
 8,97544453852667E-02 
 9,56816257408975E-02 
 9,65283657917019E-02 
 0,102455546147333 
 0,114309906858594 
 0,109229466553768 
 0,154106689246401 
 0,182049110922947 
 0,183742591024555 
 0,206604572396274 
 0,185436071126164 
 0,181202370872142 
 0,193903471634208 
 0,188823031329382 
 0,201524132091448 
 0,197290431837426 
 0,209991532599492 
 0,210838272650296 
 0,229466553767993 
 0,260795935647756 
 0,274343776460627 
 0,233700254022015 
 0,228619813717189 
 0,24809483488569 
 0,261642675698561 
 0,2692633361558 
 0,258255715495343 
 0,259102455546147 
 0,254868755292125 
 0,249788314987299 
 0,244707874682472 
 0,239627434377646 
 0,23454699407282 
 0,242167654530059 
 0,236240474174428 
 0,211685012701101 
 0,21930567315834 
 0,187976291278577 
 0,188823031329382 
 0,17696867061812 
 0,171041490262489 
 0,177815410668925 
 0,152413209144793 
 0,153259949195597 
 0,147332768839966 
 0,147332768839966 
 0,168501270110076 
 0,169348010160881 
 0,17696867061812 
 0,18458933107536 
 0,178662150719729 
 0,178662150719729 
 0,172734970364098 
 0,173581710414903 
 0,174428450465707 
 0,174428450465707 
 0,203217612193057 
 0,211685012701101 
 0,212531752751905 
 0,212531752751905 
 0,227773073666384 
 0,236240474174428 
 0,237087214225233 
 0,281117696867062 
 0,281964436917866 
 0,260795935647756 
 0,254868755292125 
 0,262489415749365 
 0,248941574936494 
 0,257408975444539 
 0,294665537679932 
 0,281117696867062 
 0,31922099915326 
 0,745131244707875 
 0,746824724809483 
 0,749364944961897 
 0,75190516511431 
 0,754445385266723 
 0,756138865368332 
 0,758679085520745 
 0,761219305673158 
 0,762912785774767 
 0,681625740897544 
 0,675698560541914 
 0,685012701100762 
 0,695173581710415 
 0,519051651143099 
 0,776460626587638 
 0,778154106689246 
 0,78069432684166 
 0,774767146486029 
 0,776460626587638 
 0,78662150719729 
 0,789161727349704 
 0,790855207451312 
 0,792548687552921 
 0,795088907705334 
 0,796782387806943 
 0,798475867908552 
 0,784081287044877 
 0,545300592718036 
 0,546994072819644 
 0,661303979678239 
 0,662150719729043 
 0,663844199830652 
 0,665537679932261 
 0,66723116003387 
 0,668077900084674 
 0,613039796782388 
 0,458086367485182 
 0,475867908552075 
 0,485182049110923 
 0,469093988145639 
 0,412362404741744 
 0,413209144792549 
 0,397967823878069 
 0,431837425910246 
 0,43268416596105 
 0,433530906011854 
 0,442845046570703 
 0,451312447078747 
 0,452159187129551 
 0,444538526672312 
 0,530059271803556 
 0,471634208298052 
 0,447078746824725 
 0,371718882303133 
 0,381033022861981 
 0,373412362404742 
 0,407281964436918 
 0,748518204911092 
 0,707027942421677 
 0,716342082980525 
 0,854360711261643 
 0,855207451312447 
 0,856900931414056 
 0,85774767146486 
 0,859441151566469 
 0,860287891617273 
 0,861134631668078 
 0,862828111769687 
 0,863674851820491 
 0,864521591871296 
 0,8653683319221 
 0,589331075359865 
 0,347163420829805 
 0,452159187129551 
 0,452159187129551 
 0,38272650296359 
 0,83657917019475 
 0,846740050804403 
 0,812023708721422 
 0,655376799322608 
 0,629974597798476 
 0,63082133784928 
 0,692633361558002 
 0,544453852667231 
 0,518204911092295 
 0,87891617273497 
 0,879762912785775 
 0,880609652836579 
 0,881456392887384 
 0,882303132938188 
 0,882303132938188 
 0,883149872988992 
 0,883996613039797 
 0,883996613039797 
 0,884843353090601 
 0,885690093141406 
 0,859441151566469 
 0,868755292125318 
 0,718882303132938 
 0,718882303132938 
 0,710414902624894 
 0,692633361558002 
 0,613039796782388 
 0,5961049957663 
 0,560541913632515 
 0,569856054191363 
 0,560541913632515 
 0,31160033869602 
 0,329381879762913 
 0,329381879762913 
 0,329381879762913 
 0,31160033869602 
 0,320914479254869 
 0,338696020321761 
 0,338696020321761 
 0,312447078746825 
 0,544453852667231 
 0,375105842506351 
 0,330228619813717 
 0,34801016088061 
 0,259102455546147 
 0,241320914479255 
 0,241320914479255 
 0,214225232853514 
 0,214225232853514 
 0,204911092294666 
 0,187129551227773 
 0,169348010160881 
 0,169348010160881 
 0,214225232853514 
 0,214225232853514 
 0,214225232853514 
 0,204911092294666 
 0,204911092294666 
 0,222692633361558 
 0,222692633361558 
 0,231160033869602 
 0,24047417442845 
 0,276037256562235 
 0,258255715495343 
 0,248941574936494 
 0,257408975444539 
 0,266723116003387 
 0,275190516511431 
 0,275190516511431 
 0,275190516511431 
 0,522438611346317 
 0,663844199830652 
 0,707874682472481 
 0,884843353090601 
 0,883996613039797 
 0,883149872988992 
 0,882303132938188 
 0,882303132938188 
 0,881456392887384 
 0,880609652836579 
 0,879762912785775 
 0,87891617273497 
 0,878069432684166 
 0,878069432684166 
 0,877222692633362 
 0,876375952582557 
 0,875529212531753 
 0,874682472480948 
 0,445385266723116 
 0,480101608806097 
 0,470787468247248 
 0,296359017781541 
 0,295512277730737 
 0,312447078746825 
 0,303979678238781 
 0,259949195596952 
 0,268416596104996 
 0,293818797629128 
 0,242167654530059 
 0,276037256562235 
 0,241320914479255 
 0,232006773920406 
 0,232006773920406 
 0,257408975444539 
 0,24809483488569 
 0,256562235393734 
 0,265029635901778 
 0,298899237933954 
 0,851820491109229 
 0,850127011007621 
 0,849280270956816 
 0,847586790855207 
 0,846740050804403 
 0,845046570702794 
 0,843353090601185 
 0,842506350550381 
 0,840812870448772 
 0,839119390347163 
 0,838272650296359 
 0,677392040643522 
 0,425910245554615 
 0,433530906011854 
 0,43268416596105 
 0,431837425910246 
 0,34801016088061 
 0,388653683319221 
 0,396274343776461 
 0,370872142252329 
 0,378492802709568 
 0,295512277730737 
 0,31922099915326 
 0,3268416596105 
 0,399661303979678 
 0,423370025402202 
 0,381879762912786 
 0,397121083827265 
 0,396274343776461 
 0,427603725656224 
 0,418289585097375 
 0,42506350550381 
 0,43268416596105 
 0,430990685859441 
 0,366638441998307 
 0,357324301439458 
 0,443691786621507 
 0,41151566469094 
 0,363251481795089 
 0,35393734123624 
 0,36917866215072 
 0,375952582557155 
 0,686706181202371 
 0,716342082980525 
 0,722269263336156 
 0,728196443691787 
 0,733276883996613 
 0,731583403895004 
 0,737510584250635 
 0,719729043183743 
 0,671464860287892 
 0,593564775613887 
 0,591871295512278 
 0,620660457239627 
 0,633361558001693 
 0,602032176121931 
 0,546994072819644 
 0,552921253175275 
 0,454699407281964 
 0,504657070279424 
 0,385266723116003 
 0,347163420829805 
 0,353090601185436 
 0,286198137171888 
 0,226079593564776 
 0,232853513971211 
 0,225232853513971 
 0,224386113463167 
 0,230313293818798 
 0,222692633361558 
 0,479254868755292 
 0,463166807790008 
 0,490262489415749 
 0,24047417442845 
 0,211685012701101 
 0,224386113463167 
 0,223539373412362 
 0,160033869602032 
 0,166807790008467 
 0,165961049957663 
 0,158340389500423 
 0,157493649449619 
 0,18458933107536 
 0,183742591024555 
 0,182895850973751 
 0,175275190516511 
 0,181202370872142 
 0,173581710414903 
 0,173581710414903 
 0,165961049957663 
 0,165114309906859 
 0,171041490262489 
 0,170194750211685 
 0,169348010160881 
 0,187976291278577 
 0,181202370872142 
 0,173581710414903 
 0,172734970364098 
 0,165114309906859 
 0,158340389500423 
 0,170194750211685 
 0,16342082980525 
 0,162574089754445 
 0,161727349703641 
 0,160880609652837 
 0,165961049957663 
 0,171041490262489 
 0,170194750211685 
 0,169348010160881 
 0,162574089754445 
 0,161727349703641 
 0,160880609652837 
 0,160033869602032 
 0,159187129551228 
 0,152413209144793 
 0,151566469093988 
 0,144792548687553 
 0,149872988992379 
 0,137171888230313 
 0,125317527519052 
 0,107535986452159 
 0,106689246401355 
 0,106689246401355 
 9,48348856900931E-02 
 0,104995766299746 
 0,110076206604572 
 9,82218458933107E-02 
 9,73751058425063E-02 
 9,73751058425063E-02 
 9,65283657917019E-02 
 9,56816257408975E-02 
 8,97544453852667E-02 
 9,99153259949196E-02 
 0,104149026248942 
 0,103302286198137 
 8,72142252328535E-02 
 9,22946655376799E-02 
 9,65283657917019E-02 
 0,12108382726503 
 0,110076206604572 
 0,109229466553768 
 0,103302286198137 
 8,80609652836579E-02 
 7,79000846740051E-02 
 7,70533446232007E-02 
 7,70533446232007E-02 
 7,11261642675699E-02 
 0,060965283657917 
 7,02794242167655E-02 
 0,065198983911939 
 6,43522438611346E-02 
 6,43522438611346E-02 
 6,35055038103302E-02 
 4,91109229466554E-02 
 4,91109229466554E-02 
 0,048264182895851 
 7,45131244707875E-02 
 7,36663844199831E-02 
 7,36663844199831E-02 
 7,28196443691787E-02 
 8,46740050804403E-02 
 8,80609652836579E-02 
 8,72142252328535E-02 
 9,06011854360711E-02 
 8,55207451312447E-02 
 9,31414055884843E-02 
 8,80609652836579E-02 
 9,14479254868755E-02 
 9,06011854360711E-02 
 9,31414055884843E-02 
 8,89077053344623E-02 
 8,80609652836579E-02 
 9,06011854360711E-02 
 8,97544453852667E-02 
 8,89077053344623E-02 
 8,80609652836579E-02 
 7,19729043183743E-02 
 7,11261642675699E-02 
 7,45131244707875E-02 
 7,36663844199831E-02 
 0,069432684165961 
 6,85859441151566E-02 
 0,060965283657917 
 4,99576629974598E-02 
 4,65707027942422E-02 
 0,052497883149873 
 0,048264182895851 
 5,41913632514818E-02 
 0,044030482641829 
 4,65707027942422E-02 
 4,57239627434378E-02 
 4,23370025402202E-02 
 3,89500423370025E-02 
 4,14902624894158E-02 
 3,81033022861981E-02 
 3,72565622353937E-02 
 3,64098221845893E-02 
 3,04826418289585E-02 
 3,30228619813717E-02 
 3,47163420829805E-02 
 3,72565622353937E-02 
 3,89500423370025E-02 
 3,89500423370025E-02 
 3,04826418289585E-02 
 2,96359017781541E-02 
 2,70956816257409E-02 
 2,62489415749365E-02 
 2,37087214225233E-02 
 2,11685012701101E-02 
 2,28619813717189E-02 
 2,28619813717189E-02 
 2,20152413209145E-02 
 2,20152413209145E-02 
 2,11685012701101E-02 
 2,54022015241321E-02 
 2,28619813717189E-02 
 2,20152413209145E-02 
 2,20152413209145E-02 
 1,94750211685013E-02 
 1,86282811176969E-02 
 1,86282811176969E-02 
 1,60880609652837E-02 
 1,77815410668925E-02 
 1,60880609652837E-02 
 1,69348010160881E-02 
 1,69348010160881E-02 
 1,60880609652837E-02 
 1,77815410668925E-02 
 1,69348010160881E-02 
 1,52413209144793E-02 
 1,60880609652837E-02 
 0,012701100762066 
 0,012701100762066 
 1,10076206604572E-02 
 1,01608806096528E-02 
 1,01608806096528E-02 
 1,01608806096528E-02 
 1,18543607112616E-02 
 1,18543607112616E-02 
 1,10076206604572E-02 
 1,10076206604572E-02 
 1,01608806096528E-02 
 9,31414055884843E-03 
 8,46740050804403E-03 
 9,31414055884843E-03 
 1,10076206604572E-02 
 1,18543607112616E-02 
 1,10076206604572E-02 
 1,01608806096528E-02 
 1,01608806096528E-02 
 9,31414055884843E-03 
 9,31414055884843E-03 
 8,46740050804403E-03 
 8,46740050804403E-03 
 8,46740050804403E-03 
 8,46740050804403E-03 
 8,46740050804403E-03 
 8,46740050804403E-03 
 7,62066045723963E-03 
 6,77392040643522E-03 
 5,92718035563082E-03 
 5,08044030482642E-03 
 5,08044030482642E-03 
 4,23370025402202E-03 
 4,23370025402202E-03 
 4,23370025402202E-03 
 3,38696020321761E-03 
 3,38696020321761E-03 
 4,23370025402202E-03 
 3,38696020321761E-03 
 3,38696020321761E-03 
 3,38696020321761E-03 
 2,54022015241321E-03 
 2,54022015241321E-03 
 1,69348010160881E-03 
 1,69348010160881E-03 
 1,69348010160881E-03 
 8,46740050804403E-04 
 8,46740050804403E-04 
 8,46740050804403E-04 
 8,46740050804403E-04 
 8,46740050804403E-04 
 0 
 0 
 0 
 0 
 0 
 0 
 0 
 0 
 0 
 0 
 0 
 0 
 0 
 0 
 0 
 0 
 0 
 0 
 0 
 0 
 0 
 0 
 0 
 0 
 0 
 0 
 0 
 0 
 0 
 0 
 0 
 0 
 0 
 0 
 0 
 0 
 0 
 0 
 0 
 0 
 0 
 0 
 0 
 0 
 0 
 0 
 0 
 0 
 0 
 0 
 0 
 0 
 0 
 0 
 0 
 0 
 0 
 0 
 0 
 0 
 0 
 0 
 0 
 0 
 0 
 0 
 0 
 0 
 0 
 0 
 0 
 0 
 0 
 0 
 0 
 0 
 0 
 0 
 0 
 0 
 0 
 0 
 0 
 0 
 0 
 0 
 0 
 0 
 0 
 0 
 0 
 0 
 0 
 0 
 0 
 0 
 0 
 0 
 0 
 0 
 0 
 0 
 0 
 0 
 0 
 0 
 0 
 0 
 0 
 0 
 0 
 0 
 0 
 0 
 0 
 0 
 0 
 0 
 0 
 0 
 0 
 0 
 0 
 0 
 0 
 0 
 0 
 0 
 0 
 0 
 0 
 0 
 0 
 0 
 0 
 0 
 0 
 0 
 0 
 0 
 0 
 0 
 0 
 0 
 0 
 0 
 0 
 0 
 0 
 0 
 0 
 0 
 0 
 0 
 0 
 0 
 0 
 0 
 0 
 0 
 0 
 0 
 0 
 0 
 0 
 0 
 0 
 0 
 0 
 0 
 0 
 0 
 0 
 0 
 0 
 0 
 0 
 0 
 0 
 0 
 0 
 0 
 0 
 0 
 0 
 0 
 0 
 0 
 0 
 0 
 0 
 0 
 0 
 0 
 0 
 0 
 0 
 0 
 0 
 0 
 0 
 0 
 0 
 0 
 0 
 0 
 0 
 0 
 0 
 0 
 0 
 0 
 0 
 0 
 0 
 0 
 0 
 0 
 0 
 0 
 0 
 0 
 0 
 0 
 0 
 0 
 0 
 0 
 0 
 0 
 0 
 0 
 0 
 0 
 0 
 0 
 0 
 0 
 0 
 0 
 0 
 0 
 0 
 0 
 0 
 0 
 0 
 0 
 0 
 0 
 0 
 0 
 0 
 0 
 0 
 0 
 0 
 0 
 0 
 0 
 0 
 0 
 0 
 0 
 0 
 0 
 0 
 0 
 0 
 0 
 0 
 0 
 0 
 0 
 0 
 0 
 0 
 0 
 0 
 0 
 0 
 0 
 0 
 0 
 0 
 0 
 0 
 0 
 0 
 0 
 0 
 0 
 0 
 0 
 0 
 0 
 0 
 0 
 0 
 0 
 0 
 0 
 0 
 0 
 0 
 0 
 0 
 0 
 0 
 0 
 0 
 0 
 0 
 0 
