 0 
 0 
 0 
 0 
 0 
 0 
 0 
 0 
 0 
 0 
 0 
 0 
 0 
 0 
 0 
 0 
 0 
 0 
 0 
 0 
 0 
 0 
 0 
 0 
 0 
 0 
 0 
 0 
 0 
 0 
 0 
 0 
 0 
 0 
 0 
 0 
 0 
 0 
 0 
 0 
 0 
 0 
 0 
 0 
 0 
 0 
 0 
 0 
 0 
 0 
 0 
 0 
 0 
 0 
 0 
 0 
 0 
 0 
 0 
 0 
 0 
 0 
 0 
 0 
 0 
 0 
 0 
 0 
 0 
 0 
 0 
 0 
 0 
 0 
 0 
 0 
 0 
 0 
 0 
 0 
 0 
 0 
 0 
 0 
 0 
 0 
 0 
 0 
 0 
 0 
 0 
 0 
 0 
 0 
 0 
 0 
 0 
 0 
 0 
 0 
 0 
 0 
 0 
 0 
 0 
 0 
 0 
 0 
 0 
 0 
 0 
 0 
 0 
 0 
 0 
 0 
 0 
 0 
 0 
 0 
 0 
 0 
 0 
 0 
 0 
 0 
 0 
 0 
 0 
 0 
 0 
 0 
 0 
 0 
 0 
 0 
 0 
 0 
 0 
 0 
 0 
 0 
 0 
 0 
 0 
 0 
 0 
 0 
 0 
 0 
 0 
 0 
 0 
 0 
 0 
 0 
 0 
 0 
 0 
 0 
 0 
 0 
 0 
 0 
 0 
 0 
 0 
 0 
 0 
 0 
 0 
 0 
 0 
 0 
 0 
 0 
 0 
 0 
 0 
 0 
 0 
 0 
 0 
 0 
 0 
 0 
 0 
 0 
 0 
 0 
 0 
 0 
 0 
 0 
 0 
 0 
 0 
 0 
 0 
 0 
 0 
 0 
 0 
 0 
 0 
 0 
 0 
 0 
 0 
 0 
 0 
 0 
 0 
 0 
 0 
 0 
 0 
 0 
 0 
 0 
 0 
 0 
 0 
 0 
 0 
 0 
 0 
 0 
 0 
 0 
 0 
 0 
 0 
 0 
 0 
 0 
 0 
 0 
 0 
 0 
 0 
 0 
 0 
 0 
 0 
 0 
 0 
 0 
 0 
 0 
 0 
 0 
 0 
 0 
 0 
 0 
 0 
 0 
 0 
 0 
 0 
 0 
 0 
 0 
 0 
 0 
 0 
 0 
 0 
 0 
 0 
 0 
 0 
 0 
 0 
 0 
 0 
 0 
 0 
 0 
 0 
 0 
 0 
 0 
 0 
 0 
 0 
 0 
 0 
 0 
 0 
 0 
 0 
 0 
 0 
 0 
 0 
 0 
 0 
 0 
 0 
 0 
 0 
 0 
 0 
 0 
 0 
 0 
 0 
 0 
 0 
 0 
 0 
 0 
 0 
 0 
 0 
 0 
 0 
 0 
 0 
 0 
 0 
 0 
 0 
 0 
 0 
 0 
 0 
 0 
 0 
 0 
 0 
 0 
 0 
 0 
 0 
 0 
 0 
 0 
 0 
 0 
 0 
 0 
 0 
 0 
 0 
 0 
 0 
 0 
 0 
 0 
 0 
 0 
 0 
 0 
 0 
 0 
 0 
 0 
 0 
 0 
 0 
 0 
 0 
 0 
 0 
 0 
 0 
 0 
 0 
 0 
 0 
 0 
 0 
 0 
 0 
 0 
 0 
 0 
 0 
 0 
 0 
 0 
 0 
 0 
 0 
 0 
 0 
 0 
 0 
 0 
 0 
 0 
 0 
 0 
 0 
 0 
 0 
 0 
 0 
 0 
 0 
 0 
 0 
 0 
 0 
 0 
 0 
 0 
 0 
 0 
 0 
 0 
 0 
 0 
 0 
 0 
 0 
 0 
 0 
 0 
 0 
 0 
 0 
 0 
 0 
 0 
 0 
 0 
 0 
 0 
 0 
 0 
 8,46740050804403E-04 
 8,46740050804403E-04 
 1,69348010160881E-03 
 1,69348010160881E-03 
 2,54022015241321E-03 
 3,38696020321761E-03 
 4,23370025402202E-03 
 5,92718035563082E-03 
 6,77392040643522E-03 
 7,62066045723963E-03 
 9,31414055884843E-03 
 1,10076206604572E-02 
 1,18543607112616E-02 
 1,43945808636749E-02 
 1,18543607112616E-02 
 1,35478408128704E-02 
 1,10076206604572E-02 
 1,18543607112616E-02 
 1,43945808636749E-02 
 1,52413209144793E-02 
 3,04826418289585E-02 
 3,30228619813717E-02 
 3,55630821337849E-02 
 3,89500423370025E-02 
 4,14902624894158E-02 
 0,044030482641829 
 4,74174428450466E-02 
 4,99576629974598E-02 
 5,33446232006774E-02 
 0,056731583403895 
 4,65707027942422E-02 
 4,91109229466554E-02 
 5,16511430990686E-02 
 5,50381033022862E-02 
 0,044030482641829 
 4,65707027942422E-02 
 4,65707027942422E-02 
 5,33446232006774E-02 
 5,75783234546994E-02 
 6,26587637595258E-02 
 6,77392040643522E-02 
 4,31837425910246E-02 
 0,044030482641829 
 4,99576629974598E-02 
 5,41913632514818E-02 
 5,50381033022862E-02 
 5,75783234546994E-02 
 6,01185436071126E-02 
 6,26587637595258E-02 
 5,84250635055038E-02 
 6,68924640135478E-02 
 6,43522438611346E-02 
 6,77392040643522E-02 
 6,68924640135478E-02 
 6,68924640135478E-02 
 7,19729043183743E-02 
 7,36663844199831E-02 
 8,38272650296359E-02 
 8,21337849280271E-02 
 8,63674851820491E-02 
 8,63674851820491E-02 
 8,29805249788315E-02 
 0,103302286198137 
 9,82218458933107E-02 
 4,99576629974598E-02 
 5,33446232006774E-02 
 5,58848433530906E-02 
 6,68924640135478E-02 
 0,056731583403895 
 5,33446232006774E-02 
 0,052497883149873 
 5,33446232006774E-02 
 5,41913632514818E-02 
 5,50381033022862E-02 
 5,41913632514818E-02 
 5,50381033022862E-02 
 5,33446232006774E-02 
 5,50381033022862E-02 
 5,58848433530906E-02 
 0,056731583403895 
 5,50381033022862E-02 
 5,84250635055038E-02 
 5,92718035563082E-02 
 5,75783234546994E-02 
 6,35055038103302E-02 
 6,43522438611346E-02 
 6,26587637595258E-02 
 5,58848433530906E-02 
 4,48772226926334E-02 
 4,57239627434378E-02 
 4,91109229466554E-02 
 0,052497883149873 
 4,74174428450466E-02 
 4,48772226926334E-02 
 4,31837425910246E-02 
 4,65707027942422E-02 
 5,33446232006774E-02 
 4,48772226926334E-02 
 4,48772226926334E-02 
 4,91109229466554E-02 
 0,052497883149873 
 5,33446232006774E-02 
 0,044030482641829 
 4,74174428450466E-02 
 0,048264182895851 
 4,91109229466554E-02 
 4,91109229466554E-02 
 5,33446232006774E-02 
 5,08044030482642E-02 
 5,50381033022862E-02 
 6,26587637595258E-02 
 6,35055038103302E-02 
 6,01185436071126E-02 
 0,060965283657917 
 6,18120237087214E-02 
 6,60457239627434E-02 
 7,02794242167655E-02 
 7,11261642675699E-02 
 6,01185436071126E-02 
 0,056731583403895 
 0,056731583403895 
 5,75783234546994E-02 
 5,84250635055038E-02 
 5,84250635055038E-02 
 5,50381033022862E-02 
 6,01185436071126E-02 
 6,85859441151566E-02 
 0,065198983911939 
 6,60457239627434E-02 
 7,95935647756139E-02 
 8,04403048264183E-02 
 8,04403048264183E-02 
 8,12870448772227E-02 
 8,21337849280271E-02 
 7,79000846740051E-02 
 7,87468247248095E-02 
 8,89077053344623E-02 
 8,46740050804403E-02 
 9,06011854360711E-02 
 9,06011854360711E-02 
 9,65283657917019E-02 
 0,111769686706181 
 0,117696867061812 
 0,103302286198137 
 0,124470787468247 
 0,120237087214225 
 0,116003386960203 
 0,116850127011008 
 0,122777307366638 
 0,453005927180356 
 0,455546147332769 
 0,17696867061812 
 0,141405588484335 
 0,148179508890771 
 0,159187129551228 
 0,160880609652837 
 0,172734970364098 
 0,173581710414903 
 0,16342082980525 
 0,165114309906859 
 0,171041490262489 
 0,177815410668925 
 0,18458933107536 
 0,180355630821338 
 0,19813717188823 
 0,198983911939035 
 0,206604572396274 
 0,143945808636749 
 0,138865368331922 
 0,151566469093988 
 0,152413209144793 
 0,129551227773074 
 0,130397967823878 
 0,137171888230313 
 0,126164267569856 
 0,126164267569856 
 0,132938187976291 
 0,127857747671465 
 0,121930567315834 
 0,122777307366638 
 0,129551227773074 
 0,130397967823878 
 0,118543607112616 
 0,119390347163421 
 9,48348856900931E-02 
 0,101608806096528 
 0,101608806096528 
 0,102455546147333 
 0,102455546147333 
 9,65283657917019E-02 
 0,110076206604572 
 0,110922946655377 
 0,104995766299746 
 9,82218458933107E-02 
 9,90685859441152E-02 
 0,10584250635055 
 0,106689246401355 
 0,11346316680779 
 0,114309906858594 
 0,12108382726503 
 0,121930567315834 
 0,122777307366638 
 0,116003386960203 
 0,116850127011008 
 0,110076206604572 
 0,117696867061812 
 8,29805249788315E-02 
 9,06011854360711E-02 
 9,06011854360711E-02 
 9,82218458933107E-02 
 9,14479254868755E-02 
 8,46740050804403E-02 
 9,22946655376799E-02 
 7,87468247248095E-02 
 7,87468247248095E-02 
 7,87468247248095E-02 
 8,63674851820491E-02 
 0,116003386960203 
 0,108382726502964 
 0,109229466553768 
 8,04403048264183E-02 
 8,04403048264183E-02 
 7,36663844199831E-02 
 6,60457239627434E-02 
 7,36663844199831E-02 
 8,12870448772227E-02 
 8,21337849280271E-02 
 8,21337849280271E-02 
 8,21337849280271E-02 
 8,29805249788315E-02 
 6,77392040643522E-02 
 6,77392040643522E-02 
 0,060965283657917 
 0,060965283657917 
 0,060965283657917 
 0,060965283657917 
 0,069432684165961 
 7,70533446232007E-02 
 7,70533446232007E-02 
 7,70533446232007E-02 
 7,02794242167655E-02 
 6,26587637595258E-02 
 6,26587637595258E-02 
 5,50381033022862E-02 
 5,50381033022862E-02 
 6,26587637595258E-02 
 7,11261642675699E-02 
 7,87468247248095E-02 
 7,95935647756139E-02 
 7,95935647756139E-02 
 0,111769686706181 
 0,111769686706181 
 0,104149026248942 
 9,65283657917019E-02 
 8,04403048264183E-02 
 7,28196443691787E-02 
 7,28196443691787E-02 
 7,28196443691787E-02 
 7,28196443691787E-02 
 0,065198983911939 
 0,065198983911939 
 0,065198983911939 
 7,36663844199831E-02 
 9,06011854360711E-02 
 9,06011854360711E-02 
 0,106689246401355 
 9,90685859441152E-02 
 9,90685859441152E-02 
 0,116003386960203 
 0,116003386960203 
 0,116850127011008 
 0,125317527519052 
 0,125317527519052 
 0,116850127011008 
 0,117696867061812 
 0,126164267569856 
 0,117696867061812 
 0,126164267569856 
 0,117696867061812 
 0,118543607112616 
 0,118543607112616 
 0,118543607112616 
 0,12701100762066 
 0,127857747671465 
 0,144792548687553 
 0,144792548687553 
 0,144792548687553 
 0,154106689246401 
 0,171041490262489 
 0,197290431837426 
 0,188823031329382 
 0,206604572396274 
 0,206604572396274 
 0,206604572396274 
 0,198983911939035 
 0,190516511430991 
 0,190516511430991 
 0,198983911939035 
 0,199830651989839 
 0,199830651989839 
 0,199830651989839 
 0,156646909398815 
 0,148179508890771 
 0,148179508890771 
 0,157493649449619 
 0,139712108382726 
 0,149026248941575 
 0,149026248941575 
 0,140558848433531 
 0,140558848433531 
 0,140558848433531 
 0,140558848433531 
 0,149872988992379 
 0,123624047417443 
 0,141405588484335 
 0,132091447925487 
 0,141405588484335 
 0,141405588484335 
 0,141405588484335 
 0,141405588484335 
 0,141405588484335 
 0,141405588484335 
 0,141405588484335 
 0,150719729043184 
 0,160033869602032 
 0,150719729043184 
 0,186282811176969 
 0,186282811176969 
 0,21337849280271 
 0,21337849280271 
 0,222692633361558 
 0,222692633361558 
 0,266723116003387 
 0,266723116003387 
 0,267569856054191 
 0,258255715495343 
 0,267569856054191 
 0,249788314987299 
 0,232006773920406 
 0,232006773920406 
 0,222692633361558 
 0,222692633361558 
 0,232006773920406 
 0,232006773920406 
 0,214225232853514 
 0,214225232853514 
 0,196443691786621 
 0,187129551227773 
 0,196443691786621 
 0,196443691786621 
 0,196443691786621 
 0,204911092294666 
 0,214225232853514 
 0,196443691786621 
 0,214225232853514 
 0,214225232853514 
 0,214225232853514 
 0,258255715495343 
 0,258255715495343 
 0,31160033869602 
 0,320914479254869 
 0,338696020321761 
 0,356477561388654 
 0,355630821337849 
 0,355630821337849 
 0,364944961896698 
 0,364098221845893 
 0,355630821337849 
 0,328535139712108 
 0,328535139712108 
 0,505503810330229 
 0,505503810330229 
 0,700254022015241 
 0,708721422523285 
 0,699407281964437 
 0,698560541913632 
 0,698560541913632 
 0,697713801862828 
 0,706181202370872 
 0,687552921253175 
 0,687552921253175 
 0,686706181202371 
 0,721422523285351 
 0,677392040643522 
 0,711261642675699 
 0,711261642675699 
 0,333615580016935 
 0,288738357324301 
 0,270956816257409 
 0,279424216765453 
 0,270956816257409 
 0,244707874682472 
 0,243861134631668 
 0,235393734123624 
 0,217612193056732 
 0,252328535139712 
 0,259949195596952 
 0,459779847586791 
 0,415749364944962 
 0,414902624894157 
 0,414902624894157 
 0,397121083827265 
 0,430990685859441 
 0,438611346316681 
 0,412362404741744 
 0,420829805249788 
 0,445385266723116 
 0,470787468247248 
 0,4614733276884 
 0,724809483488569 
 0,715495342929721 
 0,714648602878916 
 0,721422523285351 
 0,534292972057578 
 0,372565622353937 
 0,371718882303133 
 0,557154953429297 
 0,572396274343776 
 0,563082133784928 
 0,469940728196444 
 0,511430990685859 
 0,602032176121931 
 0,726502963590178 
 0,724809483488569 
 0,81541066892464 
 0,822184589331075 
 0,762066045723963 
 0,752751905165114 
 0,726502963590178 
 0,60965283657917 
 0,616426756985605 
 0,640135478408129 
 0,597798475867909 
 0,5961049957663 
 0,554614733276884 
 0,552921253175275 
 0,584250635055038 
 0,656223539373412 
 0,654530059271804 
 0,652836579170195 
 0,668077900084674 
 0,666384419983065 
 0,664690939881456 
 0,639288738357324 
 0,637595258255716 
 0,635901778154107 
 0,436071126164268 
 0,466553767993226 
 0,457239627434378 
 0,346316680779001 
 0,353090601185436 
 0,305673158340389 
 0,281117696867062 
 0,272650296359018 
 0,256562235393734 
 0,25571549534293 
 0,285351397121084 
 0,292972057578323 
 0,292125317527519 
 0,276037256562235 
 0,259949195596952 
 0,266723116003387 
 0,288738357324301 
 0,325148179508891 
 0,316680779000847 
 0,323454699407282 
 0,330228619813717 
 0,321761219305673 
 0,313293818797629 
 0,289585097375106 
 0,273497036409822 
 0,272650296359018 
 0,265029635901778 
 0,264182895850974 
 0,270110076206605 
 0,210838272650296 
 0,203217612193057 
 0,195596951735817 
 0,201524132091448 
 0,229466553767993 
 0,228619813717189 
 0,242167654530059 
 0,23454699407282 
 0,226079593564776 
 0,345469940728196 
 0,351397121083827 
 0,272650296359018 
 0,271803556308213 
 0,270956816257409 
 0,463166807790008 
 0,488569009314141 
 0,500423370025402 
 0,403048264182896 
 0,401354784081287 
 0,494496189669771 
 0,539373412362405 
 0,530906011854361 
 0,528365791701948 
 0,53259949195597 
 0,537679932260796 
 0,541913632514818 
 0,473327688399661 
 0,438611346316681 
 0,475867908552075 
 0,590177815410669 
 0,36155800169348 
 0,366638441998307 
 0,352243861134632 
 0,260795935647756 
 0,24047417442845 
 0,239627434377646 
 0,263336155800169 
 0,268416596104996 
 0,397967823878069 
 0,408128704487722 
 0,344623200677392 
 0,238780694326842 
 0,231160033869602 
 0,236240474174428 
 0,241320914479255 
 0,257408975444539 
 0,387806943268417 
 0,373412362404742 
 0,359864521591871 
 0,422523285351397 
 0,204064352243861 
 0,214225232853514 
 0,21337849280271 
 0,206604572396274 
 0,204911092294666 
 0,220999153259949 
 0,3268416596105 
 0,45385266723116 
 0,450465707027942 
 0,447925486875529 
 0,450465707027942 
 0,425910245554615 
 0,418289585097375 
 0,414902624894157 
 0,412362404741744 
 0,409822184589331 
 0,391193903471634 
 0,414902624894157 
 0,412362404741744 
 0,42506350550381 
 0,427603725656224 
 0,424216765453006 
 0,350550381033023 
 0,292125317527519 
 0,280270956816257 
 0,497036409822185 
 0,493649449618967 
 0,490262489415749 
 0,486028789161727 
 0,48264182895851 
 0,479254868755292 
 0,47502116850127 
 0,396274343776461 
 0,392887383573243 
 0,394580863674852 
 0,392040643522439 
 0,388653683319221 
 0,385266723116003 
 0,381879762912786 
 0,379339542760373 
 0,375952582557155 
 0,394580863674852 
 0,373412362404742 
 0,336155800169348 
 0,328535139712108 
 0,309060118543607 
 0,331075359864522 
 0,328535139712108 
 0,276037256562235 
 0,236240474174428 
 0,242167654530059 
 0,243861134631668 
 0,233700254022015 
 0,211685012701101 
 0,209991532599492 
 0,149872988992379 
 0,137171888230313 
 0,127857747671465 
 0,111769686706181 
 0,107535986452159 
 0,10584250635055 
 0,108382726502964 
 0,110922946655377 
 0,131244707874682 
 0,122777307366638 
 0,114309906858594 
 0,116003386960203 
 0,115156646909399 
 0,110076206604572 
 0,112616426756986 
 0,114309906858594 
 0,106689246401355 
 0,108382726502964 
 0,110076206604572 
 9,31414055884843E-02 
 8,89077053344623E-02 
 8,72142252328535E-02 
 6,85859441151566E-02 
 7,36663844199831E-02 
 7,53598645215919E-02 
 7,45131244707875E-02 
 7,36663844199831E-02 
 7,19729043183743E-02 
 6,85859441151566E-02 
 7,28196443691787E-02 
 7,19729043183743E-02 
 7,36663844199831E-02 
 7,19729043183743E-02 
 7,11261642675699E-02 
 6,01185436071126E-02 
 5,16511430990686E-02 
 4,31837425910246E-02 
 4,06435224386113E-02 
 3,97967823878069E-02 
 3,64098221845893E-02 
 3,81033022861981E-02 
 3,30228619813717E-02 
 3,47163420829805E-02 
 3,81033022861981E-02 
 3,81033022861981E-02 
 3,47163420829805E-02 
 3,47163420829805E-02 
 3,72565622353937E-02 
 4,06435224386113E-02 
 0,044030482641829 
 4,48772226926334E-02 
 4,14902624894158E-02 
 4,06435224386113E-02 
 4,14902624894158E-02 
 4,06435224386113E-02 
 5,84250635055038E-02 
 0,065198983911939 
 6,77392040643522E-02 
 6,77392040643522E-02 
 6,60457239627434E-02 
 6,77392040643522E-02 
 6,60457239627434E-02 
 6,43522438611346E-02 
 0,060965283657917 
 5,75783234546994E-02 
 6,01185436071126E-02 
 6,35055038103302E-02 
 6,60457239627434E-02 
 6,77392040643522E-02 
 6,26587637595258E-02 
 3,04826418289585E-02 
 2,96359017781541E-02 
 2,96359017781541E-02 
 2,87891617273497E-02 
 2,70956816257409E-02 
 2,62489415749365E-02 
 2,54022015241321E-02 
 2,79424216765453E-02 
 2,62489415749365E-02 
 2,62489415749365E-02 
 2,45554614733277E-02 
 2,20152413209145E-02 
 2,03217612193057E-02 
 1,86282811176969E-02 
 1,86282811176969E-02 
 1,77815410668925E-02 
 1,69348010160881E-02 
 1,60880609652837E-02 
 1,01608806096528E-02 
 1,18543607112616E-02 
 1,10076206604572E-02 
 1,18543607112616E-02 
 1,10076206604572E-02 
 1,01608806096528E-02 
 9,31414055884843E-03 
 8,46740050804403E-03 
 7,62066045723963E-03 
 5,08044030482642E-03 
 5,08044030482642E-03 
 4,23370025402202E-03 
 4,23370025402202E-03 
 3,38696020321761E-03 
 3,38696020321761E-03 
 2,54022015241321E-03 
 1,69348010160881E-03 
 1,69348010160881E-03 
 1,69348010160881E-03 
 8,46740050804403E-04 
 8,46740050804403E-04 
 8,46740050804403E-04 
 8,46740050804403E-04 
 0 
 0 
 0 
 0 
 0 
 0 
 0 
 0 
 0 
 0 
 0 
 0 
 0 
 0 
 0 
 0 
 0 
 0 
 0 
 0 
 0 
 0 
 0 
 0 
 0 
 0 
 0 
 0 
 0 
 0 
 0 
 0 
 0 
 0 
 0 
 0 
 0 
 0 
 0 
 0 
 0 
 0 
 0 
 0 
 0 
 0 
 0 
 0 
 0 
 0 
 0 
 0 
 0 
 0 
 0 
 0 
 0 
 0 
 0 
 0 
 0 
 0 
 0 
 0 
 0 
 0 
 0 
 0 
 0 
 0 
 0 
 0 
 0 
 0 
 0 
 0 
 0 
 0 
 0 
 0 
 0 
 0 
 0 
 0 
 0 
 0 
 0 
 0 
 0 
 0 
 0 
 0 
 0 
 0 
 0 
 0 
 0 
 0 
 0 
 0 
 0 
 0 
 0 
 0 
 0 
 0 
 0 
 0 
 0 
 0 
 0 
 0 
 0 
 0 
 0 
 0 
 0 
 0 
 0 
 0 
 0 
 0 
 0 
 0 
 0 
 0 
 0 
 0 
 0 
 0 
 0 
 0 
 0 
 0 
 0 
 0 
 0 
 0 
 0 
 0 
 0 
 0 
 0 
 0 
 0 
 0 
 0 
 0 
 0 
 0 
 0 
 0 
 0 
 0 
 0 
 0 
 0 
 0 
 0 
 0 
 0 
 0 
 0 
 0 
 0 
 0 
 0 
 0 
 0 
 0 
 0 
 0 
 0 
 0 
 0 
 0 
 0 
 0 
 0 
 0 
 0 
 0 
 0 
 0 
 0 
 0 
 0 
 0 
 0 
 0 
 0 
 0 
 0 
 0 
 0 
 0 
 0 
 0 
 0 
 0 
 0 
 0 
 0 
 0 
 0 
 0 
 0 
 0 
 0 
 0 
 0 
 0 
 0 
 0 
 0 
 0 
 0 
 0 
 0 
 0 
 0 
 0 
 0 
 0 
 0 
 0 
 0 
 0 
 0 
 0 
 0 
 0 
 0 
 0 
 0 
 0 
 0 
 0 
 0 
 0 
 0 
 0 
 0 
 0 
 0 
 0 
 0 
 0 
 0 
 0 
 0 
 0 
 0 
 0 
 0 
 0 
 0 
 0 
 0 
 0 
 0 
 0 
 0 
 0 
 0 
 0 
 0 
 0 
 0 
 0 
 0 
 0 
 0 
 0 
 0 
 0 
 0 
 0 
 0 
 0 
 0 
 0 
 0 
 0 
 0 
 0 
 0 
 0 
 0 
 0 
 0 
 0 
 0 
 0 
 0 
 0 
 0 
 0 
 0 
 0 
 0 
 0 
 0 
 0 
 0 
 0 
 0 
 0 
 0 
 0 
 0 
 0 
 0 
 0 
 0 
