 0 
 0 
 0 
 0 
 0 
 0 
 0 
 0 
 0 
 0 
 0 
 0 
 0 
 0 
 0 
 0 
 0 
 0 
 0 
 0 
 0 
 0 
 0 
 0 
 0 
 0 
 0 
 0 
 0 
 0 
 0 
 0 
 0 
 0 
 0 
 0 
 0 
 0 
 0 
 0 
 0 
 0 
 0 
 0 
 0 
 0 
 0 
 0 
 0 
 0 
 0 
 0 
 0 
 0 
 0 
 0 
 0 
 0 
 0 
 0 
 0 
 0 
 0 
 0 
 0 
 0 
 0 
 0 
 0 
 0 
 0 
 0 
 0 
 0 
 0 
 0 
 0 
 0 
 0 
 0 
 0 
 0 
 0 
 0 
 0 
 0 
 0 
 0 
 0 
 0 
 0 
 0 
 0 
 0 
 0 
 0 
 0 
 0 
 0 
 0 
 0 
 0 
 0 
 0 
 0 
 0 
 0 
 0 
 0 
 0 
 0 
 0 
 0 
 0 
 0 
 0 
 0 
 0 
 0 
 0 
 0 
 0 
 0 
 0 
 0 
 0 
 0 
 0 
 0 
 0 
 0 
 0 
 0 
 0 
 0 
 0 
 0 
 0 
 0 
 0 
 0 
 0 
 0 
 0 
 0 
 0 
 0 
 0 
 0 
 0 
 0 
 0 
 0 
 0 
 0 
 0 
 0 
 0 
 0 
 0 
 0 
 0 
 0 
 0 
 0 
 0 
 0 
 0 
 0 
 0 
 0 
 0 
 0 
 0 
 0 
 0 
 0 
 0 
 0 
 0 
 0 
 0 
 0 
 0 
 0 
 0 
 0 
 0 
 0 
 0 
 0 
 0 
 0 
 0 
 0 
 0 
 0 
 0 
 0 
 0 
 0 
 0 
 0 
 0 
 0 
 0 
 0 
 0 
 0 
 0 
 0 
 0 
 0 
 0 
 0 
 0 
 0 
 0 
 0 
 0 
 0 
 0 
 0 
 0 
 0 
 0 
 0 
 0 
 0 
 0 
 0 
 0 
 0 
 0 
 0 
 0 
 0 
 0 
 0 
 0 
 0 
 0 
 0 
 0 
 0 
 0 
 0 
 0 
 0 
 0 
 0 
 0 
 0 
 0 
 0 
 0 
 0 
 0 
 0 
 0 
 0 
 0 
 0 
 0 
 0 
 0 
 0 
 0 
 0 
 0 
 0 
 0 
 0 
 0 
 0 
 0 
 0 
 0 
 0 
 0 
 0 
 0 
 0 
 0 
 0 
 0 
 0 
 0 
 0 
 0 
 0 
 0 
 0 
 0 
 0 
 0 
 0 
 0 
 0 
 0 
 0 
 0 
 0 
 0 
 0 
 0 
 0 
 0 
 0 
 0 
 0 
 0 
 0 
 0 
 0 
 0 
 0 
 0 
 0 
 0 
 0 
 0 
 0 
 0 
 0 
 0 
 0 
 0 
 0 
 0 
 0 
 0 
 0 
 0 
 0 
 0 
 0 
 0 
 0 
 0 
 0 
 0 
 0 
 0 
 0 
 0 
 0 
 0 
 0 
 0 
 0 
 0 
 0 
 0 
 0 
 0 
 0 
 0 
 0 
 0 
 0 
 0 
 0 
 0 
 0 
 0 
 0 
 0 
 0 
 0 
 0 
 0 
 0 
 0 
 0 
 0 
 0 
 0 
 0 
 0 
 0 
 0 
 0 
 0 
 0 
 0 
 0 
 0 
 0 
 0 
 0 
 0 
 0 
 0 
 0 
 0 
 0 
 0 
 0 
 0 
 0 
 0 
 0 
 0 
 0 
 0 
 0 
 0 
 0 
 0 
 0 
 0 
 0 
 0 
 0 
 0 
 0 
 0 
 0 
 0 
 0 
 0 
 0 
 0 
 0 
 0 
 0 
 0 
 0 
 0 
 0 
 0 
 0 
 0 
 8,46740050804403E-04 
 8,46740050804403E-04 
 1,69348010160881E-03 
 1,69348010160881E-03 
 2,54022015241321E-03 
 3,38696020321761E-03 
 4,23370025402202E-03 
 5,92718035563082E-03 
 6,77392040643522E-03 
 8,46740050804403E-03 
 9,31414055884843E-03 
 1,10076206604572E-02 
 0,012701100762066 
 1,43945808636749E-02 
 1,60880609652837E-02 
 1,86282811176969E-02 
 2,11685012701101E-02 
 2,28619813717189E-02 
 2,54022015241321E-02 
 2,79424216765453E-02 
 3,04826418289585E-02 
 3,30228619813717E-02 
 3,55630821337849E-02 
 3,89500423370025E-02 
 4,14902624894158E-02 
 0,044030482641829 
 4,74174428450466E-02 
 4,99576629974598E-02 
 5,33446232006774E-02 
 0,056731583403895 
 5,92718035563082E-02 
 6,26587637595258E-02 
 6,60457239627434E-02 
 0,069432684165961 
 7,28196443691787E-02 
 7,62066045723963E-02 
 7,95935647756139E-02 
 8,29805249788315E-02 
 8,63674851820491E-02 
 9,06011854360711E-02 
 9,06011854360711E-02 
 9,56816257408975E-02 
 9,90685859441152E-02 
 0,102455546147333 
 0,108382726502964 
 0,111769686706181 
 0,116003386960203 
 0,108382726502964 
 0,111769686706181 
 0,119390347163421 
 0,120237087214225 
 0,125317527519052 
 0,128704487722269 
 0,133784928027096 
 0,138865368331922 
 0,14225232853514 
 0,148179508890771 
 0,107535986452159 
 0,110076206604572 
 0,112616426756986 
 0,115156646909399 
 0,117696867061812 
 0,131244707874682 
 0,139712108382726 
 0,137171888230313 
 0,140558848433531 
 0,144792548687553 
 9,06011854360711E-02 
 8,89077053344623E-02 
 9,48348856900931E-02 
 9,82218458933107E-02 
 0,136325148179509 
 0,108382726502964 
 0,128704487722269 
 0,130397967823878 
 0,135478408128704 
 0,135478408128704 
 0,135478408128704 
 0,127857747671465 
 0,1346316680779 
 0,21930567315834 
 0,218458933107536 
 0,224386113463167 
 0,222692633361558 
 0,201524132091448 
 0,226079593564776 
 0,188823031329382 
 0,20575783234547 
 0,146486028789162 
 0,145639288738357 
 0,150719729043184 
 0,152413209144793 
 0,149026248941575 
 0,148179508890771 
 0,265876375952583 
 0,2692633361558 
 0,285351397121084 
 0,270110076206605 
 0,27688399661304 
 0,282811176968671 
 0,287044877222693 
 0,29043183742591 
 0,29043183742591 
 0,29043183742591 
 0,297205757832345 
 0,297205757832345 
 0,314140558848434 
 0,317527519051651 
 0,325148179508891 
 0,303132938187976 
 0,306519898391194 
 0,29805249788315 
 0,297205757832345 
 0,300592718035563 
 0,249788314987299 
 0,252328535139712 
 0,262489415749365 
 0,249788314987299 
 0,276037256562235 
 0,20575783234547 
 0,211685012701101 
 0,20575783234547 
 0,191363251481795 
 0,176121930567316 
 0,182049110922947 
 0,243014394580864 
 0,245554614733277 
 0,265029635901778 
 0,266723116003387 
 0,2692633361558 
 0,267569856054191 
 0,251481795088908 
 0,244707874682472 
 0,25571549534293 
 0,248941574936494 
 0,287891617273497 
 0,276037256562235 
 0,277730736663844 
 0,180355630821338 
 0,186282811176969 
 0,182895850973751 
 0,165114309906859 
 0,166807790008467 
 0,172734970364098 
 0,173581710414903 
 0,395427603725656 
 0,397967823878069 
 0,395427603725656 
 0,41913632514818 
 0,447925486875529 
 0,466553767993226 
 0,469093988145639 
 0,472480948348857 
 0,464860287891617 
 0,468247248094835 
 0,396274343776461 
 0,360711261642676 
 0,325148179508891 
 0,245554614733277 
 0,258255715495343 
 0,243014394580864 
 0,294665537679932 
 0,486875529212532 
 0,393734123624047 
 0,526672311600339 
 0,495342929720576 
 0,497883149872989 
 0,512277730736664 
 0,521591871295512 
 0,454699407281964 
 0,451312447078747 
 0,45385266723116 
 0,527519051651143 
 0,500423370025402 
 0,497036409822185 
 0,499576629974598 
 0,514817950889077 
 0,51735817104149 
 0,531752751905165 
 0,528365791701948 
 0,530906011854361 
 0,577476714648603 
 0,530059271803556 
 0,545300592718036 
 0,441151566469094 
 0,519051651143099 
 0,521591871295512 
 0,511430990685859 
 0,513971210838273 
 0,502963590177815 
 0,512277730736664 
 0,514817950889077 
 0,412362404741744 
 0,552074513124471 
 0,58086367485182 
 0,51735817104149 
 0,506350550381033 
 0,668924640135478 
 0,671464860287892 
 0,674005080440305 
 0,677392040643522 
 0,679932260795936 
 0,682472480948349 
 0,685859441151566 
 0,68839966130398 
 0,690939881456393 
 0,693480101608806 
 0,696867061812024 
 0,699407281964437 
 0,70194750211685 
 0,704487722269263 
 0,707027942421677 
 0,70956816257409 
 0,712108382726503 
 0,714648602878916 
 0,717188823031329 
 0,719729043183743 
 0,722269263336156 
 0,724809483488569 
 0,727349703640982 
 0,729889923793395 
 0,732430143945809 
 0,734970364098222 
 0,737510584250635 
 0,740050804403048 
 0,742591024555461 
 0,745131244707875 
 0,746824724809483 
 0,749364944961897 
 0,75190516511431 
 0,754445385266723 
 0,756138865368332 
 0,758679085520745 
 0,761219305673158 
 0,640982218458933 
 0,642675698560542 
 0,660457239627434 
 0,623200677392041 
 0,555461473327688 
 0,58848433530906 
 0,597798475867909 
 0,685012701100762 
 0,702794242167655 
 0,704487722269263 
 0,761219305673158 
 0,660457239627434 
 0,370872142252329 
 0,711261642675699 
 0,697713801862828 
 0,5961049957663 
 0,493649449618967 
 0,598645215918713 
 0,600338696020322 
 0,602032176121931 
 0,313293818797629 
 0,330228619813717 
 0,282811176968671 
 0,243014394580864 
 0,243861134631668 
 0,374259102455546 
 0,366638441998307 
 0,408128704487722 
 0,392887383573243 
 0,353090601185436 
 0,353090601185436 
 0,35393734123624 
 0,346316680779001 
 0,322607959356478 
 0,323454699407282 
 0,29043183742591 
 0,265876375952583 
 0,266723116003387 
 0,259102455546147 
 0,242167654530059 
 0,243014394580864 
 0,243014394580864 
 0,235393734123624 
 0,235393734123624 
 0,236240474174428 
 0,236240474174428 
 0,237087214225233 
 0,245554614733277 
 0,246401354784081 
 0,220999153259949 
 0,221845893310754 
 0,230313293818798 
 0,230313293818798 
 0,231160033869602 
 0,231160033869602 
 0,222692633361558 
 0,24047417442845 
 0,232006773920406 
 0,232853513971211 
 0,259102455546147 
 0,267569856054191 
 0,268416596104996 
 0,259949195596952 
 0,268416596104996 
 0,259949195596952 
 0,2692633361558 
 0,278577476714649 
 0,278577476714649 
 0,270110076206605 
 0,279424216765453 
 0,287891617273497 
 0,279424216765453 
 0,270956816257409 
 0,271803556308213 
 0,271803556308213 
 0,237087214225233 
 0,245554614733277 
 0,254868755292125 
 0,254868755292125 
 0,246401354784081 
 0,193903471634208 
 0,193903471634208 
 0,193903471634208 
 0,229466553767993 
 0,229466553767993 
 0,230313293818798 
 0,238780694326842 
 0,212531752751905 
 0,204064352243861 
 0,168501270110076 
 0,177815410668925 
 0,177815410668925 
 0,453005927180356 
 0,585944115156647 
 0,719729043183743 
 0,685012701100762 
 0,685012701100762 
 0,818797629127858 
 0,801016088060965 
 0,890770533446232 
 0,890770533446232 
 0,890770533446232 
 0,891617273497036 
 0,793395427603726 
 0,802709568162574 
 0,883149872988992 
 0,883149872988992 
 0,856054191363251 
 0,8653683319221 
 0,44623200677392 
 0,410668924640135 
 0,544453852667231 
 0,642675698560542 
 0,8653683319221 
 0,597798475867909 
 0,330228619813717 
 0,312447078746825 
 0,312447078746825 
 0,436917866215072 
 0,41913632514818 
 0,267569856054191 
 0,285351397121084 
 0,267569856054191 
 0,267569856054191 
 0,436917866215072 
 0,427603725656224 
 0,427603725656224 
 0,374259102455546 
 0,364944961896698 
 0,373412362404742 
 0,391193903471634 
 0,791701947502117 
 0,729043183742591 
 0,737510584250635 
 0,736663844199831 
 0,745131244707875 
 0,745131244707875 
 0,735817104149026 
 0,735817104149026 
 0,806096528365792 
 0,796782387806943 
 0,795935647756139 
 0,716342082980525 
 0,715495342929721 
 0,714648602878916 
 0,705334462320068 
 0,696020321761219 
 0,237933954276037 
 0,237933954276037 
 0,237087214225233 
 0,237087214225233 
 0,228619813717189 
 0,227773073666384 
 0,227773073666384 
 0,288738357324301 
 0,270956816257409 
 0,270956816257409 
 0,261642675698561 
 0,436071126164268 
 0,38272650296359 
 0,364944961896698 
 0,364944961896698 
 0,398814563928874 
 0,398814563928874 
 0,407281964436918 
 0,389500423370025 
 0,362404741744284 
 0,344623200677392 
 0,344623200677392 
 0,343776460626588 
 0,352243861134632 
 0,334462320067739 
 0,342929720575783 
 0,342082980524979 
 0,367485182049111 
 0,358171041490262 
 0,358171041490262 
 0,34038950042337 
 0,415749364944962 
 0,55969517358171 
 0,812870448772227 
 0,811176968670618 
 0,447078746824725 
 0,454699407281964 
 0,436917866215072 
 0,520745131244708 
 0,352243861134632 
 0,342929720575783 
 0,350550381033023 
 0,366638441998307 
 0,38272650296359 
 0,398814563928874 
 0,397967823878069 
 0,388653683319221 
 0,363251481795089 
 0,35393734123624 
 0,41913632514818 
 0,402201524132091 
 0,376799322607959 
 0,384419983065199 
 0,383573243014395 
 0,365791701947502 
 0,341236240474174 
 0,308213378492803 
 0,298899237933954 
 0,29043183742591 
 0,281964436917866 
 0,248941574936494 
 0,280270956816257 
 0,279424216765453 
 0,287044877222693 
 0,302286198137172 
 0,372565622353937 
 0,387806943268417 
 0,363251481795089 
 0,393734123624047 
 0,400508044030483 
 0,414902624894157 
 0,140558848433531 
 0,132091447925487 
 0,124470787468247 
 0,116003386960203 
 0,131244707874682 
 0,131244707874682 
 0,130397967823878 
 0,115156646909399 
 0,114309906858594 
 0,121930567315834 
 0,143945808636749 
 0,136325148179509 
 0,143099068585944 
 0,150719729043184 
 0,157493649449619 
 0,156646909398815 
 0,178662150719729 
 0,178662150719729 
 0,177815410668925 
 0,169348010160881 
 0,176121930567316 
 0,168501270110076 
 0,167654530059272 
 0,196443691786621 
 0,181202370872142 
 0,187976291278577 
 0,172734970364098 
 0,171888230313294 
 0,193056731583404 
 0,192209991532599 
 0,639288738357324 
 0,643522438611346 
 0,641828958509738 
 0,639288738357324 
 0,552921253175275 
 0,599491955969517 
 0,596951735817104 
 0,615580016934801 
 0,626587637595258 
 0,603725656223539 
 0,594411515664691 
 0,591871295512278 
 0,5961049957663 
 0,586790855207451 
 0,665537679932261 
 0,535139712108383 
 0,539373412362405 
 0,537679932260796 
 0,535139712108383 
 0,539373412362405 
 0,543607112616427 
 0,541066892464014 
 0,512277730736664 
 0,50381033022862 
 0,501270110076207 
 0,492802709568163 
 0,337849280270957 
 0,348856900931414 
 0,347163420829805 
 0,276037256562235 
 0,274343776460627 
 0,229466553767993 
 0,23454699407282 
 0,258255715495343 
 0,244707874682472 
 0,25571549534293 
 0,24809483488569 
 0,23454699407282 
 0,31160033869602 
 0,309906858594412 
 0,337849280270957 
 0,371718882303133 
 0,363251481795089 
 0,314987298899238 
 0,272650296359018 
 0,519051651143099 
 0,372565622353937 
 0,302286198137172 
 0,368331922099915 
 0,388653683319221 
 0,403048264182896 
 0,406435224386113 
 0,4038950042337 
 0,406435224386113 
 0,458933107535986 
 0,466553767993226 
 0,447925486875529 
 0,444538526672312 
 0,53259949195597 
 0,529212531752752 
 0,525825571549534 
 0,521591871295512 
 0,518204911092295 
 0,514817950889077 
 0,511430990685859 
 0,508044030482642 
 0,504657070279424 
 0,500423370025402 
 0,497036409822185 
 0,493649449618967 
 0,490262489415749 
 0,486028789161727 
 0,48264182895851 
 0,479254868755292 
 0,47502116850127 
 0,471634208298052 
 0,468247248094835 
 0,464013547840813 
 0,460626587637595 
 0,457239627434378 
 0,453005927180356 
 0,449618966977138 
 0,423370025402202 
 0,358171041490262 
 0,324301439458086 
 0,321761219305673 
 0,232853513971211 
 0,230313293818798 
 0,215918712955123 
 0,197290431837426 
 0,199830651989839 
 0,209991532599492 
 0,191363251481795 
 0,214225232853514 
 0,208298052497883 
 0,193903471634208 
 0,17696867061812 
 0,166807790008467 
 0,17696867061812 
 0,149026248941575 
 0,165961049957663 
 0,160880609652837 
 0,154953429297206 
 0,153259949195597 
 0,148179508890771 
 0,128704487722269 
 0,162574089754445 
 0,178662150719729 
 0,169348010160881 
 0,177815410668925 
 0,172734970364098 
 0,170194750211685 
 0,14225232853514 
 0,160033869602032 
 0,151566469093988 
 0,146486028789162 
 0,156646909398815 
 0,160880609652837 
 0,174428450465707 
 0,171888230313294 
 0,235393734123624 
 0,20575783234547 
 0,211685012701101 
 9,14479254868755E-02 
 8,72142252328535E-02 
 8,63674851820491E-02 
 7,95935647756139E-02 
 8,38272650296359E-02 
 8,21337849280271E-02 
 7,11261642675699E-02 
 0,133784928027096 
 0,129551227773074 
 0,117696867061812 
 0,132938187976291 
 0,135478408128704 
 0,216765453005927 
 0,212531752751905 
 0,204911092294666 
 0,200677392040644 
 0,179508890770533 
 0,178662150719729 
 0,175275190516511 
 0,191363251481795 
 0,189669771380186 
 0,201524132091448 
 0,19813717188823 
 0,193903471634208 
 0,189669771380186 
 0,186282811176969 
 0,182049110922947 
 0,177815410668925 
 0,174428450465707 
 0,170194750211685 
 0,165961049957663 
 0,162574089754445 
 0,158340389500423 
 0,154106689246401 
 0,150719729043184 
 0,146486028789162 
 0,143099068585944 
 9,48348856900931E-02 
 3,38696020321761E-02 
 2,79424216765453E-02 
 2,70956816257409E-02 
 2,62489415749365E-02 
 2,03217612193057E-02 
 1,94750211685013E-02 
 2,03217612193057E-02 
 1,86282811176969E-02 
 1,60880609652837E-02 
 1,43945808636749E-02 
 0,012701100762066 
 1,18543607112616E-02 
 0,012701100762066 
 1,43945808636749E-02 
 1,60880609652837E-02 
 1,52413209144793E-02 
 1,18543607112616E-02 
 1,10076206604572E-02 
 1,01608806096528E-02 
 1,10076206604572E-02 
 1,10076206604572E-02 
 1,01608806096528E-02 
 9,31414055884843E-03 
 1,01608806096528E-02 
 1,18543607112616E-02 
 1,18543607112616E-02 
 2,03217612193057E-02 
 2,45554614733277E-02 
 2,20152413209145E-02 
 1,01608806096528E-02 
 1,01608806096528E-02 
 1,01608806096528E-02 
 1,10076206604572E-02 
 1,01608806096528E-02 
 9,31414055884843E-03 
 8,46740050804403E-03 
 6,77392040643522E-03 
 5,92718035563082E-03 
 5,08044030482642E-03 
 4,23370025402202E-03 
 3,38696020321761E-03 
 2,54022015241321E-03 
 2,54022015241321E-03 
 1,69348010160881E-03 
 1,69348010160881E-03 
 1,69348010160881E-03 
 8,46740050804403E-04 
 8,46740050804403E-04 
 8,46740050804403E-04 
 8,46740050804403E-04 
 0 
 0 
 0 
 0 
 0 
 0 
 0 
 0 
 0 
 0 
 0 
 0 
 0 
 0 
 0 
 0 
 0 
 0 
 0 
 0 
 0 
 0 
 0 
 0 
 0 
 0 
 0 
 0 
 0 
 0 
 0 
 0 
 0 
 0 
 0 
 0 
 0 
 0 
 0 
 0 
 0 
 0 
 0 
 0 
 0 
 0 
 0 
 0 
 0 
 0 
 0 
 0 
 0 
 0 
 0 
 0 
 0 
 0 
 0 
 0 
 0 
 0 
 0 
 0 
 0 
 0 
 0 
 0 
 0 
 0 
 0 
 0 
 0 
 0 
 0 
 0 
 0 
 0 
 0 
 0 
 0 
 0 
 0 
 0 
 0 
 0 
 0 
 0 
 0 
 0 
 0 
 0 
 0 
 0 
 0 
 0 
 0 
 0 
 0 
 0 
 0 
 0 
 0 
 0 
 0 
 0 
 0 
 0 
 0 
 0 
 0 
 0 
 0 
 0 
 0 
 0 
 0 
 0 
 0 
 0 
 0 
 0 
 0 
 0 
 0 
 0 
 0 
 0 
 0 
 0 
 0 
 0 
 0 
 0 
 0 
 0 
 0 
 0 
 0 
 0 
 0 
 0 
 0 
 0 
 0 
 0 
 0 
 0 
 0 
 0 
 0 
 0 
 0 
 0 
 0 
 0 
 0 
 0 
 0 
 0 
 0 
 0 
 0 
 0 
 0 
 0 
 0 
 0 
 0 
 0 
 0 
 0 
 0 
 0 
 0 
 0 
 0 
 0 
 0 
 0 
 0 
 0 
 0 
 0 
 0 
 0 
 0 
 0 
 0 
 0 
 0 
 0 
 0 
 0 
 0 
 0 
 0 
 0 
 0 
 0 
 0 
 0 
 0 
 0 
 0 
 0 
 0 
 0 
 0 
 0 
 0 
 0 
 0 
 0 
 0 
 0 
 0 
 0 
 0 
 0 
 0 
 0 
 0 
 0 
 0 
 0 
 0 
 0 
 0 
 0 
 0 
 0 
 0 
 0 
 0 
 0 
 0 
 0 
 0 
 0 
 0 
 0 
 0 
 0 
 0 
 0 
 0 
 0 
 0 
 0 
 0 
 0 
 0 
 0 
 0 
 0 
 0 
 0 
 0 
 0 
 0 
 0 
 0 
 0 
 0 
 0 
 0 
 0 
 0 
 0 
 0 
 0 
 0 
 0 
 0 
 0 
 0 
 0 
 0 
 0 
 0 
 0 
 0 
 0 
 0 
 0 
 0 
 0 
 0 
 0 
 0 
 0 
 0 
 0 
 0 
 0 
 0 
 0 
 0 
 0 
 0 
 0 
 0 
 0 
 0 
 0 
 0 
 0 
 0 
 0 
 0 
 0 
 0 
