 0 
 0 
 0 
 0 
 0 
 0 
 0 
 0 
 0 
 0 
 0 
 0 
 0 
 0 
 0 
 0 
 0 
 0 
 0 
 0 
 0 
 0 
 0 
 0 
 0 
 0 
 0 
 0 
 0 
 0 
 0 
 0 
 0 
 0 
 0 
 0 
 0 
 0 
 0 
 0 
 0 
 0 
 0 
 0 
 0 
 0 
 0 
 0 
 0 
 0 
 0 
 0 
 0 
 0 
 0 
 0 
 0 
 0 
 0 
 0 
 0 
 0 
 0 
 0 
 0 
 0 
 0 
 0 
 0 
 0 
 0 
 0 
 0 
 0 
 0 
 0 
 0 
 0 
 0 
 0 
 0 
 0 
 0 
 0 
 0 
 0 
 0 
 0 
 0 
 0 
 0 
 0 
 0 
 0 
 0 
 0 
 0 
 0 
 0 
 0 
 0 
 0 
 0 
 0 
 0 
 0 
 0 
 0 
 0 
 0 
 0 
 0 
 0 
 0 
 0 
 0 
 0 
 0 
 0 
 0 
 0 
 0 
 0 
 0 
 0 
 0 
 0 
 0 
 0 
 0 
 0 
 0 
 0 
 0 
 0 
 0 
 0 
 0 
 0 
 0 
 0 
 0 
 0 
 0 
 0 
 0 
 0 
 0 
 0 
 0 
 0 
 0 
 0 
 0 
 0 
 0 
 0 
 0 
 0 
 0 
 0 
 0 
 0 
 0 
 0 
 0 
 0 
 0 
 0 
 0 
 0 
 0 
 0 
 0 
 0 
 0 
 0 
 0 
 0 
 0 
 0 
 0 
 0 
 0 
 0 
 0 
 0 
 0 
 0 
 0 
 0 
 0 
 0 
 0 
 0 
 0 
 0 
 0 
 0 
 0 
 0 
 0 
 0 
 0 
 0 
 0 
 0 
 0 
 0 
 0 
 0 
 0 
 0 
 0 
 0 
 0 
 0 
 0 
 0 
 0 
 0 
 0 
 0 
 0 
 0 
 0 
 0 
 0 
 0 
 0 
 0 
 0 
 0 
 0 
 0 
 0 
 0 
 0 
 0 
 0 
 0 
 0 
 0 
 0 
 0 
 0 
 0 
 0 
 0 
 0 
 0 
 0 
 0 
 0 
 0 
 0 
 0 
 0 
 0 
 0 
 0 
 0 
 0 
 0 
 0 
 0 
 0 
 0 
 0 
 0 
 0 
 0 
 0 
 0 
 0 
 0 
 0 
 0 
 0 
 0 
 0 
 0 
 0 
 0 
 0 
 0 
 0 
 0 
 0 
 0 
 0 
 0 
 0 
 0 
 0 
 0 
 0 
 0 
 0 
 0 
 0 
 0 
 0 
 0 
 0 
 0 
 0 
 0 
 0 
 0 
 0 
 0 
 0 
 0 
 0 
 0 
 0 
 0 
 0 
 0 
 0 
 0 
 0 
 0 
 0 
 0 
 0 
 0 
 0 
 0 
 0 
 0 
 0 
 0 
 0 
 0 
 0 
 0 
 0 
 0 
 0 
 0 
 0 
 0 
 0 
 0 
 0 
 0 
 0 
 0 
 0 
 0 
 0 
 0 
 0 
 0 
 0 
 0 
 0 
 0 
 0 
 0 
 0 
 0 
 0 
 0 
 0 
 0 
 0 
 0 
 0 
 0 
 0 
 0 
 0 
 0 
 0 
 0 
 0 
 0 
 0 
 0 
 0 
 0 
 0 
 0 
 0 
 0 
 0 
 0 
 0 
 0 
 0 
 0 
 0 
 0 
 0 
 0 
 0 
 0 
 0 
 0 
 0 
 0 
 0 
 0 
 0 
 0 
 0 
 0 
 0 
 0 
 0 
 0 
 0 
 0 
 0 
 0 
 0 
 0 
 0 
 0 
 0 
 0 
 0 
 0 
 0 
 0 
 0 
 0 
 0 
 0 
 0 
 0 
 0 
 8,46740050804403E-04 
 8,46740050804403E-04 
 1,69348010160881E-03 
 1,69348010160881E-03 
 2,54022015241321E-03 
 2,54022015241321E-03 
 3,38696020321761E-03 
 5,08044030482642E-03 
 5,92718035563082E-03 
 7,62066045723963E-03 
 8,46740050804403E-03 
 1,01608806096528E-02 
 1,18543607112616E-02 
 1,35478408128704E-02 
 1,86282811176969E-02 
 2,11685012701101E-02 
 2,28619813717189E-02 
 2,54022015241321E-02 
 2,79424216765453E-02 
 3,04826418289585E-02 
 3,30228619813717E-02 
 3,55630821337849E-02 
 3,89500423370025E-02 
 4,14902624894158E-02 
 0,044030482641829 
 4,74174428450466E-02 
 4,99576629974598E-02 
 5,33446232006774E-02 
 0,056731583403895 
 5,92718035563082E-02 
 6,26587637595258E-02 
 6,60457239627434E-02 
 0,069432684165961 
 7,28196443691787E-02 
 7,62066045723963E-02 
 7,95935647756139E-02 
 8,29805249788315E-02 
 8,63674851820491E-02 
 9,06011854360711E-02 
 9,39881456392887E-02 
 6,35055038103302E-02 
 5,33446232006774E-02 
 5,33446232006774E-02 
 5,33446232006774E-02 
 8,72142252328535E-02 
 9,06011854360711E-02 
 0,104149026248942 
 0,107535986452159 
 0,110922946655377 
 9,56816257408975E-02 
 9,82218458933107E-02 
 0,117696867061812 
 9,14479254868755E-02 
 9,48348856900931E-02 
 0,100762066045724 
 8,80609652836579E-02 
 0,102455546147333 
 8,72142252328535E-02 
 9,90685859441152E-02 
 0,150719729043184 
 0,158340389500423 
 0,165114309906859 
 0,174428450465707 
 0,179508890770533 
 0,182049110922947 
 0,187976291278577 
 0,189669771380186 
 0,201524132091448 
 0,20575783234547 
 0,209144792548688 
 0,21337849280271 
 0,204064352243861 
 0,159187129551228 
 0,162574089754445 
 0,167654530059272 
 0,156646909398815 
 0,232853513971211 
 0,241320914479255 
 0,245554614733277 
 0,249788314987299 
 0,253175275190517 
 0,257408975444539 
 0,261642675698561 
 0,265876375952583 
 0,2692633361558 
 0,273497036409822 
 0,277730736663844 
 0,281964436917866 
 0,285351397121084 
 0,289585097375106 
 0,293818797629128 
 0,29805249788315 
 0,301439458086367 
 0,305673158340389 
 0,309906858594412 
 0,313293818797629 
 0,317527519051651 
 0,138018628281118 
 0,149872988992379 
 0,158340389500423 
 0,156646909398815 
 0,168501270110076 
 0,146486028789162 
 0,141405588484335 
 0,108382726502964 
 0,109229466553768 
 0,110922946655377 
 0,111769686706181 
 0,11346316680779 
 0,17696867061812 
 0,175275190516511 
 0,192209991532599 
 0,16342082980525 
 0,154106689246401 
 0,139712108382726 
 0,153259949195597 
 0,162574089754445 
 0,387806943268417 
 0,237933954276037 
 0,24047417442845 
 0,243014394580864 
 0,248941574936494 
 0,27688399661304 
 0,401354784081287 
 0,426756985605419 
 0,425910245554615 
 0,412362404741744 
 0,393734123624047 
 0,370872142252329 
 0,38272650296359 
 0,39034716342083 
 0,407281964436918 
 0,401354784081287 
 0,400508044030483 
 0,413209144792549 
 0,41151566469094 
 0,24047417442845 
 0,237087214225233 
 0,239627434377646 
 0,241320914479255 
 0,237933954276037 
 0,239627434377646 
 0,241320914479255 
 0,253175275190517 
 0,380186282811177 
 0,322607959356478 
 0,320067739204064 
 0,281117696867062 
 0,406435224386113 
 0,315834038950042 
 0,193056731583404 
 0,178662150719729 
 0,148179508890771 
 0,143945808636749 
 0,138865368331922 
 0,161727349703641 
 0,141405588484335 
 0,120237087214225 
 0,132091447925487 
 0,154953429297206 
 0,144792548687553 
 0,156646909398815 
 0,16342082980525 
 0,158340389500423 
 0,176121930567316 
 0,177815410668925 
 0,178662150719729 
 0,301439458086367 
 0,291278577476715 
 0,398814563928874 
 0,247248094834886 
 0,248941574936494 
 0,232006773920406 
 0,239627434377646 
 0,23454699407282 
 0,211685012701101 
 0,212531752751905 
 0,214225232853514 
 0,307366638441998 
 0,265876375952583 
 0,273497036409822 
 0,218458933107536 
 0,21930567315834 
 0,22692633361558 
 0,24047417442845 
 0,235393734123624 
 0,300592718035563 
 0,308213378492803 
 0,303132938187976 
 0,304826418289585 
 0,188823031329382 
 0,189669771380186 
 0,183742591024555 
 0,18458933107536 
 0,178662150719729 
 0,186282811176969 
 0,193903471634208 
 0,215071972904318 
 0,202370872142252 
 0,189669771380186 
 0,210838272650296 
 0,211685012701101 
 0,212531752751905 
 0,296359017781541 
 0,297205757832345 
 0,291278577476715 
 0,292125317527519 
 0,287044877222693 
 0,301439458086367 
 0,309906858594412 
 0,282811176968671 
 0,283657917019475 
 0,277730736663844 
 0,199830651989839 
 0,193903471634208 
 0,194750211685013 
 0,173581710414903 
 0,166807790008467 
 0,160033869602032 
 0,160880609652837 
 0,160880609652837 
 0,169348010160881 
 0,169348010160881 
 0,177815410668925 
 0,185436071126164 
 0,171041490262489 
 0,171888230313294 
 0,179508890770533 
 0,180355630821338 
 0,196443691786621 
 0,196443691786621 
 0,189669771380186 
 0,167654530059272 
 0,190516511430991 
 0,183742591024555 
 0,192209991532599 
 0,223539373412362 
 0,223539373412362 
 0,216765453005927 
 0,217612193056732 
 0,16342082980525 
 0,15580016934801 
 0,149026248941575 
 0,156646909398815 
 0,165114309906859 
 0,21337849280271 
 0,20575783234547 
 0,237933954276037 
 0,262489415749365 
 0,262489415749365 
 0,263336155800169 
 0,375952582557155 
 0,360711261642676 
 0,36155800169348 
 0,362404741744284 
 0,355630821337849 
 0,372565622353937 
 0,373412362404742 
 0,569009314140559 
 0,579170194750212 
 0,629127857747671 
 0,622353937341236 
 0,623200677392041 
 0,624894157493649 
 0,683319220999153 
 0,685012701100762 
 0,686706181202371 
 0,696020321761219 
 0,689246401354784 
 0,690093141405589 
 0,641828958509738 
 0,634208298052498 
 0,627434377646063 
 0,645215918712955 
 0,738357324301439 
 0,72311600338696 
 0,723962743437765 
 0,843353090601185 
 0,845046570702794 
 0,846740050804403 
 0,847586790855207 
 0,849280270956816 
 0,850127011007621 
 0,851820491109229 
 0,852667231160034 
 0,854360711261643 
 0,855207451312447 
 0,856900931414056 
 0,85774767146486 
 0,790008467400508 
 0,610499576629975 
 0,619813717188823 
 0,612193056731583 
 0,604572396274344 
 0,55376799322608 
 0,519051651143099 
 0,528365791701948 
 0,546994072819644 
 0,425910245554615 
 0,443691786621507 
 0,418289585097375 
 0,401354784081287 
 0,383573243014395 
 0,401354784081287 
 0,664690939881456 
 0,682472480948349 
 0,683319220999153 
 0,684165961049958 
 0,684165961049958 
 0,535986452159187 
 0,527519051651143 
 0,527519051651143 
 0,396274343776461 
 0,405588484335309 
 0,414902624894157 
 0,414902624894157 
 0,582557154953429 
 0,830651989839119 
 0,424216765453006 
 0,415749364944962 
 0,265876375952583 
 0,265876375952583 
 0,257408975444539 
 0,265876375952583 
 0,283657917019475 
 0,568162574089754 
 0,550381033022862 
 0,586790855207451 
 0,551227773073666 
 0,45385266723116 
 0,408975444538527 
 0,392040643522439 
 0,374259102455546 
 0,38272650296359 
 0,38272650296359 
 0,285351397121084 
 0,65961049957663 
 0,686706181202371 
 0,615580016934801 
 0,436917866215072 
 0,410668924640135 
 0,392887383573243 
 0,392887383573243 
 0,375105842506351 
 0,383573243014395 
 0,383573243014395 
 0,375105842506351 
 0,357324301439458 
 0,339542760372566 
 0,365791701947502 
 0,365791701947502 
 0,365791701947502 
 0,365791701947502 
 0,508044030482642 
 0,580016934801016 
 0,677392040643522 
 0,722269263336156 
 0,712955122777307 
 0,756985605419136 
 0,748518204911092 
 0,676545300592718 
 0,668077900084674 
 0,560541913632515 
 0,542760372565622 
 0,471634208298052 
 0,488569009314141 
 0,515664690939881 
 0,524132091447925 
 0,53259949195597 
 0,514817950889077 
 0,513971210838273 
 0,337002540220152 
 0,327688399661304 
 0,327688399661304 
 0,3268416596105 
 0,3268416596105 
 0,3268416596105 
 0,335309060118544 
 0,343776460626588 
 0,335309060118544 
 0,343776460626588 
 0,342929720575783 
 0,351397121083827 
 0,36917866215072 
 0,359864521591871 
 0,350550381033023 
 0,342082980524979 
 0,349703640982218 
 0,297205757832345 
 0,270956816257409 
 0,279424216765453 
 0,261642675698561 
 0,252328535139712 
 0,278577476714649 
 0,277730736663844 
 0,286198137171888 
 0,286198137171888 
 0,294665537679932 
 0,328535139712108 
 0,337002540220152 
 0,405588484335309 
 0,48264182895851 
 0,602032176121931 
 0,386960203217612 
 0,377646062658764 
 0,24809483488569 
 0,239627434377646 
 0,281964436917866 
 0,298899237933954 
 0,281117696867062 
 0,246401354784081 
 0,246401354784081 
 0,270956816257409 
 0,296359017781541 
 0,337849280270957 
 0,362404741744284 
 0,345469940728196 
 0,294665537679932 
 0,251481795088908 
 0,268416596104996 
 0,250635055038103 
 0,259102455546147 
 0,283657917019475 
 0,282811176968671 
 0,323454699407282 
 0,314987298899238 
 0,314140558848434 
 0,602878916172735 
 0,453005927180356 
 0,436071126164268 
 0,500423370025402 
 0,491109229466554 
 0,42506350550381 
 0,359017781541067 
 0,38272650296359 
 0,519898391193903 
 0,210838272650296 
 0,218458933107536 
 0,226079593564776 
 0,225232853513971 
 0,224386113463167 
 0,208298052497883 
 0,223539373412362 
 0,231160033869602 
 0,238780694326842 
 0,221845893310754 
 0,245554614733277 
 0,252328535139712 
 0,259949195596952 
 0,266723116003387 
 0,265876375952583 
 0,265876375952583 
 0,272650296359018 
 0,318374259102456 
 0,286198137171888 
 0,309060118543607 
 0,292972057578323 
 0,591024555461473 
 0,596951735817104 
 0,549534292972058 
 0,540220152413209 
 0,599491955969517 
 0,597798475867909 
 0,5961049957663 
 0,594411515664691 
 0,592718035563082 
 0,590177815410669 
 0,58848433530906 
 0,519898391193903 
 0,525825571549534 
 0,5385266723116 
 0,544453852667231 
 0,43268416596105 
 0,408975444538527 
 0,407281964436918 
 0,406435224386113 
 0,404741744284505 
 0,374259102455546 
 0,373412362404742 
 0,522438611346317 
 0,556308213378493 
 0,55376799322608 
 0,601185436071126 
 0,613039796782388 
 0,610499576629975 
 0,650296359017781 
 0,640982218458933 
 0,624894157493649 
 0,594411515664691 
 0,591871295512278 
 0,590177815410669 
 0,614733276883997 
 0,585097375105842 
 0,575783234546994 
 0,593564775613887 
 0,591024555461473 
 0,602032176121931 
 0,592718035563082 
 0,590177815410669 
 0,58086367485182 
 0,53259949195597 
 0,530059271803556 
 0,508044030482642 
 0,506350550381033 
 0,50381033022862 
 0,366638441998307 
 0,364944961896698 
 0,414055884843353 
 0,36155800169348 
 0,334462320067739 
 0,364098221845893 
 0,368331922099915 
 0,379339542760373 
 0,376799322607959 
 0,442845046570703 
 0,385266723116003 
 0,608806096528366 
 0,605419136325148 
 0,602032176121931 
 0,599491955969517 
 0,5961049957663 
 0,592718035563082 
 0,589331075359865 
 0,498729889923793 
 0,454699407281964 
 0,452159187129551 
 0,455546147332769 
 0,453005927180356 
 0,450465707027942 
 0,447925486875529 
 0,439458086367485 
 0,436917866215072 
 0,4614733276884 
 0,425910245554615 
 0,280270956816257 
 0,278577476714649 
 0,314987298899238 
 0,22692633361558 
 0,17696867061812 
 0,176121930567316 
 0,169348010160881 
 0,157493649449619 
 0,156646909398815 
 0,1346316680779 
 0,133784928027096 
 0,138018628281118 
 0,14225232853514 
 0,126164267569856 
 0,110076206604572 
 0,104149026248942 
 0,103302286198137 
 0,107535986452159 
 0,102455546147333 
 0,10584250635055 
 0,100762066045724 
 9,99153259949196E-02 
 0,104149026248942 
 0,107535986452159 
 9,73751058425063E-02 
 9,22946655376799E-02 
 0,104995766299746 
 0,104149026248942 
 9,48348856900931E-02 
 9,39881456392887E-02 
 0,10584250635055 
 0,114309906858594 
 0,108382726502964 
 0,111769686706181 
 0,110922946655377 
 0,114309906858594 
 0,117696867061812 
 0,108382726502964 
 0,106689246401355 
 0,146486028789162 
 0,149872988992379 
 0,148179508890771 
 0,143099068585944 
 0,133784928027096 
 0,139712108382726 
 0,1346316680779 
 0,129551227773074 
 0,132091447925487 
 0,12701100762066 
 0,125317527519052 
 0,124470787468247 
 0,119390347163421 
 0,250635055038103 
 0,251481795088908 
 0,297205757832345 
 0,214225232853514 
 0,225232853513971 
 0,212531752751905 
 0,283657917019475 
 0,280270956816257 
 0,27688399661304 
 0,273497036409822 
 0,292972057578323 
 0,314140558848434 
 0,309906858594412 
 0,306519898391194 
 0,302286198137172 
 0,29805249788315 
 0,293818797629128 
 0,29043183742591 
 0,286198137171888 
 0,281964436917866 
 0,277730736663844 
 0,274343776460627 
 0,270110076206605 
 0,265876375952583 
 0,262489415749365 
 0,258255715495343 
 0,254022015241321 
 0,249788314987299 
 0,246401354784081 
 0,242167654530059 
 0,237933954276037 
 0,233700254022015 
 0,230313293818798 
 0,226079593564776 
 0,221845893310754 
 0,217612193056732 
 0,214225232853514 
 0,209991532599492 
 0,20575783234547 
 0,201524132091448 
 0,19813717188823 
 0,193903471634208 
 0,189669771380186 
 0,186282811176969 
 0,165961049957663 
 0,161727349703641 
 0,160033869602032 
 0,156646909398815 
 0,154953429297206 
 0,152413209144793 
 0,150719729043184 
 0,146486028789162 
 0,144792548687553 
 0,14225232853514 
 0,143099068585944 
 0,138865368331922 
 0,135478408128704 
 0,131244707874682 
 0,127857747671465 
 0,123624047417443 
 0,120237087214225 
 0,116003386960203 
 0,112616426756986 
 0,109229466553768 
 0,104995766299746 
 0,101608806096528 
 8,97544453852667E-02 
 8,63674851820491E-02 
 8,46740050804403E-02 
 8,72142252328535E-02 
 8,38272650296359E-02 
 8,04403048264183E-02 
 7,70533446232007E-02 
 7,36663844199831E-02 
 7,02794242167655E-02 
 6,68924640135478E-02 
 6,35055038103302E-02 
 6,01185436071126E-02 
 0,056731583403895 
 5,41913632514818E-02 
 4,91109229466554E-02 
 0,044030482641829 
 3,81033022861981E-02 
 3,55630821337849E-02 
 3,38696020321761E-02 
 2,87891617273497E-02 
 2,11685012701101E-02 
 1,86282811176969E-02 
 1,18543607112616E-02 
 1,01608806096528E-02 
 9,31414055884843E-03 
 8,46740050804403E-03 
 6,77392040643522E-03 
 5,08044030482642E-03 
 5,08044030482642E-03 
 4,23370025402202E-03 
 3,38696020321761E-03 
 2,54022015241321E-03 
 2,54022015241321E-03 
 2,54022015241321E-03 
 2,54022015241321E-03 
 1,69348010160881E-03 
 1,69348010160881E-03 
 8,46740050804403E-04 
 8,46740050804403E-04 
 8,46740050804403E-04 
 0 
 0 
 0 
 0 
 0 
 0 
 0 
 0 
 0 
 0 
 0 
 0 
 0 
 0 
 0 
 0 
 0 
 0 
 0 
 0 
 0 
 0 
 0 
 0 
 0 
 0 
 0 
 0 
 0 
 0 
 0 
 0 
 0 
 0 
 0 
 0 
 0 
 0 
 0 
 0 
 0 
 0 
 0 
 0 
 0 
 0 
 0 
 0 
 0 
 0 
 0 
 0 
 0 
 0 
 0 
 0 
 0 
 0 
 0 
 0 
 0 
 0 
 0 
 0 
 0 
 0 
 0 
 0 
 0 
 0 
 0 
 0 
 0 
 0 
 0 
 0 
 0 
 0 
 0 
 0 
 0 
 0 
 0 
 0 
 0 
 0 
 0 
 0 
 0 
 0 
 0 
 0 
 0 
 0 
 0 
 0 
 0 
 0 
 0 
 0 
 0 
 0 
 0 
 0 
 0 
 0 
 0 
 0 
 0 
 0 
 0 
 0 
 0 
 0 
 0 
 0 
 0 
 0 
 0 
 0 
 0 
 0 
 0 
 0 
 0 
 0 
 0 
 0 
 0 
 0 
 0 
 0 
 0 
 0 
 0 
 0 
 0 
 0 
 0 
 0 
 0 
 0 
 0 
 0 
 0 
 0 
 0 
 0 
 0 
 0 
 0 
 0 
 0 
 0 
 0 
 0 
 0 
 0 
 0 
 0 
 0 
 0 
 0 
 0 
 0 
 0 
 0 
 0 
 0 
 0 
 0 
 0 
 0 
 0 
 0 
 0 
 0 
 0 
 0 
 0 
 0 
 0 
 0 
 0 
 0 
 0 
 0 
 0 
 0 
 0 
 0 
 0 
 0 
 0 
 0 
 0 
 0 
 0 
 0 
 0 
 0 
 0 
 0 
 0 
 0 
 0 
 0 
 0 
 0 
 0 
 0 
 0 
 0 
 0 
 0 
 0 
 0 
 0 
 0 
 0 
 0 
 0 
 0 
 0 
 0 
 0 
 0 
 0 
 0 
 0 
 0 
 0 
 0 
 0 
 0 
 0 
 0 
 0 
 0 
 0 
 0 
 0 
 0 
 0 
 0 
 0 
 0 
 0 
 0 
 0 
 0 
 0 
 0 
 0 
 0 
 0 
 0 
 0 
 0 
 0 
 0 
 0 
 0 
 0 
 0 
 0 
 0 
 0 
 0 
 0 
 0 
 0 
 0 
 0 
 0 
 0 
 0 
 0 
 0 
 0 
 0 
 0 
 0 
 0 
 0 
 0 
 0 
 0 
 0 
 0 
 0 
 0 
 0 
 0 
 0 
 0 
 0 
 0 
 0 
 0 
 0 
 0 
 0 
 0 
 0 
 0 
 0 
 0 
 0 
 0 
 0 
 0 
 0 
