 0 
 0 
 0 
 0 
 0 
 0 
 0 
 0 
 0 
 0 
 0 
 0 
 0 
 0 
 0 
 0 
 0 
 0 
 0 
 0 
 0 
 0 
 0 
 0 
 0 
 0 
 0 
 0 
 0 
 0 
 0 
 0 
 0 
 0 
 0 
 0 
 0 
 0 
 0 
 0 
 0 
 0 
 0 
 0 
 0 
 0 
 0 
 0 
 0 
 0 
 0 
 0 
 0 
 0 
 0 
 0 
 0 
 0 
 0 
 0 
 0 
 0 
 0 
 0 
 0 
 0 
 0 
 0 
 0 
 0 
 0 
 0 
 0 
 0 
 0 
 0 
 0 
 0 
 0 
 0 
 0 
 0 
 0 
 0 
 0 
 0 
 0 
 0 
 0 
 0 
 0 
 0 
 0 
 0 
 0 
 0 
 0 
 0 
 0 
 0 
 0 
 0 
 0 
 0 
 0 
 0 
 0 
 0 
 0 
 0 
 0 
 0 
 0 
 0 
 0 
 0 
 0 
 0 
 0 
 0 
 0 
 0 
 0 
 0 
 0 
 0 
 0 
 0 
 0 
 0 
 0 
 0 
 0 
 0 
 0 
 0 
 0 
 0 
 0 
 0 
 0 
 0 
 0 
 0 
 0 
 0 
 0 
 0 
 0 
 0 
 0 
 0 
 0 
 0 
 0 
 0 
 0 
 0 
 0 
 0 
 0 
 0 
 0 
 0 
 0 
 0 
 0 
 0 
 0 
 0 
 0 
 0 
 0 
 0 
 0 
 0 
 0 
 0 
 0 
 0 
 0 
 0 
 0 
 0 
 0 
 0 
 0 
 0 
 0 
 0 
 0 
 0 
 0 
 0 
 0 
 0 
 0 
 0 
 0 
 0 
 0 
 0 
 0 
 0 
 0 
 0 
 0 
 0 
 0 
 0 
 0 
 0 
 0 
 0 
 0 
 0 
 0 
 0 
 0 
 0 
 0 
 0 
 0 
 0 
 0 
 0 
 0 
 0 
 0 
 0 
 0 
 0 
 0 
 0 
 0 
 0 
 0 
 0 
 0 
 0 
 0 
 0 
 0 
 0 
 0 
 0 
 0 
 0 
 0 
 0 
 0 
 0 
 0 
 0 
 0 
 0 
 0 
 0 
 0 
 0 
 0 
 0 
 0 
 0 
 0 
 0 
 0 
 0 
 0 
 0 
 0 
 0 
 0 
 0 
 0 
 0 
 0 
 0 
 0 
 0 
 0 
 0 
 0 
 0 
 0 
 0 
 0 
 0 
 0 
 0 
 0 
 0 
 0 
 0 
 0 
 0 
 0 
 0 
 0 
 0 
 0 
 0 
 0 
 0 
 0 
 0 
 0 
 0 
 0 
 0 
 0 
 0 
 0 
 0 
 0 
 0 
 0 
 0 
 0 
 0 
 0 
 0 
 0 
 0 
 0 
 0 
 0 
 0 
 0 
 0 
 0 
 0 
 0 
 0 
 0 
 0 
 0 
 0 
 0 
 0 
 0 
 0 
 0 
 0 
 0 
 0 
 0 
 0 
 0 
 0 
 0 
 0 
 0 
 0 
 0 
 0 
 0 
 0 
 0 
 0 
 0 
 0 
 0 
 0 
 0 
 0 
 0 
 0 
 0 
 0 
 0 
 0 
 0 
 0 
 0 
 0 
 0 
 0 
 0 
 0 
 0 
 0 
 0 
 0 
 0 
 0 
 0 
 0 
 0 
 0 
 0 
 0 
 0 
 0 
 0 
 0 
 0 
 0 
 0 
 0 
 0 
 0 
 0 
 0 
 0 
 0 
 0 
 0 
 0 
 0 
 0 
 0 
 0 
 0 
 0 
 0 
 0 
 0 
 0 
 0 
 0 
 0 
 0 
 0 
 0 
 0 
 0 
 0 
 0 
 0 
 0 
 0 
 0 
 0 
 8,46740050804403E-04 
 8,46740050804403E-04 
 8,46740050804403E-04 
 1,69348010160881E-03 
 1,69348010160881E-03 
 1,69348010160881E-03 
 2,54022015241321E-03 
 2,54022015241321E-03 
 3,38696020321761E-03 
 4,23370025402202E-03 
 5,92718035563082E-03 
 4,23370025402202E-03 
 4,23370025402202E-03 
 4,23370025402202E-03 
 8,46740050804403E-03 
 1,18543607112616E-02 
 1,35478408128704E-02 
 1,52413209144793E-02 
 1,86282811176969E-02 
 2,45554614733277E-02 
 2,62489415749365E-02 
 3,04826418289585E-02 
 3,04826418289585E-02 
 3,38696020321761E-02 
 3,47163420829805E-02 
 3,64098221845893E-02 
 3,72565622353937E-02 
 3,89500423370025E-02 
 4,23370025402202E-02 
 4,48772226926334E-02 
 4,74174428450466E-02 
 4,99576629974598E-02 
 5,33446232006774E-02 
 2,20152413209145E-02 
 2,37087214225233E-02 
 3,64098221845893E-02 
 3,55630821337849E-02 
 3,72565622353937E-02 
 4,48772226926334E-02 
 2,70956816257409E-02 
 2,70956816257409E-02 
 2,79424216765453E-02 
 5,41913632514818E-02 
 0,065198983911939 
 6,68924640135478E-02 
 3,21761219305673E-02 
 3,38696020321761E-02 
 3,47163420829805E-02 
 3,47163420829805E-02 
 3,55630821337849E-02 
 3,89500423370025E-02 
 4,06435224386113E-02 
 4,31837425910246E-02 
 4,65707027942422E-02 
 0,048264182895851 
 6,01185436071126E-02 
 5,84250635055038E-02 
 7,70533446232007E-02 
 8,21337849280271E-02 
 9,48348856900931E-02 
 0,069432684165961 
 7,45131244707875E-02 
 7,45131244707875E-02 
 6,68924640135478E-02 
 5,92718035563082E-02 
 0,056731583403895 
 5,58848433530906E-02 
 5,75783234546994E-02 
 5,84250635055038E-02 
 5,75783234546994E-02 
 0,106689246401355 
 0,127857747671465 
 9,99153259949196E-02 
 8,63674851820491E-02 
 9,48348856900931E-02 
 0,114309906858594 
 0,116850127011008 
 0,118543607112616 
 0,122777307366638 
 0,127857747671465 
 0,194750211685013 
 0,172734970364098 
 0,126164267569856 
 0,133784928027096 
 0,130397967823878 
 0,132091447925487 
 0,126164267569856 
 0,125317527519052 
 0,12701100762066 
 0,125317527519052 
 0,121930567315834 
 0,123624047417443 
 0,121930567315834 
 0,117696867061812 
 0,119390347163421 
 0,132938187976291 
 0,128704487722269 
 0,276037256562235 
 0,282811176968671 
 0,286198137171888 
 0,299745977984759 
 0,333615580016935 
 0,337849280270957 
 0,341236240474174 
 0,345469940728196 
 0,348856900931414 
 0,353090601185436 
 0,357324301439458 
 0,360711261642676 
 0,364944961896698 
 0,36917866215072 
 0,372565622353937 
 0,376799322607959 
 0,380186282811177 
 0,249788314987299 
 0,154953429297206 
 0,160880609652837 
 0,174428450465707 
 0,183742591024555 
 0,226079593564776 
 0,232006773920406 
 0,308213378492803 
 0,286198137171888 
 0,21337849280271 
 0,203217612193057 
 0,217612193056732 
 0,223539373412362 
 0,238780694326842 
 0,236240474174428 
 0,256562235393734 
 0,276037256562235 
 0,274343776460627 
 0,212531752751905 
 0,21930567315834 
 0,211685012701101 
 0,204064352243861 
 0,20575783234547 
 0,202370872142252 
 0,209144792548688 
 0,20575783234547 
 0,202370872142252 
 0,21337849280271 
 0,215071972904318 
 0,246401354784081 
 0,164267569856054 
 0,419983065198984 
 0,413209144792549 
 0,430990685859441 
 0,439458086367485 
 0,436917866215072 
 0,466553767993226 
 0,469093988145639 
 0,472480948348857 
 0,523285351397121 
 0,500423370025402 
 0,513971210838273 
 0,51735817104149 
 0,36917866215072 
 0,47502116850127 
 0,477561388653683 
 0,364944961896698 
 0,378492802709568 
 0,408128704487722 
 0,405588484335309 
 0,447078746824725 
 0,455546147332769 
 0,458086367485182 
 0,460626587637595 
 0,463166807790008 
 0,465707027942422 
 0,474174428450466 
 0,477561388653683 
 0,480101608806097 
 0,506350550381033 
 0,502963590177815 
 0,505503810330229 
 0,563082133784928 
 0,565622353937341 
 0,525825571549534 
 0,535139712108383 
 0,537679932260796 
 0,540220152413209 
 0,561388653683319 
 0,545300592718036 
 0,554614733276884 
 0,557154953429297 
 0,566469093988146 
 0,556308213378493 
 0,552074513124471 
 0,561388653683319 
 0,557154953429297 
 0,546994072819644 
 0,549534292972058 
 0,558848433530906 
 0,554614733276884 
 0,377646062658764 
 0,55969517358171 
 0,487722269263336 
 0,490262489415749 
 0,54614733276884 
 0,535139712108383 
 0,536833192209991 
 0,539373412362405 
 0,541913632514818 
 0,550381033022862 
 0,54614733276884 
 0,562235393734124 
 0,563928873835732 
 0,552074513124471 
 0,554614733276884 
 0,556308213378493 
 0,572396274343776 
 0,568162574089754 
 0,563082133784928 
 0,564775613886537 
 0,58848433530906 
 0,590177815410669 
 0,613886536833192 
 0,608806096528366 
 0,618120237087214 
 0,598645215918713 
 0,601185436071126 
 0,632514817950889 
 0,634208298052498 
 0,636748518204911 
 0,63082133784928 
 0,670618120237087 
 0,679932260795936 
 0,65198983911939 
 0,639288738357324 
 0,625740897544454 
 0,756138865368332 
 0,758679085520745 
 0,761219305673158 
 0,762912785774767 
 0,76545300592718 
 0,767993226079594 
 0,769686706181202 
 0,772226926333616 
 0,773920406435224 
 0,683319220999153 
 0,716342082980525 
 0,718035563082134 
 0,728196443691787 
 0,651143099068586 
 0,637595258255716 
 0,615580016934801 
 0,608806096528366 
 0,737510584250635 
 0,643522438611346 
 0,645215918712955 
 0,654530059271804 
 0,672311600338696 
 0,681625740897544 
 0,683319220999153 
 0,693480101608806 
 0,622353937341236 
 0,623200677392041 
 0,584250635055038 
 0,66723116003387 
 0,668077900084674 
 0,678238780694327 
 0,687552921253175 
 0,729889923793395 
 0,731583403895004 
 0,55969517358171 
 0,635901778154107 
 0,661303979678239 
 0,513971210838273 
 0,456392887383573 
 0,524132091447925 
 0,516511430990686 
 0,551227773073666 
 0,718882303132938 
 0,837425910245555 
 0,839119390347163 
 0,840812870448772 
 0,842506350550381 
 0,843353090601185 
 0,845046570702794 
 0,846740050804403 
 0,847586790855207 
 0,849280270956816 
 0,850127011007621 
 0,851820491109229 
 0,852667231160034 
 0,854360711261643 
 0,855207451312447 
 0,856900931414056 
 0,85774767146486 
 0,859441151566469 
 0,860287891617273 
 0,861134631668078 
 0,862828111769687 
 0,863674851820491 
 0,864521591871296 
 0,8653683319221 
 0,867061812023709 
 0,867908552074513 
 0,868755292125318 
 0,869602032176122 
 0,670618120237087 
 0,671464860287892 
 0,697713801862828 
 0,698560541913632 
 0,707874682472481 
 0,708721422523285 
 0,701100762066046 
 0,657917019475021 
 0,552921253175275 
 0,632514817950889 
 0,571549534292972 
 0,571549534292972 
 0,642675698560542 
 0,669771380186283 
 0,679085520745131 
 0,732430143945809 
 0,715495342929721 
 0,751058425063506 
 0,75190516511431 
 0,796782387806943 
 0,806096528365792 
 0,806096528365792 
 0,63844199830652 
 0,665537679932261 
 0,558848433530906 
 0,568162574089754 
 0,595258255715495 
 0,613039796782388 
 0,347163420829805 
 0,355630821337849 
 0,355630821337849 
 0,356477561388654 
 0,374259102455546 
 0,409822184589331 
 0,392040643522439 
 0,525825571549534 
 0,525825571549534 
 0,481795088907705 
 0,51735817104149 
 0,562235393734124 
 0,552921253175275 
 0,267569856054191 
 0,267569856054191 
 0,214225232853514 
 0,223539373412362 
 0,241320914479255 
 0,241320914479255 
 0,259102455546147 
 0,259102455546147 
 0,259102455546147 
 0,249788314987299 
 0,259102455546147 
 0,259102455546147 
 0,267569856054191 
 0,633361558001693 
 0,624047417442845 
 0,472480948348857 
 0,543607112616427 
 0,534292972057578 
 0,508044030482642 
 0,498729889923793 
 0,498729889923793 
 0,542760372565622 
 0,551227773073666 
 0,720575783234547 
 0,399661303979678 
 0,399661303979678 
 0,577476714648603 
 0,558848433530906 
 0,736663844199831 
 0,735817104149026 
 0,735817104149026 
 0,734970364098222 
 0,681625740897544 
 0,672311600338696 
 0,671464860287892 
 0,839119390347163 
 0,847586790855207 
 0,828958509737511 
 0,837425910245555 
 0,801016088060965 
 0,773920406435224 
 0,545300592718036 
 0,36917866215072 
 0,351397121083827 
 0,359864521591871 
 0,534292972057578 
 0,393734123624047 
 0,367485182049111 
 0,323454699407282 
 0,322607959356478 
 0,383573243014395 
 0,400508044030483 
 0,38272650296359 
 0,381879762912786 
 0,364098221845893 
 0,355630821337849 
 0,294665537679932 
 0,293818797629128 
 0,47502116850127 
 0,465707027942422 
 0,430990685859441 
 0,421676545300593 
 0,420829805249788 
 0,712108382726503 
 0,69432684165961 
 0,692633361558002 
 0,649449618966977 
 0,793395427603726 
 0,809483488569009 
 0,816257408975445 
 0,806943268416596 
 0,830651989839119 
 0,829805249788315 
 0,718035563082134 
 0,75952582557155 
 0,749364944961897 
 0,773920406435224 
 0,763759525825571 
 0,762912785774767 
 0,83657917019475 
 0,834885690093141 
 0,833192209991533 
 0,832345469940728 
 0,830651989839119 
 0,828958509737511 
 0,827265029635902 
 0,825571549534293 
 0,823878069432684 
 0,822184589331075 
 0,722269263336156 
 0,704487722269263 
 0,727349703640982 
 0,725656223539373 
 0,651143099068586 
 0,674005080440305 
 0,672311600338696 
 0,662997459779848 
 0,668924640135478 
 0,65961049957663 
 0,666384419983065 
 0,672311600338696 
 0,271803556308213 
 0,270956816257409 
 0,254022015241321 
 0,214225232853514 
 0,20575783234547 
 0,21337849280271 
 0,141405588484335 
 0,156646909398815 
 0,164267569856054 
 0,171888230313294 
 0,16342082980525 
 0,16342082980525 
 0,162574089754445 
 0,162574089754445 
 0,161727349703641 
 0,192209991532599 
 0,191363251481795 
 0,190516511430991 
 0,220999153259949 
 0,227773073666384 
 0,21930567315834 
 0,204064352243861 
 0,24809483488569 
 0,239627434377646 
 0,238780694326842 
 0,268416596104996 
 0,297205757832345 
 0,288738357324301 
 0,280270956816257 
 0,265029635901778 
 0,264182895850974 
 0,445385266723116 
 0,451312447078747 
 0,377646062658764 
 0,39034716342083 
 0,223539373412362 
 0,222692633361558 
 0,228619813717189 
 0,220999153259949 
 0,21337849280271 
 0,204911092294666 
 0,197290431837426 
 0,196443691786621 
 0,203217612193057 
 0,187976291278577 
 0,152413209144793 
 0,186282811176969 
 0,206604572396274 
 0,20575783234547 
 0,225232853513971 
 0,231160033869602 
 0,230313293818798 
 0,256562235393734 
 0,275190516511431 
 0,287891617273497 
 0,273497036409822 
 0,378492802709568 
 0,343776460626588 
 0,348856900931414 
 0,347163420829805 
 0,469093988145639 
 0,363251481795089 
 0,36155800169348 
 0,257408975444539 
 0,300592718035563 
 0,31160033869602 
 0,291278577476715 
 0,29043183742591 
 0,294665537679932 
 0,274343776460627 
 0,267569856054191 
 0,259949195596952 
 0,264182895850974 
 0,171041490262489 
 0,170194750211685 
 0,145639288738357 
 0,156646909398815 
 0,161727349703641 
 0,154953429297206 
 0,189669771380186 
 0,188823031329382 
 0,193903471634208 
 0,175275190516511 
 0,150719729043184 
 0,172734970364098 
 0,177815410668925 
 0,17696867061812 
 0,181202370872142 
 0,185436071126164 
 0,18458933107536 
 0,183742591024555 
 0,187976291278577 
 0,187129551227773 
 0,185436071126164 
 0,189669771380186 
 0,188823031329382 
 0,182049110922947 
 0,176121930567316 
 0,169348010160881 
 0,168501270110076 
 0,166807790008467 
 0,165961049957663 
 0,165114309906859 
 0,188823031329382 
 0,132091447925487 
 0,136325148179509 
 0,480948348856901 
 0,472480948348857 
 0,469093988145639 
 0,47502116850127 
 0,466553767993226 
 0,463166807790008 
 0,459779847586791 
 0,470787468247248 
 0,471634208298052 
 0,468247248094835 
 0,464013547840813 
 0,460626587637595 
 0,457239627434378 
 0,453005927180356 
 0,449618966977138 
 0,44623200677392 
 0,441998306519898 
 0,438611346316681 
 0,434377646062659 
 0,430990685859441 
 0,426756985605419 
 0,423370025402202 
 0,41913632514818 
 0,415749364944962 
 0,41151566469094 
 0,408128704487722 
 0,4038950042337 
 0,400508044030483 
 0,396274343776461 
 0,392887383573243 
 0,388653683319221 
 0,385266723116003 
 0,381033022861981 
 0,293818797629128 
 0,209144792548688 
 0,217612193056732 
 0,222692633361558 
 0,220152413209145 
 0,221845893310754 
 0,159187129551228 
 0,182049110922947 
 0,176121930567316 
 0,18458933107536 
 0,209144792548688 
 0,327688399661304 
 0,330228619813717 
 0,325994919559695 
 0,321761219305673 
 0,318374259102456 
 0,314140558848434 
 0,309906858594412 
 0,306519898391194 
 0,302286198137172 
 0,29805249788315 
 0,293818797629128 
 0,284504657070279 
 0,283657917019475 
 0,281964436917866 
 0,277730736663844 
 0,274343776460627 
 0,270110076206605 
 0,265876375952583 
 0,262489415749365 
 0,204064352243861 
 0,200677392040644 
 0,199830651989839 
 0,194750211685013 
 0,191363251481795 
 0,106689246401355 
 9,56816257408975E-02 
 9,90685859441152E-02 
 8,80609652836579E-02 
 8,63674851820491E-02 
 7,62066045723963E-02 
 7,45131244707875E-02 
 7,53598645215919E-02 
 7,19729043183743E-02 
 7,02794242167655E-02 
 0,069432684165961 
 7,19729043183743E-02 
 7,02794242167655E-02 
 6,68924640135478E-02 
 6,35055038103302E-02 
 6,60457239627434E-02 
 6,60457239627434E-02 
 6,26587637595258E-02 
 6,18120237087214E-02 
 7,45131244707875E-02 
 7,45131244707875E-02 
 6,77392040643522E-02 
 6,43522438611346E-02 
 6,43522438611346E-02 
 6,68924640135478E-02 
 0,060965283657917 
 0,065198983911939 
 6,01185436071126E-02 
 0,052497883149873 
 5,16511430990686E-02 
 0,048264182895851 
 4,99576629974598E-02 
 5,08044030482642E-02 
 6,35055038103302E-02 
 6,01185436071126E-02 
 0,060965283657917 
 6,01185436071126E-02 
 7,36663844199831E-02 
 8,21337849280271E-02 
 8,21337849280271E-02 
 8,38272650296359E-02 
 8,04403048264183E-02 
 7,70533446232007E-02 
 7,36663844199831E-02 
 7,02794242167655E-02 
 6,68924640135478E-02 
 6,35055038103302E-02 
 6,01185436071126E-02 
 0,056731583403895 
 5,41913632514818E-02 
 5,08044030482642E-02 
 4,74174428450466E-02 
 4,48772226926334E-02 
 4,14902624894158E-02 
 3,89500423370025E-02 
 3,64098221845893E-02 
 3,38696020321761E-02 
 3,04826418289585E-02 
 2,79424216765453E-02 
 2,62489415749365E-02 
 2,37087214225233E-02 
 2,11685012701101E-02 
 1,94750211685013E-02 
 1,69348010160881E-02 
 1,52413209144793E-02 
 1,35478408128704E-02 
 9,31414055884843E-03 
 8,46740050804403E-03 
 6,77392040643522E-03 
 5,92718035563082E-03 
 5,08044030482642E-03 
 4,23370025402202E-03 
 3,38696020321761E-03 
 2,54022015241321E-03 
 1,69348010160881E-03 
 1,69348010160881E-03 
 8,46740050804403E-04 
 8,46740050804403E-04 
 0 
 0 
 0 
 0 
 0 
 0 
 0 
 0 
 0 
 0 
 0 
 0 
 0 
 0 
 0 
 0 
 0 
 0 
 0 
 0 
 0 
 0 
 0 
 0 
 0 
 0 
 0 
 0 
 0 
 0 
 0 
 0 
 0 
 0 
 0 
 0 
 0 
 0 
 0 
 0 
 0 
 0 
 0 
 0 
 0 
 0 
 0 
 0 
 0 
 0 
 0 
 0 
 0 
 0 
 0 
 0 
 0 
 0 
 0 
 0 
 0 
 0 
 0 
 0 
 0 
 0 
 0 
 0 
 0 
 0 
 0 
 0 
 0 
 0 
 0 
 0 
 0 
 0 
 0 
 0 
 0 
 0 
 0 
 0 
 0 
 0 
 0 
 0 
 0 
 0 
 0 
 0 
 0 
 0 
 0 
 0 
 0 
 0 
 0 
 0 
 0 
 0 
 0 
 0 
 0 
 0 
 0 
 0 
 0 
 0 
 0 
 0 
 0 
 0 
 0 
 0 
 0 
 0 
 0 
 0 
 0 
 0 
 0 
 0 
 0 
 0 
 0 
 0 
 0 
 0 
 0 
 0 
 0 
 0 
 0 
 0 
 0 
 0 
 0 
 0 
 0 
 0 
 0 
 0 
 0 
 0 
 0 
 0 
 0 
 0 
 0 
 0 
 0 
 0 
 0 
 0 
 0 
 0 
 0 
 0 
 0 
 0 
 0 
 0 
 0 
 0 
 0 
 0 
 0 
 0 
 0 
 0 
 0 
 0 
 0 
 0 
 0 
 0 
 0 
 0 
 0 
 0 
 0 
 0 
 0 
 0 
 0 
 0 
 0 
 0 
 0 
 0 
 0 
 0 
 0 
 0 
 0 
 0 
 0 
 0 
 0 
 0 
 0 
 0 
 0 
 0 
 0 
 0 
 0 
 0 
 0 
 0 
 0 
 0 
 0 
 0 
 0 
 0 
 0 
 0 
 0 
 0 
 0 
 0 
 0 
 0 
 0 
 0 
 0 
 0 
 0 
 0 
 0 
 0 
 0 
 0 
 0 
 0 
 0 
 0 
 0 
 0 
 0 
 0 
 0 
 0 
 0 
 0 
 0 
 0 
 0 
 0 
 0 
 0 
 0 
 0 
 0 
 0 
 0 
 0 
 0 
 0 
 0 
 0 
 0 
 0 
 0 
 0 
 0 
 0 
 0 
 0 
 0 
 0 
 0 
 0 
 0 
 0 
 0 
 0 
 0 
 0 
 0 
 0 
 0 
 0 
 0 
 0 
 0 
 0 
 0 
 0 
 0 
 0 
 0 
 0 
 0 
 0 
 0 
 0 
 0 
 0 
 0 
 0 
 0 
 0 
 0 
 0 
 0 
 0 
 0 
