 0 
 0 
 0 
 0 
 0 
 0 
 0 
 0 
 0 
 0 
 0 
 0 
 0 
 0 
 0 
 0 
 0 
 0 
 0 
 0 
 0 
 0 
 0 
 0 
 0 
 0 
 0 
 0 
 0 
 0 
 0 
 0 
 0 
 0 
 0 
 0 
 0 
 0 
 0 
 0 
 0 
 0 
 0 
 0 
 0 
 0 
 0 
 0 
 0 
 0 
 0 
 0 
 0 
 0 
 0 
 0 
 0 
 0 
 0 
 0 
 0 
 0 
 0 
 0 
 0 
 0 
 0 
 0 
 0 
 0 
 0 
 0 
 0 
 0 
 0 
 0 
 0 
 0 
 0 
 0 
 0 
 0 
 0 
 0 
 0 
 0 
 0 
 0 
 0 
 0 
 0 
 0 
 0 
 0 
 0 
 0 
 0 
 0 
 0 
 0 
 0 
 0 
 0 
 0 
 0 
 0 
 0 
 0 
 0 
 0 
 0 
 0 
 0 
 0 
 0 
 0 
 0 
 0 
 0 
 0 
 0 
 0 
 0 
 0 
 0 
 0 
 0 
 0 
 0 
 0 
 0 
 0 
 0 
 0 
 0 
 0 
 0 
 0 
 0 
 0 
 0 
 0 
 0 
 0 
 0 
 0 
 0 
 0 
 0 
 0 
 0 
 0 
 0 
 0 
 0 
 0 
 0 
 0 
 0 
 0 
 0 
 0 
 0 
 0 
 0 
 0 
 0 
 0 
 0 
 0 
 0 
 0 
 0 
 0 
 0 
 0 
 0 
 0 
 0 
 0 
 0 
 0 
 0 
 0 
 0 
 0 
 0 
 0 
 0 
 0 
 0 
 0 
 0 
 0 
 0 
 0 
 0 
 0 
 0 
 0 
 0 
 0 
 0 
 0 
 0 
 0 
 0 
 0 
 0 
 0 
 0 
 0 
 0 
 0 
 0 
 0 
 0 
 0 
 0 
 0 
 0 
 0 
 0 
 0 
 0 
 0 
 0 
 0 
 0 
 0 
 0 
 0 
 0 
 0 
 0 
 0 
 0 
 0 
 0 
 0 
 0 
 0 
 0 
 0 
 0 
 0 
 0 
 0 
 0 
 0 
 0 
 0 
 0 
 0 
 0 
 0 
 0 
 0 
 0 
 0 
 0 
 0 
 0 
 0 
 0 
 0 
 0 
 0 
 0 
 0 
 0 
 0 
 0 
 0 
 0 
 0 
 0 
 0 
 0 
 0 
 0 
 0 
 0 
 0 
 0 
 0 
 0 
 0 
 0 
 0 
 0 
 0 
 0 
 0 
 0 
 0 
 0 
 0 
 0 
 0 
 0 
 0 
 0 
 0 
 0 
 0 
 0 
 0 
 0 
 0 
 0 
 0 
 0 
 0 
 0 
 0 
 0 
 0 
 0 
 0 
 0 
 0 
 0 
 0 
 0 
 0 
 0 
 0 
 0 
 0 
 0 
 0 
 0 
 0 
 0 
 0 
 0 
 0 
 0 
 0 
 0 
 0 
 0 
 0 
 0 
 0 
 0 
 0 
 0 
 0 
 0 
 0 
 0 
 0 
 0 
 0 
 0 
 0 
 0 
 0 
 0 
 0 
 0 
 0 
 0 
 0 
 0 
 0 
 0 
 0 
 0 
 0 
 0 
 0 
 0 
 0 
 0 
 0 
 0 
 0 
 0 
 0 
 0 
 0 
 0 
 0 
 0 
 0 
 0 
 0 
 0 
 0 
 0 
 0 
 0 
 0 
 0 
 0 
 0 
 0 
 0 
 0 
 0 
 0 
 0 
 0 
 0 
 0 
 0 
 0 
 0 
 0 
 0 
 0 
 0 
 0 
 0 
 0 
 0 
 0 
 0 
 0 
 0 
 0 
 0 
 0 
 0 
 0 
 0 
 0 
 0 
 0 
 0 
 0 
 0 
 8,46740050804403E-04 
 8,46740050804403E-04 
 8,46740050804403E-04 
 8,46740050804403E-04 
 1,69348010160881E-03 
 1,69348010160881E-03 
 2,54022015241321E-03 
 3,38696020321761E-03 
 4,23370025402202E-03 
 4,23370025402202E-03 
 5,08044030482642E-03 
 2,54022015241321E-03 
 3,38696020321761E-03 
 4,23370025402202E-03 
 4,23370025402202E-03 
 5,08044030482642E-03 
 5,92718035563082E-03 
 6,77392040643522E-03 
 6,77392040643522E-03 
 6,77392040643522E-03 
 1,94750211685013E-02 
 2,11685012701101E-02 
 2,37087214225233E-02 
 3,30228619813717E-02 
 3,38696020321761E-02 
 3,55630821337849E-02 
 3,55630821337849E-02 
 3,04826418289585E-02 
 3,81033022861981E-02 
 3,97967823878069E-02 
 4,91109229466554E-02 
 4,91109229466554E-02 
 5,16511430990686E-02 
 6,60457239627434E-02 
 5,41913632514818E-02 
 4,91109229466554E-02 
 6,35055038103302E-02 
 6,60457239627434E-02 
 7,28196443691787E-02 
 7,19729043183743E-02 
 7,36663844199831E-02 
 7,53598645215919E-02 
 7,95935647756139E-02 
 8,21337849280271E-02 
 8,55207451312447E-02 
 8,46740050804403E-02 
 9,56816257408975E-02 
 9,99153259949196E-02 
 0,10584250635055 
 0,108382726502964 
 0,111769686706181 
 0,126164267569856 
 0,122777307366638 
 0,126164267569856 
 0,110922946655377 
 0,133784928027096 
 0,137171888230313 
 0,140558848433531 
 0,150719729043184 
 0,157493649449619 
 0,12701100762066 
 0,136325148179509 
 0,139712108382726 
 0,143099068585944 
 0,145639288738357 
 0,149026248941575 
 0,148179508890771 
 0,149026248941575 
 0,143945808636749 
 0,156646909398815 
 0,164267569856054 
 0,167654530059272 
 0,139712108382726 
 0,146486028789162 
 0,171888230313294 
 0,175275190516511 
 0,187976291278577 
 0,190516511430991 
 0,193903471634208 
 0,197290431837426 
 0,200677392040644 
 0,203217612193057 
 0,206604572396274 
 0,204911092294666 
 0,207451312447079 
 0,21337849280271 
 0,210838272650296 
 0,242167654530059 
 0,168501270110076 
 0,110076206604572 
 0,135478408128704 
 0,151566469093988 
 0,160033869602032 
 0,110076206604572 
 0,104995766299746 
 0,106689246401355 
 0,110922946655377 
 0,112616426756986 
 0,120237087214225 
 0,125317527519052 
 0,130397967823878 
 0,111769686706181 
 0,112616426756986 
 0,106689246401355 
 0,108382726502964 
 0,109229466553768 
 0,114309906858594 
 0,119390347163421 
 0,11346316680779 
 0,110922946655377 
 0,138018628281118 
 0,124470787468247 
 0,125317527519052 
 0,115156646909399 
 0,139712108382726 
 0,156646909398815 
 0,165961049957663 
 0,183742591024555 
 0,185436071126164 
 0,150719729043184 
 0,152413209144793 
 0,145639288738357 
 0,133784928027096 
 0,143945808636749 
 0,153259949195597 
 0,150719729043184 
 0,151566469093988 
 0,149026248941575 
 0,154953429297206 
 0,147332768839966 
 0,148179508890771 
 0,154106689246401 
 0,141405588484335 
 0,143099068585944 
 0,143945808636749 
 0,149872988992379 
 0,165114309906859 
 0,161727349703641 
 0,148179508890771 
 0,154106689246401 
 0,15580016934801 
 0,156646909398815 
 0,157493649449619 
 0,159187129551228 
 0,170194750211685 
 0,165961049957663 
 0,162574089754445 
 0,168501270110076 
 0,159187129551228 
 0,129551227773074 
 0,171888230313294 
 0,173581710414903 
 0,169348010160881 
 0,170194750211685 
 0,160880609652837 
 0,156646909398815 
 0,151566469093988 
 0,147332768839966 
 0,148179508890771 
 0,121930567315834 
 0,116850127011008 
 0,128704487722269 
 0,123624047417443 
 0,158340389500423 
 0,165114309906859 
 0,165961049957663 
 0,178662150719729 
 0,162574089754445 
 0,19813717188823 
 0,198983911939035 
 0,206604572396274 
 0,272650296359018 
 0,286198137171888 
 0,299745977984759 
 0,300592718035563 
 0,338696020321761 
 0,334462320067739 
 0,293818797629128 
 0,294665537679932 
 0,23454699407282 
 0,242167654530059 
 0,212531752751905 
 0,194750211685013 
 0,188823031329382 
 0,171041490262489 
 0,165114309906859 
 0,178662150719729 
 0,160880609652837 
 0,161727349703641 
 0,427603725656224 
 0,430143945808637 
 0,497036409822185 
 0,499576629974598 
 0,422523285351397 
 0,437764606265876 
 0,43268416596105 
 0,421676545300593 
 0,436917866215072 
 0,674005080440305 
 0,677392040643522 
 0,679932260795936 
 0,682472480948349 
 0,685859441151566 
 0,68839966130398 
 0,642675698560542 
 0,63844199830652 
 0,626587637595258 
 0,622353937341236 
 0,631668077900085 
 0,613039796782388 
 0,607959356477561 
 0,624894157493649 
 0,619813717188823 
 0,650296359017781 
 0,509737510584251 
 0,554614733276884 
 0,541913632514818 
 0,624047417442845 
 0,690939881456393 
 0,701100762066046 
 0,732430143945809 
 0,734970364098222 
 0,737510584250635 
 0,740050804403048 
 0,742591024555461 
 0,745131244707875 
 0,746824724809483 
 0,749364944961897 
 0,75190516511431 
 0,754445385266723 
 0,756138865368332 
 0,645215918712955 
 0,624047417442845 
 0,602878916172735 
 0,750211685012701 
 0,75190516511431 
 0,746824724809483 
 0,363251481795089 
 0,441151566469094 
 0,434377646062659 
 0,397121083827265 
 0,679085520745131 
 0,68077900084674 
 0,682472480948349 
 0,637595258255716 
 0,639288738357324 
 0,632514817950889 
 0,46740050804403 
 0,460626587637595 
 0,685012701100762 
 0,679085520745131 
 0,800169348010161 
 0,802709568162574 
 0,804403048264183 
 0,806096528365792 
 0,8077900084674 
 0,809483488569009 
 0,811176968670618 
 0,813717188823031 
 0,81541066892464 
 0,817104149026249 
 0,818797629127858 
 0,820491109229467 
 0,822184589331075 
 0,823878069432684 
 0,825571549534293 
 0,827265029635902 
 0,828958509737511 
 0,829805249788315 
 0,831498729889924 
 0,833192209991533 
 0,834885690093141 
 0,83657917019475 
 0,837425910245555 
 0,772226926333616 
 0,72311600338696 
 0,707027942421677 
 0,708721422523285 
 0,726502963590178 
 0,702794242167655 
 0,449618966977138 
 0,484335309060119 
 0,510584250635055 
 0,502116850127011 
 0,58848433530906 
 0,614733276883997 
 0,658763759525826 
 0,668077900084674 
 0,668924640135478 
 0,696020321761219 
 0,670618120237087 
 0,671464860287892 
 0,672311600338696 
 0,845893310753599 
 0,847586790855207 
 0,839966130397968 
 0,832345469940728 
 0,651143099068586 
 0,668924640135478 
 0,669771380186283 
 0,670618120237087 
 0,662150719729043 
 0,64606265876376 
 0,716342082980525 
 0,734123624047417 
 0,787468247248095 
 0,788314987298899 
 0,876375952582557 
 0,877222692633362 
 0,878069432684166 
 0,87891617273497 
 0,879762912785775 
 0,880609652836579 
 0,881456392887384 
 0,882303132938188 
 0,882303132938188 
 0,883149872988992 
 0,883996613039797 
 0,883996613039797 
 0,884843353090601 
 0,885690093141406 
 0,885690093141406 
 0,88653683319221 
 0,887383573243014 
 0,887383573243014 
 0,888230313293819 
 0,888230313293819 
 0,889077053344623 
 0,889077053344623 
 0,889923793395428 
 0,889923793395428 
 0,889923793395428 
 0,890770533446232 
 0,890770533446232 
 0,890770533446232 
 0,891617273497036 
 0,891617273497036 
 0,891617273497036 
 0,891617273497036 
 0,891617273497036 
 0,892464013547841 
 0,892464013547841 
 0,892464013547841 
 0,892464013547841 
 0,892464013547841 
 0,892464013547841 
 0,892464013547841 
 0,892464013547841 
 0,892464013547841 
 0,892464013547841 
 0,892464013547841 
 0,892464013547841 
 0,892464013547841 
 0,891617273497036 
 0,891617273497036 
 0,891617273497036 
 0,856054191363251 
 0,837425910245555 
 0,846740050804403 
 0,828111769686706 
 0,837425910245555 
 0,83657917019475 
 0,791701947502117 
 0,791701947502117 
 0,31160033869602 
 0,328535139712108 
 0,355630821337849 
 0,364098221845893 
 0,39034716342083 
 0,372565622353937 
 0,363251481795089 
 0,354784081287045 
 0,292125317527519 
 0,300592718035563 
 0,282811176968671 
 0,291278577476715 
 0,282811176968671 
 0,291278577476715 
 0,309060118543607 
 0,317527519051651 
 0,712955122777307 
 0,712955122777307 
 0,712108382726503 
 0,518204911092295 
 0,535139712108383 
 0,579170194750212 
 0,578323454699407 
 0,560541913632515 
 0,52497883149873 
 0,515664690939881 
 0,480101608806097 
 0,426756985605419 
 0,400508044030483 
 0,38272650296359 
 0,391193903471634 
 0,347163420829805 
 0,320914479254869 
 0,320067739204064 
 0,320067739204064 
 0,328535139712108 
 0,31922099915326 
 0,292972057578323 
 0,283657917019475 
 0,248941574936494 
 0,24047417442845 
 0,231160033869602 
 0,231160033869602 
 0,204911092294666 
 0,196443691786621 
 0,195596951735817 
 0,161727349703641 
 0,161727349703641 
 0,160880609652837 
 0,186282811176969 
 0,203217612193057 
 0,17696867061812 
 0,168501270110076 
 0,18458933107536 
 0,209991532599492 
 0,209144792548688 
 0,217612193056732 
 0,225232853513971 
 0,225232853513971 
 0,208298052497883 
 0,207451312447079 
 0,207451312447079 
 0,206604572396274 
 0,206604572396274 
 0,20575783234547 
 0,21337849280271 
 0,246401354784081 
 0,303132938187976 
 0,293818797629128 
 0,2692633361558 
 0,268416596104996 
 0,284504657070279 
 0,308213378492803 
 0,541913632514818 
 0,53259949195597 
 0,450465707027942 
 0,441151566469094 
 0,400508044030483 
 0,375105842506351 
 0,574089754445385 
 0,58848433530906 
 0,546994072819644 
 0,537679932260796 
 0,528365791701948 
 0,417442845046571 
 0,455546147332769 
 0,44623200677392 
 0,468247248094835 
 0,498729889923793 
 0,426756985605419 
 0,433530906011854 
 0,417442845046571 
 0,400508044030483 
 0,437764606265876 
 0,535986452159187 
 0,20575783234547 
 0,175275190516511 
 0,174428450465707 
 0,166807790008467 
 0,173581710414903 
 0,158340389500423 
 0,157493649449619 
 0,156646909398815 
 0,149026248941575 
 0,16342082980525 
 0,170194750211685 
 0,169348010160881 
 0,147332768839966 
 0,138865368331922 
 0,175275190516511 
 0,153259949195597 
 0,152413209144793 
 0,159187129551228 
 0,158340389500423 
 0,158340389500423 
 0,149872988992379 
 0,149872988992379 
 0,16342082980525 
 0,162574089754445 
 0,133784928027096 
 0,119390347163421 
 0,118543607112616 
 0,111769686706181 
 0,138865368331922 
 0,117696867061812 
 0,116850127011008 
 0,110076206604572 
 0,109229466553768 
 0,122777307366638 
 0,121930567315834 
 0,127857747671465 
 0,100762066045724 
 0,100762066045724 
 0,106689246401355 
 9,99153259949196E-02 
 0,10584250635055 
 0,104995766299746 
 0,104995766299746 
 9,73751058425063E-02 
 0,136325148179509 
 0,129551227773074 
 0,128704487722269 
 0,127857747671465 
 0,133784928027096 
 0,132938187976291 
 0,126164267569856 
 0,125317527519052 
 0,131244707874682 
 0,130397967823878 
 0,129551227773074 
 0,129551227773074 
 0,140558848433531 
 0,158340389500423 
 0,169348010160881 
 0,156646909398815 
 0,149872988992379 
 0,143099068585944 
 0,171888230313294 
 0,171041490262489 
 0,187976291278577 
 0,180355630821338 
 0,197290431837426 
 0,207451312447079 
 0,188823031329382 
 0,193903471634208 
 0,187129551227773 
 0,174428450465707 
 0,167654530059272 
 0,161727349703641 
 0,143945808636749 
 0,143099068585944 
 0,131244707874682 
 0,168501270110076 
 0,172734970364098 
 0,460626587637595 
 0,458086367485182 
 0,423370025402202 
 0,46740050804403 
 0,464860287891617 
 0,44623200677392 
 0,447925486875529 
 0,281117696867062 
 0,279424216765453 
 0,181202370872142 
 0,175275190516511 
 0,193903471634208 
 0,464013547840813 
 0,450465707027942 
 0,447078746824725 
 0,443691786621507 
 0,441151566469094 
 0,437764606265876 
 0,438611346316681 
 0,430990685859441 
 0,427603725656224 
 0,331922099915326 
 0,329381879762913 
 0,325994919559695 
 0,323454699407282 
 0,316680779000847 
 0,3268416596105 
 0,320067739204064 
 0,330228619813717 
 0,327688399661304 
 0,230313293818798 
 0,232853513971211 
 0,238780694326842 
 0,241320914479255 
 0,247248094834886 
 0,228619813717189 
 0,214225232853514 
 0,215918712955123 
 0,218458933107536 
 0,388653683319221 
 0,388653683319221 
 0,36917866215072 
 0,381033022861981 
 0,376799322607959 
 0,373412362404742 
 0,36917866215072 
 0,365791701947502 
 0,36155800169348 
 0,357324301439458 
 0,35393734123624 
 0,349703640982218 
 0,345469940728196 
 0,342082980524979 
 0,337849280270957 
 0,333615580016935 
 0,330228619813717 
 0,325994919559695 
 0,321761219305673 
 0,318374259102456 
 0,314140558848434 
 0,309906858594412 
 0,306519898391194 
 0,302286198137172 
 0,29805249788315 
 0,293818797629128 
 0,29043183742591 
 0,286198137171888 
 0,281964436917866 
 0,277730736663844 
 0,274343776460627 
 0,270110076206605 
 0,265876375952583 
 0,262489415749365 
 0,258255715495343 
 0,254022015241321 
 0,249788314987299 
 0,246401354784081 
 0,237087214225233 
 0,199830651989839 
 0,192209991532599 
 0,188823031329382 
 0,124470787468247 
 0,11346316680779 
 0,109229466553768 
 0,110922946655377 
 0,106689246401355 
 0,11346316680779 
 0,11346316680779 
 0,140558848433531 
 9,31414055884843E-02 
 8,38272650296359E-02 
 0,119390347163421 
 0,112616426756986 
 0,16342082980525 
 0,146486028789162 
 0,060965283657917 
 0,056731583403895 
 5,50381033022862E-02 
 5,41913632514818E-02 
 4,91109229466554E-02 
 4,99576629974598E-02 
 5,84250635055038E-02 
 0,052497883149873 
 0,052497883149873 
 5,16511430990686E-02 
 4,99576629974598E-02 
 4,74174428450466E-02 
 4,06435224386113E-02 
 3,97967823878069E-02 
 3,72565622353937E-02 
 3,64098221845893E-02 
 4,06435224386113E-02 
 4,23370025402202E-02 
 4,06435224386113E-02 
 3,55630821337849E-02 
 3,47163420829805E-02 
 3,38696020321761E-02 
 2,79424216765453E-02 
 2,70956816257409E-02 
 2,45554614733277E-02 
 2,37087214225233E-02 
 2,45554614733277E-02 
 2,28619813717189E-02 
 4,74174428450466E-02 
 4,14902624894158E-02 
 3,72565622353937E-02 
 3,38696020321761E-02 
 3,13293818797629E-02 
 3,04826418289585E-02 
 2,96359017781541E-02 
 3,64098221845893E-02 
 3,38696020321761E-02 
 3,13293818797629E-02 
 2,87891617273497E-02 
 3,30228619813717E-02 
 2,87891617273497E-02 
 2,70956816257409E-02 
 2,37087214225233E-02 
 2,20152413209145E-02 
 1,94750211685013E-02 
 1,77815410668925E-02 
 1,60880609652837E-02 
 1,35478408128704E-02 
 1,18543607112616E-02 
 9,31414055884843E-03 
 8,46740050804403E-03 
 6,77392040643522E-03 
 5,92718035563082E-03 
 5,08044030482642E-03 
 3,38696020321761E-03 
 3,38696020321761E-03 
 2,54022015241321E-03 
 1,69348010160881E-03 
 1,69348010160881E-03 
 8,46740050804403E-04 
 8,46740050804403E-04 
 0 
 0 
 0 
 0 
 0 
 0 
 0 
 0 
 0 
 0 
 0 
 0 
 0 
 0 
 0 
 0 
 0 
 0 
 0 
 0 
 0 
 0 
 0 
 0 
 0 
 0 
 0 
 0 
 0 
 0 
 0 
 0 
 0 
 0 
 0 
 0 
 0 
 0 
 0 
 0 
 0 
 0 
 0 
 0 
 0 
 0 
 0 
 0 
 0 
 0 
 0 
 0 
 0 
 0 
 0 
 0 
 0 
 0 
 0 
 0 
 0 
 0 
 0 
 0 
 0 
 0 
 0 
 0 
 0 
 0 
 0 
 0 
 0 
 0 
 0 
 0 
 0 
 0 
 0 
 0 
 0 
 0 
 0 
 0 
 0 
 0 
 0 
 0 
 0 
 0 
 0 
 0 
 0 
 0 
 0 
 0 
 0 
 0 
 0 
 0 
 0 
 0 
 0 
 0 
 0 
 0 
 0 
 0 
 0 
 0 
 0 
 0 
 0 
 0 
 0 
 0 
 0 
 0 
 0 
 0 
 0 
 0 
 0 
 0 
 0 
 0 
 0 
 0 
 0 
 0 
 0 
 0 
 0 
 0 
 0 
 0 
 0 
 0 
 0 
 0 
 0 
 0 
 0 
 0 
 0 
 0 
 0 
 0 
 0 
 0 
 0 
 0 
 0 
 0 
 0 
 0 
 0 
 0 
 0 
 0 
 0 
 0 
 0 
 0 
 0 
 0 
 0 
 0 
 0 
 0 
 0 
 0 
 0 
 0 
 0 
 0 
 0 
 0 
 0 
 0 
 0 
 0 
 0 
 0 
 0 
 0 
 0 
 0 
 0 
 0 
 0 
 0 
 0 
 0 
 0 
 0 
 0 
 0 
 0 
 0 
 0 
 0 
 0 
 0 
 0 
 0 
 0 
 0 
 0 
 0 
 0 
 0 
 0 
 0 
 0 
 0 
 0 
 0 
 0 
 0 
 0 
 0 
 0 
 0 
 0 
 0 
 0 
 0 
 0 
 0 
 0 
 0 
 0 
 0 
 0 
 0 
 0 
 0 
 0 
 0 
 0 
 0 
 0 
 0 
 0 
 0 
 0 
 0 
 0 
 0 
 0 
 0 
 0 
 0 
 0 
 0 
 0 
 0 
 0 
 0 
 0 
 0 
 0 
 0 
 0 
 0 
 0 
 0 
 0 
 0 
 0 
 0 
 0 
 0 
 0 
 0 
 0 
 0 
 0 
 0 
 0 
 0 
 0 
 0 
 0 
 0 
 0 
 0 
 0 
 0 
 0 
 0 
 0 
 0 
 0 
 0 
 0 
 0 
 0 
 0 
 0 
 0 
 0 
 0 
 0 
 0 
 0 
 0 
 0 
 0 
 0 
