 0 
 0 
 0 
 0 
 0 
 0 
 0 
 0 
 0 
 0 
 0 
 0 
 0 
 0 
 0 
 0 
 0 
 0 
 0 
 0 
 0 
 0 
 0 
 0 
 0 
 0 
 0 
 0 
 0 
 0 
 0 
 0 
 0 
 0 
 0 
 0 
 0 
 0 
 0 
 0 
 0 
 0 
 0 
 0 
 0 
 0 
 0 
 0 
 0 
 0 
 0 
 0 
 0 
 0 
 0 
 0 
 0 
 0 
 0 
 0 
 0 
 0 
 0 
 0 
 0 
 0 
 0 
 0 
 0 
 0 
 0 
 0 
 0 
 0 
 0 
 0 
 0 
 0 
 0 
 0 
 0 
 0 
 0 
 0 
 0 
 0 
 0 
 0 
 0 
 0 
 0 
 0 
 0 
 0 
 0 
 0 
 0 
 0 
 0 
 0 
 0 
 0 
 0 
 0 
 0 
 0 
 0 
 0 
 0 
 0 
 0 
 0 
 0 
 0 
 0 
 0 
 0 
 0 
 0 
 0 
 0 
 0 
 0 
 0 
 0 
 0 
 0 
 0 
 0 
 0 
 0 
 0 
 0 
 0 
 0 
 0 
 0 
 0 
 0 
 0 
 0 
 0 
 0 
 0 
 0 
 0 
 0 
 0 
 0 
 0 
 0 
 0 
 0 
 0 
 0 
 0 
 0 
 0 
 0 
 0 
 0 
 0 
 0 
 0 
 0 
 0 
 0 
 0 
 0 
 0 
 0 
 0 
 0 
 0 
 0 
 0 
 0 
 0 
 0 
 0 
 0 
 0 
 0 
 0 
 0 
 0 
 0 
 0 
 0 
 0 
 0 
 0 
 0 
 0 
 0 
 0 
 0 
 0 
 0 
 0 
 0 
 0 
 0 
 0 
 0 
 0 
 0 
 0 
 0 
 0 
 0 
 0 
 0 
 0 
 0 
 0 
 0 
 0 
 0 
 0 
 0 
 0 
 0 
 0 
 0 
 0 
 0 
 0 
 0 
 0 
 0 
 0 
 0 
 0 
 0 
 0 
 0 
 0 
 0 
 0 
 0 
 0 
 0 
 0 
 0 
 0 
 0 
 0 
 0 
 0 
 0 
 0 
 0 
 0 
 0 
 0 
 0 
 0 
 0 
 0 
 0 
 0 
 0 
 0 
 0 
 0 
 0 
 0 
 0 
 0 
 0 
 0 
 0 
 0 
 0 
 0 
 0 
 0 
 0 
 0 
 0 
 0 
 0 
 0 
 0 
 0 
 0 
 0 
 0 
 0 
 0 
 0 
 0 
 0 
 0 
 0 
 0 
 0 
 0 
 0 
 0 
 0 
 0 
 0 
 0 
 0 
 0 
 0 
 0 
 0 
 0 
 0 
 0 
 0 
 0 
 0 
 0 
 0 
 0 
 0 
 0 
 0 
 0 
 0 
 0 
 0 
 0 
 0 
 0 
 0 
 0 
 0 
 0 
 0 
 0 
 0 
 0 
 0 
 0 
 0 
 0 
 0 
 0 
 0 
 0 
 0 
 0 
 0 
 0 
 0 
 0 
 0 
 0 
 0 
 0 
 0 
 0 
 0 
 0 
 0 
 0 
 0 
 0 
 0 
 0 
 0 
 0 
 0 
 0 
 0 
 0 
 0 
 0 
 0 
 0 
 0 
 0 
 0 
 0 
 0 
 0 
 0 
 0 
 0 
 0 
 0 
 0 
 0 
 0 
 0 
 0 
 0 
 0 
 0 
 0 
 0 
 0 
 0 
 0 
 0 
 0 
 0 
 0 
 0 
 0 
 0 
 0 
 0 
 0 
 0 
 0 
 0 
 0 
 0 
 0 
 0 
 0 
 0 
 0 
 0 
 0 
 0 
 0 
 0 
 0 
 0 
 0 
 0 
 0 
 0 
 0 
 0 
 0 
 0 
 8,46740050804403E-04 
 8,46740050804403E-04 
 1,69348010160881E-03 
 1,69348010160881E-03 
 2,54022015241321E-03 
 3,38696020321761E-03 
 4,23370025402202E-03 
 5,92718035563082E-03 
 6,77392040643522E-03 
 8,46740050804403E-03 
 9,31414055884843E-03 
 1,10076206604572E-02 
 0,012701100762066 
 1,43945808636749E-02 
 1,69348010160881E-02 
 1,86282811176969E-02 
 2,11685012701101E-02 
 2,28619813717189E-02 
 2,54022015241321E-02 
 2,79424216765453E-02 
 3,04826418289585E-02 
 3,30228619813717E-02 
 3,55630821337849E-02 
 3,47163420829805E-02 
 2,96359017781541E-02 
 3,47163420829805E-02 
 3,55630821337849E-02 
 3,81033022861981E-02 
 4,06435224386113E-02 
 3,30228619813717E-02 
 3,38696020321761E-02 
 3,64098221845893E-02 
 3,38696020321761E-02 
 3,55630821337849E-02 
 3,64098221845893E-02 
 3,55630821337849E-02 
 3,55630821337849E-02 
 3,89500423370025E-02 
 4,06435224386113E-02 
 3,81033022861981E-02 
 3,55630821337849E-02 
 3,47163420829805E-02 
 3,55630821337849E-02 
 3,38696020321761E-02 
 3,38696020321761E-02 
 3,47163420829805E-02 
 7,02794242167655E-02 
 6,77392040643522E-02 
 9,48348856900931E-02 
 9,82218458933107E-02 
 0,100762066045724 
 0,109229466553768 
 0,11346316680779 
 0,116850127011008 
 0,120237087214225 
 0,122777307366638 
 0,126164267569856 
 0,129551227773074 
 0,132938187976291 
 5,84250635055038E-02 
 5,75783234546994E-02 
 5,41913632514818E-02 
 5,84250635055038E-02 
 6,01185436071126E-02 
 5,75783234546994E-02 
 0,056731583403895 
 6,01185436071126E-02 
 7,28196443691787E-02 
 7,45131244707875E-02 
 8,04403048264183E-02 
 8,12870448772227E-02 
 8,55207451312447E-02 
 6,77392040643522E-02 
 6,43522438611346E-02 
 6,77392040643522E-02 
 6,68924640135478E-02 
 7,19729043183743E-02 
 7,36663844199831E-02 
 7,45131244707875E-02 
 8,12870448772227E-02 
 9,48348856900931E-02 
 9,39881456392887E-02 
 8,72142252328535E-02 
 0,227773073666384 
 0,231160033869602 
 0,166807790008467 
 0,177815410668925 
 0,180355630821338 
 0,180355630821338 
 0,180355630821338 
 0,179508890770533 
 0,20575783234547 
 0,196443691786621 
 0,277730736663844 
 0,226079593564776 
 0,229466553767993 
 0,24809483488569 
 0,237933954276037 
 0,202370872142252 
 0,23454699407282 
 0,233700254022015 
 0,237087214225233 
 0,144792548687553 
 0,143099068585944 
 0,144792548687553 
 0,153259949195597 
 0,21930567315834 
 0,217612193056732 
 0,209144792548688 
 0,273497036409822 
 0,272650296359018 
 0,260795935647756 
 0,267569856054191 
 0,270110076206605 
 0,2692633361558 
 0,276037256562235 
 0,235393734123624 
 0,253175275190517 
 0,287891617273497 
 0,282811176968671 
 0,256562235393734 
 0,250635055038103 
 0,207451312447079 
 0,209144792548688 
 0,224386113463167 
 0,226079593564776 
 0,245554614733277 
 0,230313293818798 
 0,214225232853514 
 0,211685012701101 
 0,222692633361558 
 0,220152413209145 
 0,231160033869602 
 0,237087214225233 
 0,239627434377646 
 0,232006773920406 
 0,233700254022015 
 0,188823031329382 
 0,265876375952583 
 0,254022015241321 
 0,375952582557155 
 0,441998306519898 
 0,464860287891617 
 0,468247248094835 
 0,481795088907705 
 0,375105842506351 
 0,372565622353937 
 0,101608806096528 
 0,102455546147333 
 9,73751058425063E-02 
 0,103302286198137 
 0,125317527519052 
 0,136325148179509 
 0,143099068585944 
 0,149026248941575 
 0,154953429297206 
 0,150719729043184 
 0,146486028789162 
 0,147332768839966 
 0,159187129551228 
 0,143945808636749 
 0,138865368331922 
 0,145639288738357 
 0,140558848433531 
 0,147332768839966 
 0,210838272650296 
 0,217612193056732 
 0,21930567315834 
 0,254868755292125 
 0,256562235393734 
 0,457239627434378 
 0,45385266723116 
 0,450465707027942 
 0,441151566469094 
 0,491109229466554 
 0,499576629974598 
 0,502116850127011 
 0,504657070279424 
 0,501270110076207 
 0,535139712108383 
 0,537679932260796 
 0,534292972057578 
 0,530059271803556 
 0,533446232006774 
 0,535986452159187 
 0,544453852667231 
 0,546994072819644 
 0,562235393734124 
 0,404741744284505 
 0,381033022861981 
 0,343776460626588 
 0,345469940728196 
 0,34038950042337 
 0,492802709568163 
 0,415749364944962 
 0,424216765453006 
 0,453005927180356 
 0,434377646062659 
 0,309060118543607 
 0,27688399661304 
 0,284504657070279 
 0,278577476714649 
 0,265876375952583 
 0,246401354784081 
 0,254868755292125 
 0,262489415749365 
 0,374259102455546 
 0,654530059271804 
 0,663844199830652 
 0,695173581710415 
 0,683319220999153 
 0,700254022015241 
 0,70956816257409 
 0,712108382726503 
 0,714648602878916 
 0,717188823031329 
 0,719729043183743 
 0,722269263336156 
 0,724809483488569 
 0,727349703640982 
 0,729889923793395 
 0,732430143945809 
 0,734970364098222 
 0,737510584250635 
 0,732430143945809 
 0,742591024555461 
 0,745131244707875 
 0,746824724809483 
 0,749364944961897 
 0,75190516511431 
 0,754445385266723 
 0,605419136325148 
 0,607112616426757 
 0,608806096528366 
 0,618120237087214 
 0,596951735817104 
 0,598645215918713 
 0,623200677392041 
 0,633361558001693 
 0,611346316680779 
 0,597798475867909 
 0,607112616426757 
 0,608806096528366 
 0,594411515664691 
 0,729889923793395 
 0,731583403895004 
 0,70194750211685 
 0,711261642675699 
 0,713801862828112 
 0,65961049957663 
 0,668924640135478 
 0,535139712108383 
 0,528365791701948 
 0,602032176121931 
 0,570702794242168 
 0,572396274343776 
 0,314987298899238 
 0,307366638441998 
 0,292125317527519 
 0,317527519051651 
 0,334462320067739 
 0,637595258255716 
 0,63844199830652 
 0,631668077900085 
 0,633361558001693 
 0,823878069432684 
 0,825571549534293 
 0,653683319220999 
 0,654530059271804 
 0,656223539373412 
 0,507197290431837 
 0,491955969517358 
 0,575783234546994 
 0,426756985605419 
 0,410668924640135 
 0,428450465707028 
 0,395427603725656 
 0,286198137171888 
 0,244707874682472 
 0,253175275190517 
 0,245554614733277 
 0,220152413209145 
 0,229466553767993 
 0,220999153259949 
 0,230313293818798 
 0,187976291278577 
 0,171041490262489 
 0,154106689246401 
 0,145639288738357 
 0,145639288738357 
 0,137171888230313 
 0,138018628281118 
 0,138018628281118 
 0,154953429297206 
 0,164267569856054 
 0,138018628281118 
 0,138865368331922 
 0,138865368331922 
 0,138865368331922 
 0,130397967823878 
 0,130397967823878 
 0,139712108382726 
 0,139712108382726 
 0,139712108382726 
 0,139712108382726 
 0,139712108382726 
 0,139712108382726 
 0,149026248941575 
 0,166807790008467 
 0,158340389500423 
 0,18458933107536 
 0,193056731583404 
 0,18458933107536 
 0,193903471634208 
 0,193903471634208 
 0,193903471634208 
 0,176121930567316 
 0,17696867061812 
 0,167654530059272 
 0,17696867061812 
 0,17696867061812 
 0,186282811176969 
 0,17696867061812 
 0,17696867061812 
 0,160033869602032 
 0,195596951735817 
 0,168501270110076 
 0,160033869602032 
 0,160033869602032 
 0,160033869602032 
 0,169348010160881 
 0,160033869602032 
 0,151566469093988 
 0,14225232853514 
 0,14225232853514 
 0,151566469093988 
 0,151566469093988 
 0,160880609652837 
 0,160880609652837 
 0,178662150719729 
 0,178662150719729 
 0,160880609652837 
 0,169348010160881 
 0,169348010160881 
 0,169348010160881 
 0,178662150719729 
 0,204911092294666 
 0,204911092294666 
 0,223539373412362 
 0,303132938187976 
 0,303132938187976 
 0,303132938187976 
 0,303132938187976 
 0,294665537679932 
 0,294665537679932 
 0,294665537679932 
 0,303132938187976 
 0,34801016088061 
 0,383573243014395 
 0,41913632514818 
 0,392040643522439 
 0,38272650296359 
 0,374259102455546 
 0,38272650296359 
 0,649449618966977 
 0,657917019475021 
 0,70194750211685 
 0,692633361558002 
 0,657070279424217 
 0,683319220999153 
 0,656223539373412 
 0,674005080440305 
 0,6731583403895 
 0,575783234546994 
 0,619813717188823 
 0,610499576629975 
 0,539373412362405 
 0,812870448772227 
 0,812023708721422 
 0,811176968670618 
 0,80186282811177 
 0,792548687552921 
 0,791701947502117 
 0,773920406435224 
 0,77307366638442 
 0,763759525825571 
 0,754445385266723 
 0,74428450465707 
 0,761219305673158 
 0,760372565622354 
 0,812023708721422 
 0,87298899237934 
 0,871295512277731 
 0,870448772226926 
 0,869602032176122 
 0,868755292125318 
 0,867908552074513 
 0,867061812023709 
 0,866215071972904 
 0,864521591871296 
 0,863674851820491 
 0,862828111769687 
 0,637595258255716 
 0,653683319220999 
 0,601185436071126 
 0,549534292972058 
 0,856900931414056 
 0,855207451312447 
 0,453005927180356 
 0,622353937341236 
 0,604572396274344 
 0,552921253175275 
 0,492802709568163 
 0,47502116850127 
 0,601185436071126 
 0,583403895004234 
 0,565622353937341 
 0,556308213378493 
 0,580016934801016 
 0,604572396274344 
 0,754445385266723 
 0,752751905165114 
 0,80186282811177 
 0,800169348010161 
 0,806943268416596 
 0,796782387806943 
 0,795935647756139 
 0,802709568162574 
 0,801016088060965 
 0,774767146486029 
 0,77307366638442 
 0,771380186282811 
 0,589331075359865 
 0,506350550381033 
 0,309906858594412 
 0,309060118543607 
 0,592718035563082 
 0,518204911092295 
 0,679085520745131 
 0,668924640135478 
 0,716342082980525 
 0,7307366638442 
 0,720575783234547 
 0,639288738357324 
 0,637595258255716 
 0,643522438611346 
 0,634208298052498 
 0,632514817950889 
 0,654530059271804 
 0,652836579170195 
 0,674851820491109 
 0,492802709568163 
 0,484335309060119 
 0,545300592718036 
 0,543607112616427 
 0,619813717188823 
 0,618120237087214 
 0,577476714648603 
 0,606265876375953 
 0,604572396274344 
 0,572396274343776 
 0,509737510584251 
 0,706181202370872 
 0,703640982218459 
 0,376799322607959 
 0,346316680779001 
 0,337002540220152 
 0,328535139712108 
 0,320067739204064 
 0,334462320067739 
 0,318374259102456 
 0,309906858594412 
 0,338696020321761 
 0,270956816257409 
 0,226079593564776 
 0,24047417442845 
 0,268416596104996 
 0,259949195596952 
 0,252328535139712 
 0,280270956816257 
 0,629127857747671 
 0,613039796782388 
 0,660457239627434 
 0,685859441151566 
 0,683319220999153 
 0,582557154953429 
 0,573243014394581 
 0,571549534292972 
 0,569009314140559 
 0,574089754445385 
 0,571549534292972 
 0,569009314140559 
 0,56731583403895 
 0,530906011854361 
 0,528365791701948 
 0,526672311600339 
 0,524132091447925 
 0,528365791701948 
 0,519898391193903 
 0,623200677392041 
 0,620660457239627 
 0,618120237087214 
 0,615580016934801 
 0,612193056731583 
 0,60965283657917 
 0,613039796782388 
 0,597798475867909 
 0,601185436071126 
 0,604572396274344 
 0,620660457239627 
 0,624047417442845 
 0,621507197290432 
 0,618120237087214 
 0,614733276883997 
 0,519051651143099 
 0,522438611346317 
 0,53259949195597 
 0,511430990685859 
 0,520745131244708 
 0,487722269263336 
 0,449618966977138 
 0,453005927180356 
 0,408975444538527 
 0,589331075359865 
 0,585944115156647 
 0,583403895004234 
 0,580016934801016 
 0,576629974597799 
 0,573243014394581 
 0,569856054191363 
 0,566469093988146 
 0,563082133784928 
 0,55969517358171 
 0,556308213378493 
 0,552921253175275 
 0,549534292972058 
 0,54614733276884 
 0,542760372565622 
 0,539373412362405 
 0,535986452159187 
 0,53259949195597 
 0,529212531752752 
 0,519898391193903 
 0,516511430990686 
 0,513124470787468 
 0,514817950889077 
 0,511430990685859 
 0,508044030482642 
 0,504657070279424 
 0,500423370025402 
 0,392887383573243 
 0,385266723116003 
 0,406435224386113 
 0,423370025402202 
 0,419983065198984 
 0,426756985605419 
 0,427603725656224 
 0,424216765453006 
 0,374259102455546 
 0,371718882303133 
 0,377646062658764 
 0,379339542760373 
 0,235393734123624 
 0,247248094834886 
 0,267569856054191 
 0,34038950042337 
 0,29805249788315 
 0,265029635901778 
 0,271803556308213 
 0,328535139712108 
 0,325994919559695 
 0,322607959356478 
 0,31160033869602 
 0,172734970364098 
 0,159187129551228 
 0,161727349703641 
 0,136325148179509 
 0,138865368331922 
 0,133784928027096 
 0,139712108382726 
 0,138865368331922 
 0,149026248941575 
 0,143099068585944 
 0,130397967823878 
 0,136325148179509 
 0,157493649449619 
 0,133784928027096 
 0,139712108382726 
 0,141405588484335 
 0,136325148179509 
 0,138018628281118 
 0,143945808636749 
 0,14225232853514 
 0,149872988992379 
 0,144792548687553 
 0,195596951735817 
 0,189669771380186 
 0,203217612193057 
 0,200677392040644 
 0,232853513971211 
 0,232853513971211 
 0,250635055038103 
 0,247248094834886 
 0,243861134631668 
 0,243861134631668 
 0,232006773920406 
 0,228619813717189 
 0,222692633361558 
 0,21930567315834 
 0,221845893310754 
 0,218458933107536 
 0,248941574936494 
 0,24809483488569 
 9,90685859441152E-02 
 9,73751058425063E-02 
 9,82218458933107E-02 
 0,104149026248942 
 0,147332768839966 
 0,154106689246401 
 0,149872988992379 
 0,203217612193057 
 0,199830651989839 
 0,19813717188823 
 0,162574089754445 
 0,154953429297206 
 0,152413209144793 
 0,151566469093988 
 0,19813717188823 
 0,193903471634208 
 0,189669771380186 
 0,186282811176969 
 0,182049110922947 
 0,177815410668925 
 0,174428450465707 
 0,170194750211685 
 0,165961049957663 
 0,162574089754445 
 0,158340389500423 
 0,154106689246401 
 0,150719729043184 
 0,146486028789162 
 0,143099068585944 
 0,138865368331922 
 0,135478408128704 
 0,131244707874682 
 0,123624047417443 
 0,116003386960203 
 0,120237087214225 
 0,116003386960203 
 0,112616426756986 
 0,109229466553768 
 0,104995766299746 
 0,101608806096528 
 9,82218458933107E-02 
 9,31414055884843E-02 
 9,06011854360711E-02 
 8,72142252328535E-02 
 8,38272650296359E-02 
 8,04403048264183E-02 
 7,70533446232007E-02 
 7,36663844199831E-02 
 7,02794242167655E-02 
 6,60457239627434E-02 
 6,35055038103302E-02 
 6,01185436071126E-02 
 0,056731583403895 
 3,64098221845893E-02 
 3,21761219305673E-02 
 2,96359017781541E-02 
 2,79424216765453E-02 
 2,70956816257409E-02 
 2,54022015241321E-02 
 2,03217612193057E-02 
 1,69348010160881E-02 
 1,52413209144793E-02 
 1,35478408128704E-02 
 1,86282811176969E-02 
 1,86282811176969E-02 
 1,43945808636749E-02 
 7,62066045723963E-03 
 6,77392040643522E-03 
 5,92718035563082E-03 
 5,08044030482642E-03 
 4,23370025402202E-03 
 3,38696020321761E-03 
 3,38696020321761E-03 
 2,54022015241321E-03 
 1,69348010160881E-03 
 1,69348010160881E-03 
 8,46740050804403E-04 
 8,46740050804403E-04 
 8,46740050804403E-04 
 8,46740050804403E-04 
 0 
 0 
 0 
 0 
 0 
 0 
 0 
 0 
 0 
 0 
 0 
 0 
 0 
 0 
 0 
 0 
 0 
 0 
 0 
 0 
 0 
 0 
 0 
 0 
 0 
 0 
 0 
 0 
 0 
 0 
 0 
 0 
 0 
 0 
 0 
 0 
 0 
 0 
 0 
 0 
 0 
 0 
 0 
 0 
 0 
 0 
 0 
 0 
 0 
 0 
 0 
 0 
 0 
 0 
 0 
 0 
 0 
 0 
 0 
 0 
 0 
 0 
 0 
 0 
 0 
 0 
 0 
 0 
 0 
 0 
 0 
 0 
 0 
 0 
 0 
 0 
 0 
 0 
 0 
 0 
 0 
 0 
 0 
 0 
 0 
 0 
 0 
 0 
 0 
 0 
 0 
 0 
 0 
 0 
 0 
 0 
 0 
 0 
 0 
 0 
 0 
 0 
 0 
 0 
 0 
 0 
 0 
 0 
 0 
 0 
 0 
 0 
 0 
 0 
 0 
 0 
 0 
 0 
 0 
 0 
 0 
 0 
 0 
 0 
 0 
 0 
 0 
 0 
 0 
 0 
 0 
 0 
 0 
 0 
 0 
 0 
 0 
 0 
 0 
 0 
 0 
 0 
 0 
 0 
 0 
 0 
 0 
 0 
 0 
 0 
 0 
 0 
 0 
 0 
 0 
 0 
 0 
 0 
 0 
 0 
 0 
 0 
 0 
 0 
 0 
 0 
 0 
 0 
 0 
 0 
 0 
 0 
 0 
 0 
 0 
 0 
 0 
 0 
 0 
 0 
 0 
 0 
 0 
 0 
 0 
 0 
 0 
 0 
 0 
 0 
 0 
 0 
 0 
 0 
 0 
 0 
 0 
 0 
 0 
 0 
 0 
 0 
 0 
 0 
 0 
 0 
 0 
 0 
 0 
 0 
 0 
 0 
 0 
 0 
 0 
 0 
 0 
 0 
 0 
 0 
 0 
 0 
 0 
 0 
 0 
 0 
 0 
 0 
 0 
 0 
 0 
 0 
 0 
 0 
 0 
 0 
 0 
 0 
 0 
 0 
 0 
 0 
 0 
 0 
 0 
 0 
 0 
 0 
 0 
 0 
 0 
 0 
 0 
 0 
 0 
 0 
 0 
 0 
 0 
 0 
 0 
 0 
 0 
 0 
 0 
 0 
 0 
 0 
 0 
 0 
 0 
 0 
 0 
 0 
 0 
 0 
 0 
 0 
 0 
 0 
 0 
 0 
 0 
 0 
 0 
 0 
 0 
 0 
 0 
 0 
 0 
 0 
 0 
 0 
 0 
 0 
 0 
 0 
 0 
 0 
 0 
 0 
 0 
 0 
 0 
 0 
 0 
 0 
 0 
 0 
 0 
 0 
 0 
