 0 
 0 
 0 
 0 
 0 
 0 
 0 
 0 
 0 
 0 
 0 
 0 
 0 
 0 
 0 
 0 
 0 
 0 
 0 
 0 
 0 
 0 
 0 
 0 
 0 
 0 
 0 
 0 
 0 
 0 
 0 
 0 
 0 
 0 
 0 
 0 
 0 
 0 
 0 
 0 
 0 
 0 
 0 
 0 
 0 
 0 
 0 
 0 
 0 
 0 
 0 
 0 
 0 
 0 
 0 
 0 
 0 
 0 
 0 
 0 
 0 
 0 
 0 
 0 
 0 
 0 
 0 
 0 
 0 
 0 
 0 
 0 
 0 
 0 
 0 
 0 
 0 
 0 
 0 
 0 
 0 
 0 
 0 
 0 
 0 
 0 
 0 
 0 
 0 
 0 
 0 
 0 
 0 
 0 
 0 
 0 
 0 
 0 
 0 
 0 
 0 
 0 
 0 
 0 
 0 
 0 
 0 
 0 
 0 
 0 
 0 
 0 
 0 
 0 
 0 
 0 
 0 
 0 
 0 
 0 
 0 
 0 
 0 
 0 
 0 
 0 
 0 
 0 
 0 
 0 
 0 
 0 
 0 
 0 
 0 
 0 
 0 
 0 
 0 
 0 
 0 
 0 
 0 
 0 
 0 
 0 
 0 
 0 
 0 
 0 
 0 
 0 
 0 
 0 
 0 
 0 
 0 
 0 
 0 
 0 
 0 
 0 
 0 
 0 
 0 
 0 
 0 
 0 
 0 
 0 
 0 
 0 
 0 
 0 
 0 
 0 
 0 
 0 
 0 
 0 
 0 
 0 
 0 
 0 
 0 
 0 
 0 
 0 
 0 
 0 
 0 
 0 
 0 
 0 
 0 
 0 
 0 
 0 
 0 
 0 
 0 
 0 
 0 
 0 
 0 
 0 
 0 
 0 
 0 
 0 
 0 
 0 
 0 
 0 
 0 
 0 
 0 
 0 
 0 
 0 
 0 
 0 
 0 
 0 
 0 
 0 
 0 
 0 
 0 
 0 
 0 
 0 
 0 
 0 
 0 
 0 
 0 
 0 
 0 
 0 
 0 
 0 
 0 
 0 
 0 
 0 
 0 
 0 
 0 
 0 
 0 
 0 
 0 
 0 
 0 
 0 
 0 
 0 
 0 
 0 
 0 
 0 
 0 
 0 
 0 
 0 
 0 
 0 
 0 
 0 
 0 
 0 
 0 
 0 
 0 
 0 
 0 
 0 
 0 
 0 
 0 
 0 
 0 
 0 
 0 
 0 
 0 
 0 
 0 
 0 
 0 
 0 
 0 
 0 
 0 
 0 
 0 
 0 
 0 
 0 
 0 
 0 
 0 
 0 
 0 
 0 
 0 
 0 
 0 
 0 
 0 
 0 
 0 
 0 
 0 
 0 
 0 
 0 
 0 
 0 
 0 
 0 
 0 
 0 
 0 
 0 
 0 
 0 
 0 
 0 
 0 
 0 
 0 
 0 
 0 
 0 
 0 
 0 
 0 
 0 
 0 
 0 
 0 
 0 
 0 
 0 
 0 
 0 
 0 
 0 
 0 
 0 
 0 
 0 
 0 
 0 
 0 
 0 
 0 
 0 
 0 
 0 
 0 
 0 
 0 
 0 
 0 
 0 
 0 
 0 
 0 
 0 
 0 
 0 
 0 
 0 
 0 
 0 
 0 
 0 
 0 
 0 
 0 
 0 
 0 
 0 
 0 
 0 
 0 
 0 
 0 
 0 
 0 
 0 
 0 
 0 
 0 
 0 
 0 
 0 
 0 
 0 
 0 
 0 
 0 
 0 
 0 
 0 
 0 
 0 
 0 
 0 
 0 
 0 
 0 
 0 
 0 
 0 
 0 
 0 
 0 
 0 
 0 
 0 
 0 
 0 
 0 
 0 
 0 
 0 
 0 
 0 
 0 
 0 
 8,46740050804403E-04 
 8,46740050804403E-04 
 1,69348010160881E-03 
 1,69348010160881E-03 
 2,54022015241321E-03 
 3,38696020321761E-03 
 4,23370025402202E-03 
 5,92718035563082E-03 
 6,77392040643522E-03 
 8,46740050804403E-03 
 9,31414055884843E-03 
 1,10076206604572E-02 
 0,012701100762066 
 1,43945808636749E-02 
 1,69348010160881E-02 
 8,46740050804403E-03 
 9,31414055884843E-03 
 1,52413209144793E-02 
 1,52413209144793E-02 
 8,46740050804403E-03 
 8,46740050804403E-03 
 9,31414055884843E-03 
 1,01608806096528E-02 
 1,10076206604572E-02 
 1,10076206604572E-02 
 1,94750211685013E-02 
 1,86282811176969E-02 
 1,86282811176969E-02 
 1,77815410668925E-02 
 1,94750211685013E-02 
 3,30228619813717E-02 
 3,55630821337849E-02 
 2,87891617273497E-02 
 3,04826418289585E-02 
 3,38696020321761E-02 
 3,64098221845893E-02 
 3,72565622353937E-02 
 3,97967823878069E-02 
 3,64098221845893E-02 
 4,23370025402202E-02 
 4,14902624894158E-02 
 4,14902624894158E-02 
 0,069432684165961 
 7,02794242167655E-02 
 7,28196443691787E-02 
 5,58848433530906E-02 
 0,056731583403895 
 9,56816257408975E-02 
 9,82218458933107E-02 
 0,111769686706181 
 0,116850127011008 
 0,102455546147333 
 0,104995766299746 
 8,55207451312447E-02 
 8,89077053344623E-02 
 6,26587637595258E-02 
 6,18120237087214E-02 
 6,18120237087214E-02 
 6,35055038103302E-02 
 6,26587637595258E-02 
 6,43522438611346E-02 
 8,29805249788315E-02 
 8,55207451312447E-02 
 9,99153259949196E-02 
 0,101608806096528 
 0,102455546147333 
 0,102455546147333 
 0,104995766299746 
 0,100762066045724 
 0,104995766299746 
 0,109229466553768 
 0,110922946655377 
 7,19729043183743E-02 
 6,60457239627434E-02 
 6,77392040643522E-02 
 6,18120237087214E-02 
 0,065198983911939 
 8,55207451312447E-02 
 9,14479254868755E-02 
 9,31414055884843E-02 
 8,46740050804403E-02 
 8,63674851820491E-02 
 8,97544453852667E-02 
 7,62066045723963E-02 
 7,70533446232007E-02 
 8,12870448772227E-02 
 8,72142252328535E-02 
 9,14479254868755E-02 
 9,31414055884843E-02 
 9,99153259949196E-02 
 0,101608806096528 
 0,102455546147333 
 0,101608806096528 
 9,99153259949196E-02 
 0,100762066045724 
 0,108382726502964 
 0,100762066045724 
 9,82218458933107E-02 
 9,65283657917019E-02 
 9,73751058425063E-02 
 9,90685859441152E-02 
 0,106689246401355 
 0,104995766299746 
 0,109229466553768 
 0,131244707874682 
 0,192209991532599 
 0,1346316680779 
 0,143099068585944 
 0,144792548687553 
 0,175275190516511 
 0,173581710414903 
 0,190516511430991 
 0,309060118543607 
 0,312447078746825 
 0,31922099915326 
 0,325994919559695 
 0,325148179508891 
 0,320914479254869 
 0,320067739204064 
 0,3268416596105 
 0,330228619813717 
 0,329381879762913 
 0,381879762912786 
 0,385266723116003 
 0,388653683319221 
 0,392040643522439 
 0,430143945808637 
 0,412362404741744 
 0,389500423370025 
 0,397121083827265 
 0,370025402201524 
 0,399661303979678 
 0,407281964436918 
 0,415749364944962 
 0,414055884843353 
 0,408128704487722 
 0,406435224386113 
 0,409822184589331 
 0,408128704487722 
 0,41151566469094 
 0,409822184589331 
 0,398814563928874 
 0,357324301439458 
 0,370025402201524 
 0,372565622353937 
 0,380186282811177 
 0,387806943268417 
 0,39034716342083 
 0,398814563928874 
 0,262489415749365 
 0,248941574936494 
 0,307366638441998 
 0,398814563928874 
 0,401354784081287 
 0,404741744284505 
 0,407281964436918 
 0,490262489415749 
 0,493649449618967 
 0,491109229466554 
 0,368331922099915 
 0,325994919559695 
 0,444538526672312 
 0,447078746824725 
 0,455546147332769 
 0,453005927180356 
 0,455546147332769 
 0,469940728196444 
 0,472480948348857 
 0,47502116850127 
 0,55376799322608 
 0,480101608806097 
 0,45385266723116 
 0,456392887383573 
 0,381033022861981 
 0,359017781541067 
 0,373412362404742 
 0,363251481795089 
 0,383573243014395 
 0,58086367485182 
 0,602032176121931 
 0,611346316680779 
 0,614733276883997 
 0,618120237087214 
 0,620660457239627 
 0,629974597798476 
 0,620660457239627 
 0,635901778154107 
 0,639288738357324 
 0,642675698560542 
 0,645215918712955 
 0,648602878916173 
 0,651143099068586 
 0,654530059271804 
 0,657070279424217 
 0,65961049957663 
 0,662997459779848 
 0,665537679932261 
 0,668924640135478 
 0,530906011854361 
 0,525825571549534 
 0,480948348856901 
 0,49618966977138 
 0,607959356477561 
 0,624047417442845 
 0,640135478408129 
 0,656223539373412 
 0,693480101608806 
 0,696867061812024 
 0,699407281964437 
 0,70194750211685 
 0,704487722269263 
 0,707027942421677 
 0,70956816257409 
 0,712108382726503 
 0,714648602878916 
 0,717188823031329 
 0,719729043183743 
 0,535139712108383 
 0,543607112616427 
 0,56731583403895 
 0,554614733276884 
 0,703640982218459 
 0,698560541913632 
 0,700254022015241 
 0,695173581710415 
 0,727349703640982 
 0,700254022015241 
 0,70194750211685 
 0,681625740897544 
 0,631668077900085 
 0,739204064352244 
 0,748518204911092 
 0,743437764606266 
 0,745977984758679 
 0,747671464860288 
 0,750211685012701 
 0,645215918712955 
 0,662150719729043 
 0,663844199830652 
 0,689246401354784 
 0,690939881456393 
 0,700254022015241 
 0,702794242167655 
 0,704487722269263 
 0,557154953429297 
 0,377646062658764 
 0,418289585097375 
 0,450465707027942 
 0,515664690939881 
 0,317527519051651 
 0,318374259102456 
 0,607112616426757 
 0,672311600338696 
 0,353090601185436 
 0,345469940728196 
 0,314140558848434 
 0,314987298899238 
 0,307366638441998 
 0,308213378492803 
 0,317527519051651 
 0,317527519051651 
 0,318374259102456 
 0,368331922099915 
 0,385266723116003 
 0,403048264182896 
 0,4038950042337 
 0,404741744284505 
 0,413209144792549 
 0,405588484335309 
 0,39034716342083 
 0,407281964436918 
 0,383573243014395 
 0,333615580016935 
 0,325994919559695 
 0,318374259102456 
 0,285351397121084 
 0,277730736663844 
 0,294665537679932 
 0,337849280270957 
 0,329381879762913 
 0,372565622353937 
 0,441151566469094 
 0,509737510584251 
 0,492802709568163 
 0,485182049110923 
 0,502963590177815 
 0,512277730736664 
 0,513124470787468 
 0,480101608806097 
 0,471634208298052 
 0,420829805249788 
 0,413209144792549 
 0,413209144792549 
 0,448772226926334 
 0,586790855207451 
 0,587637595258256 
 0,58848433530906 
 0,814563928873836 
 0,806943268416596 
 0,8077900084674 
 0,808636748518205 
 0,809483488569009 
 0,487722269263336 
 0,506350550381033 
 0,489415749364945 
 0,602878916172735 
 0,779000846740051 
 0,779847586790855 
 0,78069432684166 
 0,772226926333616 
 0,729043183742591 
 0,729889923793395 
 0,685859441151566 
 0,686706181202371 
 0,696020321761219 
 0,714648602878916 
 0,723962743437765 
 0,706181202370872 
 0,707027942421677 
 0,707874682472481 
 0,717188823031329 
 0,858594411515665 
 0,859441151566469 
 0,860287891617273 
 0,701100762066046 
 0,701100762066046 
 0,692633361558002 
 0,710414902624894 
 0,70194750211685 
 0,586790855207451 
 0,364944961896698 
 0,391193903471634 
 0,374259102455546 
 0,38272650296359 
 0,38272650296359 
 0,427603725656224 
 0,436917866215072 
 0,427603725656224 
 0,41913632514818 
 0,51735817104149 
 0,802709568162574 
 0,812023708721422 
 0,829805249788315 
 0,892464013547841 
 0,892464013547841 
 0,892464013547841 
 0,892464013547841 
 0,892464013547841 
 0,892464013547841 
 0,892464013547841 
 0,892464013547841 
 0,892464013547841 
 0,892464013547841 
 0,892464013547841 
 0,891617273497036 
 0,891617273497036 
 0,891617273497036 
 0,891617273497036 
 0,891617273497036 
 0,748518204911092 
 0,748518204911092 
 0,747671464860288 
 0,489415749364945 
 0,463166807790008 
 0,480101608806097 
 0,436071126164268 
 0,426756985605419 
 0,408975444538527 
 0,408128704487722 
 0,399661303979678 
 0,381033022861981 
 0,381033022861981 
 0,372565622353937 
 0,371718882303133 
 0,460626587637595 
 0,415749364944962 
 0,477561388653683 
 0,468247248094835 
 0,423370025402202 
 0,423370025402202 
 0,423370025402202 
 0,854360711261643 
 0,861981371718882 
 0,861981371718882 
 0,851820491109229 
 0,850973751058425 
 0,877222692633362 
 0,876375952582557 
 0,875529212531753 
 0,874682472480948 
 0,873835732430144 
 0,87298899237934 
 0,871295512277731 
 0,870448772226926 
 0,783234546994073 
 0,8077900084674 
 0,81541066892464 
 0,789161727349704 
 0,796782387806943 
 0,795935647756139 
 0,777307366638442 
 0,793395427603726 
 0,594411515664691 
 0,447078746824725 
 0,464013547840813 
 0,471634208298052 
 0,488569009314141 
 0,49618966977138 
 0,453005927180356 
 0,452159187129551 
 0,323454699407282 
 0,323454699407282 
 0,322607959356478 
 0,34801016088061 
 0,338696020321761 
 0,253175275190517 
 0,244707874682472 
 0,227773073666384 
 0,201524132091448 
 0,201524132091448 
 0,226079593564776 
 0,217612193056732 
 0,209144792548688 
 0,208298052497883 
 0,191363251481795 
 0,182895850973751 
 0,190516511430991 
 0,19813717188823 
 0,189669771380186 
 0,181202370872142 
 0,188823031329382 
 0,21337849280271 
 0,212531752751905 
 0,212531752751905 
 0,211685012701101 
 0,227773073666384 
 0,243861134631668 
 0,251481795088908 
 0,242167654530059 
 0,258255715495343 
 0,249788314987299 
 0,24047417442845 
 0,272650296359018 
 0,599491955969517 
 0,478408128704488 
 0,500423370025402 
 0,468247248094835 
 0,719729043183743 
 0,718035563082134 
 0,700254022015241 
 0,706181202370872 
 0,657917019475021 
 0,632514817950889 
 0,350550381033023 
 0,333615580016935 
 0,464860287891617 
 0,463166807790008 
 0,438611346316681 
 0,460626587637595 
 0,696867061812024 
 0,404741744284505 
 0,388653683319221 
 0,386960203217612 
 0,363251481795089 
 0,354784081287045 
 0,315834038950042 
 0,314987298899238 
 0,343776460626588 
 0,357324301439458 
 0,378492802709568 
 0,414902624894157 
 0,413209144792549 
 0,426756985605419 
 0,43268416596105 
 0,423370025402202 
 0,443691786621507 
 0,66723116003387 
 0,686706181202371 
 0,684165961049958 
 0,359017781541067 
 0,479254868755292 
 0,519898391193903 
 0,525825571549534 
 0,523285351397121 
 0,528365791701948 
 0,526672311600339 
 0,48264182895851 
 0,474174428450466 
 0,610499576629975 
 0,608806096528366 
 0,606265876375953 
 0,603725656223539 
 0,54614733276884 
 0,551227773073666 
 0,541913632514818 
 0,566469093988146 
 0,564775613886537 
 0,562235393734124 
 0,55969517358171 
 0,338696020321761 
 0,316680779000847 
 0,302286198137172 
 0,301439458086367 
 0,417442845046571 
 0,434377646062659 
 0,406435224386113 
 0,385266723116003 
 0,422523285351397 
 0,31160033869602 
 0,316680779000847 
 0,309060118543607 
 0,320067739204064 
 0,324301439458086 
 0,323454699407282 
 0,309060118543607 
 0,307366638441998 
 0,281117696867062 
 0,237087214225233 
 0,230313293818798 
 0,228619813717189 
 0,233700254022015 
 0,226079593564776 
 0,21930567315834 
 0,218458933107536 
 0,216765453005927 
 0,180355630821338 
 0,173581710414903 
 0,172734970364098 
 0,160880609652837 
 0,154106689246401 
 0,141405588484335 
 0,140558848433531 
 0,1346316680779 
 0,133784928027096 
 0,132938187976291 
 0,137171888230313 
 0,14225232853514 
 9,73751058425063E-02 
 8,63674851820491E-02 
 8,04403048264183E-02 
 7,95935647756139E-02 
 7,36663844199831E-02 
 7,87468247248095E-02 
 7,79000846740051E-02 
 7,28196443691787E-02 
 4,14902624894158E-02 
 4,06435224386113E-02 
 4,06435224386113E-02 
 4,06435224386113E-02 
 4,48772226926334E-02 
 4,99576629974598E-02 
 5,41913632514818E-02 
 4,91109229466554E-02 
 5,33446232006774E-02 
 0,048264182895851 
 0,048264182895851 
 0,052497883149873 
 5,16511430990686E-02 
 5,16511430990686E-02 
 5,08044030482642E-02 
 5,50381033022862E-02 
 5,50381033022862E-02 
 4,57239627434378E-02 
 4,06435224386113E-02 
 3,97967823878069E-02 
 3,97967823878069E-02 
 0,044030482641829 
 4,31837425910246E-02 
 4,31837425910246E-02 
 4,23370025402202E-02 
 4,23370025402202E-02 
 3,81033022861981E-02 
 3,72565622353937E-02 
 4,14902624894158E-02 
 3,64098221845893E-02 
 3,21761219305673E-02 
 3,64098221845893E-02 
 3,55630821337849E-02 
 3,89500423370025E-02 
 4,65707027942422E-02 
 3,47163420829805E-02 
 3,47163420829805E-02 
 4,14902624894158E-02 
 4,48772226926334E-02 
 0,048264182895851 
 0,044030482641829 
 6,18120237087214E-02 
 0,060965283657917 
 0,056731583403895 
 5,92718035563082E-02 
 6,60457239627434E-02 
 0,065198983911939 
 7,11261642675699E-02 
 7,36663844199831E-02 
 8,55207451312447E-02 
 7,79000846740051E-02 
 7,70533446232007E-02 
 7,95935647756139E-02 
 8,80609652836579E-02 
 9,31414055884843E-02 
 9,48348856900931E-02 
 0,115156646909399 
 0,104149026248942 
 0,103302286198137 
 0,107535986452159 
 0,226079593564776 
 0,222692633361558 
 0,222692633361558 
 0,192209991532599 
 5,16511430990686E-02 
 5,84250635055038E-02 
 5,75783234546994E-02 
 5,41913632514818E-02 
 5,33446232006774E-02 
 5,50381033022862E-02 
 6,18120237087214E-02 
 5,58848433530906E-02 
 0,052497883149873 
 5,16511430990686E-02 
 5,08044030482642E-02 
 4,99576629974598E-02 
 5,08044030482642E-02 
 4,57239627434378E-02 
 4,74174428450466E-02 
 0,048264182895851 
 5,58848433530906E-02 
 5,41913632514818E-02 
 5,33446232006774E-02 
 0,052497883149873 
 5,16511430990686E-02 
 0,052497883149873 
 4,74174428450466E-02 
 4,65707027942422E-02 
 4,74174428450466E-02 
 4,74174428450466E-02 
 4,31837425910246E-02 
 4,57239627434378E-02 
 4,57239627434378E-02 
 3,97967823878069E-02 
 3,72565622353937E-02 
 3,64098221845893E-02 
 2,54022015241321E-02 
 2,54022015241321E-02 
 2,45554614733277E-02 
 2,11685012701101E-02 
 2,45554614733277E-02 
 2,20152413209145E-02 
 2,37087214225233E-02 
 2,20152413209145E-02 
 2,11685012701101E-02 
 1,94750211685013E-02 
 1,77815410668925E-02 
 1,69348010160881E-02 
 1,77815410668925E-02 
 1,43945808636749E-02 
 0,012701100762066 
 0,012701100762066 
 1,35478408128704E-02 
 0,012701100762066 
 1,18543607112616E-02 
 1,18543607112616E-02 
 1,01608806096528E-02 
 1,01608806096528E-02 
 1,10076206604572E-02 
 1,10076206604572E-02 
 1,01608806096528E-02 
 1,10076206604572E-02 
 1,01608806096528E-02 
 9,31414055884843E-03 
 9,31414055884843E-03 
 9,31414055884843E-03 
 7,62066045723963E-03 
 5,08044030482642E-03 
 4,23370025402202E-03 
 3,38696020321761E-03 
 3,38696020321761E-03 
 3,38696020321761E-03 
 3,38696020321761E-03 
 3,38696020321761E-03 
 2,54022015241321E-03 
 2,54022015241321E-03 
 2,54022015241321E-03 
 2,54022015241321E-03 
 1,69348010160881E-03 
 1,69348010160881E-03 
 1,69348010160881E-03 
 8,46740050804403E-04 
 8,46740050804403E-04 
 8,46740050804403E-04 
 8,46740050804403E-04 
 8,46740050804403E-04 
 0 
 8,46740050804403E-04 
 8,46740050804403E-04 
 8,46740050804403E-04 
 0 
 0 
 0 
 0 
 0 
 0 
 0 
 0 
 0 
 0 
 0 
 0 
 0 
 0 
 0 
 0 
 0 
 0 
 0 
 0 
 0 
 0 
 0 
 0 
 0 
 0 
 0 
 0 
 0 
 0 
 0 
 0 
 0 
 0 
 0 
 0 
 0 
 0 
 0 
 0 
 0 
 0 
 0 
 0 
 0 
 0 
 0 
 0 
 0 
 0 
 0 
 0 
 0 
 0 
 0 
 0 
 0 
 0 
 0 
 0 
 0 
 0 
 0 
 0 
 0 
 0 
 0 
 0 
 0 
 0 
 0 
 0 
 0 
 0 
 0 
 0 
 0 
 0 
 0 
 0 
 0 
 0 
 0 
 0 
 0 
 0 
 0 
 0 
 0 
 0 
 0 
 0 
 0 
 0 
 0 
 0 
 0 
 0 
 0 
 0 
 0 
 0 
 0 
 0 
 0 
 0 
 0 
 0 
 0 
 0 
 0 
 0 
 0 
 0 
 0 
 0 
 0 
 0 
 0 
 0 
 0 
 0 
 0 
 0 
 0 
 0 
 0 
 0 
 0 
 0 
 0 
 0 
 0 
 0 
 0 
 0 
 0 
 0 
 0 
 0 
 0 
 0 
 0 
 0 
 0 
 0 
 0 
 0 
 0 
 0 
 0 
 0 
 0 
 0 
 0 
 0 
 0 
 0 
 0 
 0 
 0 
 0 
 0 
 0 
 0 
 0 
 0 
 0 
 0 
 0 
 0 
 0 
 0 
 0 
 0 
 0 
 0 
 0 
 0 
 0 
 0 
 0 
 0 
 0 
 0 
 0 
 0 
 0 
 0 
 0 
 0 
 0 
 0 
 0 
 0 
 0 
 0 
 0 
 0 
 0 
 0 
 0 
 0 
 0 
 0 
 0 
 0 
 0 
 0 
 0 
 0 
 0 
 0 
 0 
 0 
 0 
 0 
 0 
 0 
 0 
 0 
 0 
 0 
 0 
 0 
 0 
 0 
 0 
 0 
 0 
 0 
 0 
 0 
 0 
 0 
 0 
 0 
 0 
 0 
 0 
 0 
 0 
 0 
 0 
 0 
 0 
 0 
 0 
 0 
 0 
 0 
 0 
 0 
 0 
 0 
 0 
 0 
 0 
 0 
 0 
 0 
 0 
 0 
 0 
 0 
 0 
 0 
 0 
 0 
 0 
 0 
 0 
 0 
 0 
 0 
 0 
 0 
 0 
 0 
 0 
 0 
 0 
 0 
 0 
 0 
 0 
 0 
 0 
 0 
 0 
 0 
 0 
 0 
 0 
 0 
 0 
 0 
 0 
 0 
 0 
 0 
 0 
 0 
 0 
 0 
 0 
 0 
 0 
 0 
 0 
 0 
