 0 
 0 
 0 
 0 
 0 
 0 
 0 
 0 
 0 
 0 
 0 
 0 
 0 
 0 
 0 
 0 
 0 
 0 
 0 
 0 
 0 
 0 
 0 
 0 
 0 
 0 
 0 
 0 
 0 
 0 
 0 
 0 
 0 
 0 
 0 
 0 
 0 
 0 
 0 
 0 
 0 
 0 
 0 
 0 
 0 
 0 
 0 
 0 
 0 
 0 
 0 
 0 
 0 
 0 
 0 
 0 
 0 
 0 
 0 
 0 
 0 
 0 
 0 
 0 
 0 
 0 
 0 
 0 
 0 
 0 
 0 
 0 
 0 
 0 
 0 
 0 
 0 
 0 
 0 
 0 
 0 
 0 
 0 
 0 
 0 
 0 
 0 
 0 
 0 
 0 
 0 
 0 
 0 
 0 
 0 
 0 
 0 
 0 
 0 
 0 
 0 
 0 
 0 
 0 
 0 
 0 
 0 
 0 
 0 
 0 
 0 
 0 
 0 
 0 
 0 
 0 
 0 
 0 
 0 
 0 
 0 
 0 
 0 
 0 
 0 
 0 
 0 
 0 
 0 
 0 
 0 
 0 
 0 
 0 
 0 
 0 
 0 
 0 
 0 
 0 
 0 
 0 
 0 
 0 
 0 
 0 
 0 
 0 
 0 
 0 
 0 
 0 
 0 
 0 
 0 
 0 
 0 
 0 
 0 
 0 
 0 
 0 
 0 
 0 
 0 
 0 
 0 
 0 
 0 
 0 
 0 
 0 
 0 
 0 
 0 
 0 
 0 
 0 
 0 
 0 
 0 
 0 
 0 
 0 
 0 
 0 
 0 
 0 
 0 
 0 
 0 
 0 
 0 
 0 
 0 
 0 
 0 
 0 
 0 
 0 
 0 
 0 
 0 
 0 
 0 
 0 
 0 
 0 
 0 
 0 
 0 
 0 
 0 
 0 
 0 
 0 
 0 
 0 
 0 
 0 
 0 
 0 
 0 
 0 
 0 
 0 
 0 
 0 
 0 
 0 
 0 
 0 
 0 
 0 
 0 
 0 
 0 
 0 
 0 
 0 
 0 
 0 
 0 
 0 
 0 
 0 
 0 
 0 
 0 
 0 
 0 
 0 
 0 
 0 
 0 
 0 
 0 
 0 
 0 
 0 
 0 
 0 
 0 
 0 
 0 
 0 
 0 
 0 
 0 
 0 
 0 
 0 
 0 
 0 
 0 
 0 
 0 
 0 
 0 
 0 
 0 
 0 
 0 
 0 
 0 
 0 
 0 
 0 
 0 
 0 
 0 
 0 
 0 
 0 
 0 
 0 
 0 
 0 
 0 
 0 
 0 
 0 
 0 
 0 
 0 
 0 
 0 
 0 
 0 
 0 
 0 
 0 
 0 
 0 
 0 
 0 
 0 
 0 
 0 
 0 
 0 
 0 
 0 
 0 
 0 
 0 
 0 
 0 
 0 
 0 
 0 
 0 
 0 
 0 
 0 
 0 
 0 
 0 
 0 
 0 
 0 
 0 
 0 
 0 
 0 
 0 
 0 
 0 
 0 
 0 
 0 
 0 
 0 
 0 
 0 
 0 
 0 
 0 
 0 
 0 
 0 
 0 
 0 
 0 
 0 
 0 
 0 
 0 
 0 
 0 
 0 
 0 
 0 
 0 
 0 
 0 
 0 
 0 
 0 
 0 
 0 
 0 
 0 
 0 
 0 
 0 
 0 
 0 
 0 
 0 
 0 
 0 
 0 
 0 
 0 
 0 
 0 
 0 
 0 
 0 
 0 
 0 
 0 
 0 
 0 
 0 
 0 
 0 
 0 
 0 
 0 
 0 
 0 
 0 
 0 
 0 
 0 
 0 
 0 
 0 
 0 
 0 
 0 
 0 
 0 
 0 
 0 
 0 
 0 
 0 
 0 
 0 
 0 
 0 
 0 
 0 
 0 
 0 
 8,46740050804403E-04 
 8,46740050804403E-04 
 8,46740050804403E-04 
 1,69348010160881E-03 
 1,69348010160881E-03 
 1,69348010160881E-03 
 2,54022015241321E-03 
 2,54022015241321E-03 
 2,54022015241321E-03 
 3,38696020321761E-03 
 4,23370025402202E-03 
 4,23370025402202E-03 
 5,08044030482642E-03 
 5,08044030482642E-03 
 6,77392040643522E-03 
 9,31414055884843E-03 
 1,10076206604572E-02 
 1,18543607112616E-02 
 0,012701100762066 
 1,35478408128704E-02 
 0,012701100762066 
 0,012701100762066 
 1,43945808636749E-02 
 1,18543607112616E-02 
 1,18543607112616E-02 
 1,35478408128704E-02 
 1,52413209144793E-02 
 1,43945808636749E-02 
 1,43945808636749E-02 
 5,08044030482642E-02 
 5,08044030482642E-02 
 5,50381033022862E-02 
 2,11685012701101E-02 
 2,37087214225233E-02 
 2,20152413209145E-02 
 1,86282811176969E-02 
 2,03217612193057E-02 
 2,11685012701101E-02 
 2,28619813717189E-02 
 2,54022015241321E-02 
 2,37087214225233E-02 
 2,54022015241321E-02 
 2,62489415749365E-02 
 2,70956816257409E-02 
 2,79424216765453E-02 
 2,79424216765453E-02 
 2,87891617273497E-02 
 3,47163420829805E-02 
 3,47163420829805E-02 
 3,81033022861981E-02 
 3,81033022861981E-02 
 5,41913632514818E-02 
 6,01185436071126E-02 
 6,60457239627434E-02 
 0,069432684165961 
 0,147332768839966 
 0,150719729043184 
 0,156646909398815 
 0,16342082980525 
 0,109229466553768 
 0,109229466553768 
 9,82218458933107E-02 
 0,110076206604572 
 0,104995766299746 
 0,108382726502964 
 0,119390347163421 
 0,12108382726503 
 0,121930567315834 
 0,132938187976291 
 0,143945808636749 
 0,166807790008467 
 0,139712108382726 
 0,139712108382726 
 0,139712108382726 
 0,132938187976291 
 0,226079593564776 
 0,224386113463167 
 0,230313293818798 
 0,237087214225233 
 0,24809483488569 
 0,265876375952583 
 0,132091447925487 
 0,133784928027096 
 0,147332768839966 
 0,157493649449619 
 0,154106689246401 
 0,162574089754445 
 0,176121930567316 
 0,202370872142252 
 0,169348010160881 
 0,296359017781541 
 0,19813717188823 
 0,21337849280271 
 0,161727349703641 
 0,150719729043184 
 0,156646909398815 
 0,181202370872142 
 0,160033869602032 
 0,154953429297206 
 0,293818797629128 
 0,293818797629128 
 0,300592718035563 
 0,303979678238781 
 0,310753598645216 
 0,310753598645216 
 0,314140558848434 
 0,324301439458086 
 0,302286198137172 
 0,297205757832345 
 0,300592718035563 
 0,322607959356478 
 0,325994919559695 
 0,329381879762913 
 0,226079593564776 
 0,211685012701101 
 0,157493649449619 
 0,159187129551228 
 0,160033869602032 
 0,137171888230313 
 0,129551227773074 
 0,131244707874682 
 0,286198137171888 
 0,309906858594412 
 0,312447078746825 
 0,179508890770533 
 0,181202370872142 
 0,177815410668925 
 0,210838272650296 
 0,17696867061812 
 0,20575783234547 
 0,23454699407282 
 0,22692633361558 
 0,215071972904318 
 0,207451312447079 
 0,451312447078747 
 0,449618966977138 
 0,366638441998307 
 0,36917866215072 
 0,41151566469094 
 0,414055884843353 
 0,466553767993226 
 0,209991532599492 
 0,237087214225233 
 0,19813717188823 
 0,183742591024555 
 0,170194750211685 
 0,149872988992379 
 0,145639288738357 
 0,157493649449619 
 0,12701100762066 
 0,127857747671465 
 0,122777307366638 
 0,123624047417443 
 0,124470787468247 
 0,131244707874682 
 0,137171888230313 
 0,29805249788315 
 0,244707874682472 
 0,24047417442845 
 0,264182895850974 
 0,265876375952583 
 0,261642675698561 
 0,29805249788315 
 0,305673158340389 
 0,202370872142252 
 0,262489415749365 
 0,246401354784081 
 0,235393734123624 
 0,160033869602032 
 0,149026248941575 
 0,161727349703641 
 0,162574089754445 
 0,157493649449619 
 0,511430990685859 
 0,513971210838273 
 0,491955969517358 
 0,457239627434378 
 0,453005927180356 
 0,4614733276884 
 0,469940728196444 
 0,472480948348857 
 0,47502116850127 
 0,470787468247248 
 0,479254868755292 
 0,47502116850127 
 0,180355630821338 
 0,175275190516511 
 0,176121930567316 
 0,17696867061812 
 0,177815410668925 
 0,171888230313294 
 0,172734970364098 
 0,172734970364098 
 0,173581710414903 
 0,181202370872142 
 0,182049110922947 
 0,189669771380186 
 0,190516511430991 
 0,177815410668925 
 0,198983911939035 
 0,199830651989839 
 0,207451312447079 
 0,201524132091448 
 0,194750211685013 
 0,174428450465707 
 0,161727349703641 
 0,161727349703641 
 0,169348010160881 
 0,177815410668925 
 0,14225232853514 
 0,135478408128704 
 0,143099068585944 
 0,143945808636749 
 0,151566469093988 
 0,152413209144793 
 0,152413209144793 
 0,145639288738357 
 0,146486028789162 
 0,132091447925487 
 0,132938187976291 
 0,126164267569856 
 0,118543607112616 
 0,104149026248942 
 0,104995766299746 
 8,21337849280271E-02 
 8,29805249788315E-02 
 7,53598645215919E-02 
 6,77392040643522E-02 
 7,62066045723963E-02 
 7,62066045723963E-02 
 8,38272650296359E-02 
 8,38272650296359E-02 
 8,46740050804403E-02 
 8,46740050804403E-02 
 8,46740050804403E-02 
 8,55207451312447E-02 
 0,100762066045724 
 0,132091447925487 
 0,116850127011008 
 0,125317527519052 
 0,117696867061812 
 0,110076206604572 
 0,118543607112616 
 0,1346316680779 
 0,1346316680779 
 0,12701100762066 
 0,135478408128704 
 0,143945808636749 
 0,143945808636749 
 0,128704487722269 
 0,128704487722269 
 0,137171888230313 
 0,153259949195597 
 0,138018628281118 
 0,146486028789162 
 0,154953429297206 
 0,16342082980525 
 0,171888230313294 
 0,171888230313294 
 0,164267569856054 
 0,164267569856054 
 0,165114309906859 
 0,165114309906859 
 0,173581710414903 
 0,173581710414903 
 0,165961049957663 
 0,165961049957663 
 0,166807790008467 
 0,175275190516511 
 0,167654530059272 
 0,176121930567316 
 0,167654530059272 
 0,201524132091448 
 0,235393734123624 
 0,236240474174428 
 0,236240474174428 
 0,228619813717189 
 0,237087214225233 
 0,246401354784081 
 0,229466553767993 
 0,230313293818798 
 0,204911092294666 
 0,196443691786621 
 0,196443691786621 
 0,197290431837426 
 0,20575783234547 
 0,20575783234547 
 0,206604572396274 
 0,215071972904318 
 0,206604572396274 
 0,207451312447079 
 0,233700254022015 
 0,225232853513971 
 0,225232853513971 
 0,243014394580864 
 0,252328535139712 
 0,287044877222693 
 0,287044877222693 
 0,278577476714649 
 0,279424216765453 
 0,279424216765453 
 0,288738357324301 
 0,280270956816257 
 0,508044030482642 
 0,464860287891617 
 0,474174428450466 
 0,55376799322608 
 0,501270110076207 
 0,510584250635055 
 0,536833192209991 
 0,581710414902625 
 0,591024555461473 
 0,582557154953429 
 0,582557154953429 
 0,698560541913632 
 0,68077900084674 
 0,690093141405589 
 0,699407281964437 
 0,700254022015241 
 0,691786621507197 
 0,691786621507197 
 0,576629974597799 
 0,55969517358171 
 0,585944115156647 
 0,381879762912786 
 0,497883149872989 
 0,462320067739204 
 0,426756985605419 
 0,471634208298052 
 0,463166807790008 
 0,472480948348857 
 0,445385266723116 
 0,436917866215072 
 0,481795088907705 
 0,276037256562235 
 0,294665537679932 
 0,27688399661304 
 0,267569856054191 
 0,27688399661304 
 0,249788314987299 
 0,232006773920406 
 0,214225232853514 
 0,204911092294666 
 0,187129551227773 
 0,187129551227773 
 0,187129551227773 
 0,196443691786621 
 0,187129551227773 
 0,187129551227773 
 0,204911092294666 
 0,196443691786621 
 0,187129551227773 
 0,14225232853514 
 0,14225232853514 
 0,151566469093988 
 0,133784928027096 
 0,133784928027096 
 0,133784928027096 
 0,133784928027096 
 0,124470787468247 
 0,124470787468247 
 0,14225232853514 
 0,124470787468247 
 0,14225232853514 
 0,150719729043184 
 0,150719729043184 
 0,160033869602032 
 0,168501270110076 
 0,159187129551228 
 0,17696867061812 
 0,168501270110076 
 0,17696867061812 
 0,185436071126164 
 0,185436071126164 
 0,176121930567316 
 0,176121930567316 
 0,325994919559695 
 0,325994919559695 
 0,325994919559695 
 0,334462320067739 
 0,307366638441998 
 0,315834038950042 
 0,271803556308213 
 0,271803556308213 
 0,280270956816257 
 0,279424216765453 
 0,279424216765453 
 0,270110076206605 
 0,270110076206605 
 0,278577476714649 
 0,287044877222693 
 0,287044877222693 
 0,286198137171888 
 0,286198137171888 
 0,268416596104996 
 0,225232853513971 
 0,215918712955123 
 0,241320914479255 
 0,241320914479255 
 0,249788314987299 
 0,248941574936494 
 0,292125317527519 
 0,282811176968671 
 0,281964436917866 
 0,281964436917866 
 0,272650296359018 
 0,289585097375106 
 0,29805249788315 
 0,288738357324301 
 0,279424216765453 
 0,287891617273497 
 0,287044877222693 
 0,312447078746825 
 0,589331075359865 
 0,310753598645216 
 0,302286198137172 
 0,410668924640135 
 0,418289585097375 
 0,442845046570703 
 0,533446232006774 
 0,541066892464014 
 0,523285351397121 
 0,662997459779848 
 0,620660457239627 
 0,65198983911939 
 0,717188823031329 
 0,715495342929721 
 0,762912785774767 
 0,761219305673158 
 0,735817104149026 
 0,734123624047417 
 0,723962743437765 
 0,714648602878916 
 0,704487722269263 
 0,670618120237087 
 0,677392040643522 
 0,675698560541914 
 0,674005080440305 
 0,68077900084674 
 0,686706181202371 
 0,685012701100762 
 0,675698560541914 
 0,674005080440305 
 0,672311600338696 
 0,662997459779848 
 0,652836579170195 
 0,628281117696867 
 0,602878916172735 
 0,656223539373412 
 0,653683319220999 
 0,621507197290432 
 0,603725656223539 
 0,618120237087214 
 0,569856054191363 
 0,483488569009314 
 0,658763759525826 
 0,663844199830652 
 0,662150719729043 
 0,652836579170195 
 0,4614733276884 
 0,445385266723116 
 0,541913632514818 
 0,546994072819644 
 0,179508890770533 
 0,171041490262489 
 0,171041490262489 
 0,170194750211685 
 0,18458933107536 
 0,183742591024555 
 0,182895850973751 
 0,175275190516511 
 0,174428450465707 
 0,174428450465707 
 0,173581710414903 
 0,158340389500423 
 0,165114309906859 
 0,157493649449619 
 0,149872988992379 
 0,149026248941575 
 0,15580016934801 
 0,169348010160881 
 0,175275190516511 
 0,167654530059272 
 0,174428450465707 
 0,194750211685013 
 0,193903471634208 
 0,193056731583404 
 0,20575783234547 
 0,211685012701101 
 0,217612193056732 
 0,216765453005927 
 0,229466553767993 
 0,235393734123624 
 0,23454699407282 
 0,246401354784081 
 0,238780694326842 
 0,217612193056732 
 0,209991532599492 
 0,222692633361558 
 0,221845893310754 
 0,214225232853514 
 0,187129551227773 
 0,180355630821338 
 0,179508890770533 
 0,18458933107536 
 0,177815410668925 
 0,17696867061812 
 0,169348010160881 
 0,168501270110076 
 0,167654530059272 
 0,19813717188823 
 0,227773073666384 
 0,214225232853514 
 0,206604572396274 
 0,211685012701101 
 0,216765453005927 
 0,221845893310754 
 0,220152413209145 
 0,231160033869602 
 0,241320914479255 
 0,351397121083827 
 0,3268416596105 
 0,31922099915326 
 0,316680779000847 
 0,263336155800169 
 0,330228619813717 
 0,317527519051651 
 0,276037256562235 
 0,274343776460627 
 0,239627434377646 
 0,243014394580864 
 0,253175275190517 
 0,24047417442845 
 0,265876375952583 
 0,469093988145639 
 0,439458086367485 
 0,441998306519898 
 0,439458086367485 
 0,436071126164268 
 0,433530906011854 
 0,518204911092295 
 0,514817950889077 
 0,511430990685859 
 0,508044030482642 
 0,504657070279424 
 0,500423370025402 
 0,497036409822185 
 0,493649449618967 
 0,490262489415749 
 0,486028789161727 
 0,48264182895851 
 0,479254868755292 
 0,47502116850127 
 0,471634208298052 
 0,468247248094835 
 0,464013547840813 
 0,460626587637595 
 0,457239627434378 
 0,425910245554615 
 0,422523285351397 
 0,41913632514818 
 0,437764606265876 
 0,434377646062659 
 0,4038950042337 
 0,430990685859441 
 0,426756985605419 
 0,423370025402202 
 0,41913632514818 
 0,415749364944962 
 0,41151566469094 
 0,408128704487722 
 0,4038950042337 
 0,400508044030483 
 0,396274343776461 
 0,392887383573243 
 0,388653683319221 
 0,385266723116003 
 0,236240474174428 
 0,222692633361558 
 0,257408975444539 
 0,114309906858594 
 9,14479254868755E-02 
 0,101608806096528 
 9,65283657917019E-02 
 9,22946655376799E-02 
 9,06011854360711E-02 
 8,97544453852667E-02 
 9,22946655376799E-02 
 9,48348856900931E-02 
 8,97544453852667E-02 
 7,95935647756139E-02 
 7,53598645215919E-02 
 7,70533446232007E-02 
 0,104995766299746 
 0,119390347163421 
 0,111769686706181 
 0,107535986452159 
 0,108382726502964 
 0,104149026248942 
 0,103302286198137 
 0,249788314987299 
 0,24047417442845 
 0,211685012701101 
 0,208298052497883 
 0,170194750211685 
 0,143099068585944 
 0,231160033869602 
 0,227773073666384 
 0,224386113463167 
 0,220999153259949 
 0,217612193056732 
 0,223539373412362 
 0,21337849280271 
 0,237933954276037 
 0,233700254022015 
 0,230313293818798 
 0,226079593564776 
 0,221845893310754 
 0,217612193056732 
 0,214225232853514 
 0,209991532599492 
 0,20575783234547 
 0,201524132091448 
 0,19813717188823 
 0,193903471634208 
 0,189669771380186 
 0,186282811176969 
 0,182049110922947 
 0,177815410668925 
 0,174428450465707 
 0,170194750211685 
 0,165961049957663 
 0,162574089754445 
 0,158340389500423 
 0,154106689246401 
 0,150719729043184 
 0,146486028789162 
 0,143099068585944 
 0,138865368331922 
 0,135478408128704 
 0,131244707874682 
 0,127857747671465 
 0,123624047417443 
 0,120237087214225 
 0,116003386960203 
 0,112616426756986 
 0,109229466553768 
 0,104995766299746 
 0,101608806096528 
 9,82218458933107E-02 
 8,46740050804403E-02 
 8,38272650296359E-02 
 8,04403048264183E-02 
 7,53598645215919E-02 
 5,16511430990686E-02 
 0,052497883149873 
 4,57239627434378E-02 
 4,23370025402202E-02 
 4,14902624894158E-02 
 3,89500423370025E-02 
 3,89500423370025E-02 
 3,64098221845893E-02 
 3,30228619813717E-02 
 2,96359017781541E-02 
 2,37087214225233E-02 
 2,11685012701101E-02 
 1,69348010160881E-02 
 1,52413209144793E-02 
 1,77815410668925E-02 
 1,60880609652837E-02 
 1,52413209144793E-02 
 1,35478408128704E-02 
 1,52413209144793E-02 
 1,35478408128704E-02 
 0,012701100762066 
 1,43945808636749E-02 
 1,35478408128704E-02 
 1,18543607112616E-02 
 0,012701100762066 
 7,62066045723963E-03 
 6,77392040643522E-03 
 7,62066045723963E-03 
 5,92718035563082E-03 
 5,08044030482642E-03 
 4,23370025402202E-03 
 3,38696020321761E-03 
 1,69348010160881E-03 
 1,69348010160881E-03 
 8,46740050804403E-04 
 8,46740050804403E-04 
 0 
 0 
 0 
 0 
 0 
 0 
 0 
 0 
 0 
 0 
 0 
 0 
 0 
 0 
 0 
 0 
 0 
 0 
 0 
 0 
 0 
 0 
 0 
 0 
 0 
 0 
 0 
 0 
 0 
 0 
 0 
 0 
 0 
 0 
 0 
 0 
 0 
 0 
 0 
 0 
 0 
 0 
 0 
 0 
 0 
 0 
 0 
 0 
 0 
 0 
 0 
 0 
 0 
 0 
 0 
 0 
 0 
 0 
 0 
 0 
 0 
 0 
 0 
 0 
 0 
 0 
 0 
 0 
 0 
 0 
 0 
 0 
 0 
 0 
 0 
 0 
 0 
 0 
 0 
 0 
 0 
 0 
 0 
 0 
 0 
 0 
 0 
 0 
 0 
 0 
 0 
 0 
 0 
 0 
 0 
 0 
 0 
 0 
 0 
 0 
 0 
 0 
 0 
 0 
 0 
 0 
 0 
 0 
 0 
 0 
 0 
 0 
 0 
 0 
 0 
 0 
 0 
 0 
 0 
 0 
 0 
 0 
 0 
 0 
 0 
 0 
 0 
 0 
 0 
 0 
 0 
 0 
 0 
 0 
 0 
 0 
 0 
 0 
 0 
 0 
 0 
 0 
 0 
 0 
 0 
 0 
 0 
 0 
 0 
 0 
 0 
 0 
 0 
 0 
 0 
 0 
 0 
 0 
 0 
 0 
 0 
 0 
 0 
 0 
 0 
 0 
 0 
 0 
 0 
 0 
 0 
 0 
 0 
 0 
 0 
 0 
 0 
 0 
 0 
 0 
 0 
 0 
 0 
 0 
 0 
 0 
 0 
 0 
 0 
 0 
 0 
 0 
 0 
 0 
 0 
 0 
 0 
 0 
 0 
 0 
 0 
 0 
 0 
 0 
 0 
 0 
 0 
 0 
 0 
 0 
 0 
 0 
 0 
 0 
 0 
 0 
 0 
 0 
 0 
 0 
 0 
 0 
 0 
 0 
 0 
 0 
 0 
 0 
 0 
 0 
 0 
 0 
 0 
 0 
 0 
 0 
 0 
 0 
 0 
 0 
 0 
 0 
 0 
 0 
 0 
 0 
 0 
 0 
 0 
 0 
 0 
 0 
 0 
 0 
 0 
 0 
 0 
 0 
 0 
 0 
 0 
 0 
 0 
 0 
 0 
 0 
 0 
 0 
 0 
 0 
 0 
 0 
 0 
 0 
 0 
 0 
 0 
 0 
 0 
 0 
 0 
 0 
 0 
 0 
 0 
 0 
 0 
 0 
 0 
 0 
 0 
 0 
 0 
 0 
 0 
 0 
 0 
 0 
 0 
 0 
 0 
 0 
 0 
 0 
 0 
 0 
 0 
 0 
 0 
 0 
 0 
 0 
