 0 
 0 
 0 
 0 
 0 
 0 
 0 
 0 
 0 
 0 
 0 
 0 
 0 
 0 
 0 
 0 
 0 
 0 
 0 
 0 
 0 
 0 
 0 
 0 
 0 
 0 
 0 
 0 
 0 
 0 
 0 
 0 
 0 
 0 
 0 
 0 
 0 
 0 
 0 
 0 
 0 
 0 
 0 
 0 
 0 
 0 
 0 
 0 
 0 
 0 
 0 
 0 
 0 
 0 
 0 
 0 
 0 
 0 
 0 
 0 
 0 
 0 
 0 
 0 
 0 
 0 
 0 
 0 
 0 
 0 
 0 
 0 
 0 
 0 
 0 
 0 
 0 
 0 
 0 
 0 
 0 
 0 
 0 
 0 
 0 
 0 
 0 
 0 
 0 
 0 
 0 
 0 
 0 
 0 
 0 
 0 
 0 
 0 
 0 
 0 
 0 
 0 
 0 
 0 
 0 
 0 
 0 
 0 
 0 
 0 
 0 
 0 
 0 
 0 
 0 
 0 
 0 
 0 
 0 
 0 
 0 
 0 
 0 
 0 
 0 
 0 
 0 
 0 
 0 
 0 
 0 
 0 
 0 
 0 
 0 
 0 
 0 
 0 
 0 
 0 
 0 
 0 
 0 
 0 
 0 
 0 
 0 
 0 
 0 
 0 
 0 
 0 
 0 
 0 
 0 
 0 
 0 
 0 
 0 
 0 
 0 
 0 
 0 
 0 
 0 
 0 
 0 
 0 
 0 
 0 
 0 
 0 
 0 
 0 
 0 
 0 
 0 
 0 
 0 
 0 
 0 
 0 
 0 
 0 
 0 
 0 
 0 
 0 
 0 
 0 
 0 
 0 
 0 
 0 
 0 
 0 
 0 
 0 
 0 
 0 
 0 
 0 
 0 
 0 
 0 
 0 
 0 
 0 
 0 
 0 
 0 
 0 
 0 
 0 
 0 
 0 
 0 
 0 
 0 
 0 
 0 
 0 
 0 
 0 
 0 
 0 
 0 
 0 
 0 
 0 
 0 
 0 
 0 
 0 
 0 
 0 
 0 
 0 
 0 
 0 
 0 
 0 
 0 
 0 
 0 
 0 
 0 
 0 
 0 
 0 
 0 
 0 
 0 
 0 
 0 
 0 
 0 
 0 
 0 
 0 
 0 
 0 
 0 
 0 
 0 
 0 
 0 
 0 
 0 
 0 
 0 
 0 
 0 
 0 
 0 
 0 
 0 
 0 
 0 
 0 
 0 
 0 
 0 
 0 
 0 
 0 
 0 
 0 
 0 
 0 
 0 
 0 
 0 
 0 
 0 
 0 
 0 
 0 
 0 
 0 
 0 
 0 
 0 
 0 
 0 
 0 
 0 
 0 
 0 
 0 
 0 
 0 
 0 
 0 
 0 
 0 
 0 
 0 
 0 
 0 
 0 
 0 
 0 
 0 
 0 
 0 
 0 
 0 
 0 
 0 
 0 
 0 
 0 
 0 
 0 
 0 
 0 
 0 
 0 
 0 
 0 
 0 
 0 
 0 
 0 
 0 
 0 
 0 
 0 
 0 
 0 
 0 
 0 
 0 
 0 
 0 
 0 
 0 
 0 
 0 
 0 
 0 
 0 
 0 
 0 
 0 
 0 
 0 
 0 
 0 
 0 
 0 
 0 
 0 
 0 
 0 
 0 
 0 
 0 
 0 
 0 
 0 
 0 
 0 
 0 
 0 
 0 
 0 
 0 
 0 
 0 
 0 
 0 
 0 
 0 
 0 
 0 
 0 
 0 
 0 
 0 
 0 
 0 
 0 
 0 
 0 
 0 
 0 
 0 
 0 
 0 
 0 
 0 
 0 
 0 
 0 
 0 
 0 
 0 
 0 
 0 
 0 
 0 
 0 
 0 
 0 
 0 
 0 
 0 
 0 
 0 
 0 
 0 
 0 
 0 
 8,46740050804403E-04 
 8,46740050804403E-04 
 1,69348010160881E-03 
 2,54022015241321E-03 
 2,54022015241321E-03 
 3,38696020321761E-03 
 3,38696020321761E-03 
 5,92718035563082E-03 
 6,77392040643522E-03 
 7,62066045723963E-03 
 8,46740050804403E-03 
 8,46740050804403E-03 
 7,62066045723963E-03 
 1,43945808636749E-02 
 1,60880609652837E-02 
 1,77815410668925E-02 
 1,94750211685013E-02 
 1,60880609652837E-02 
 1,60880609652837E-02 
 1,86282811176969E-02 
 1,86282811176969E-02 
 1,94750211685013E-02 
 1,94750211685013E-02 
 2,79424216765453E-02 
 2,70956816257409E-02 
 3,04826418289585E-02 
 1,94750211685013E-02 
 2,20152413209145E-02 
 2,62489415749365E-02 
 3,21761219305673E-02 
 3,30228619813717E-02 
 3,64098221845893E-02 
 3,72565622353937E-02 
 5,92718035563082E-02 
 6,18120237087214E-02 
 5,08044030482642E-02 
 5,41913632514818E-02 
 7,36663844199831E-02 
 7,70533446232007E-02 
 7,95935647756139E-02 
 8,38272650296359E-02 
 7,53598645215919E-02 
 3,89500423370025E-02 
 6,68924640135478E-02 
 0,065198983911939 
 6,85859441151566E-02 
 0,108382726502964 
 0,110922946655377 
 0,106689246401355 
 0,125317527519052 
 7,95935647756139E-02 
 8,21337849280271E-02 
 8,55207451312447E-02 
 8,89077053344623E-02 
 0,143945808636749 
 0,127857747671465 
 0,129551227773074 
 0,132938187976291 
 0,159187129551228 
 0,154106689246401 
 0,173581710414903 
 0,177815410668925 
 0,179508890770533 
 0,185436071126164 
 0,189669771380186 
 0,193056731583404 
 0,197290431837426 
 0,201524132091448 
 0,20575783234547 
 0,209144792548688 
 0,21337849280271 
 0,217612193056732 
 0,220999153259949 
 0,225232853513971 
 0,229466553767993 
 0,233700254022015 
 0,237087214225233 
 0,241320914479255 
 0,245554614733277 
 0,249788314987299 
 0,253175275190517 
 0,257408975444539 
 0,261642675698561 
 0,265876375952583 
 0,2692633361558 
 0,273497036409822 
 0,2692633361558 
 0,273497036409822 
 0,282811176968671 
 0,254868755292125 
 0,261642675698561 
 0,259102455546147 
 0,262489415749365 
 0,265876375952583 
 0,275190516511431 
 0,276037256562235 
 0,282811176968671 
 0,237933954276037 
 0,27688399661304 
 0,227773073666384 
 0,160033869602032 
 0,138018628281118 
 0,149872988992379 
 0,148179508890771 
 0,164267569856054 
 0,169348010160881 
 0,178662150719729 
 0,194750211685013 
 0,266723116003387 
 0,165961049957663 
 0,175275190516511 
 0,18458933107536 
 0,193903471634208 
 0,18458933107536 
 0,178662150719729 
 0,21930567315834 
 0,375952582557155 
 0,299745977984759 
 0,298899237933954 
 0,301439458086367 
 0,283657917019475 
 0,29043183742591 
 0,335309060118544 
 0,342082980524979 
 0,349703640982218 
 0,348856900931414 
 0,351397121083827 
 0,354784081287045 
 0,344623200677392 
 0,24047417442845 
 0,274343776460627 
 0,217612193056732 
 0,223539373412362 
 0,220999153259949 
 0,222692633361558 
 0,220152413209145 
 0,221845893310754 
 0,21337849280271 
 0,239627434377646 
 0,231160033869602 
 0,257408975444539 
 0,430990685859441 
 0,443691786621507 
 0,447078746824725 
 0,480101608806097 
 0,483488569009314 
 0,481795088907705 
 0,459779847586791 
 0,453005927180356 
 0,450465707027942 
 0,474174428450466 
 0,456392887383573 
 0,459779847586791 
 0,463166807790008 
 0,465707027942422 
 0,469093988145639 
 0,471634208298052 
 0,469093988145639 
 0,477561388653683 
 0,486028789161727 
 0,500423370025402 
 0,486875529212532 
 0,4614733276884 
 0,441151566469094 
 0,444538526672312 
 0,447078746824725 
 0,454699407281964 
 0,463166807790008 
 0,448772226926334 
 0,439458086367485 
 0,436071126164268 
 0,50381033022862 
 0,506350550381033 
 0,508890770533446 
 0,511430990685859 
 0,514817950889077 
 0,468247248094835 
 0,470787468247248 
 0,46740050804403 
 0,562235393734124 
 0,564775613886537 
 0,624047417442845 
 0,627434377646063 
 0,629974597798476 
 0,633361558001693 
 0,635901778154107 
 0,639288738357324 
 0,642675698560542 
 0,645215918712955 
 0,648602878916173 
 0,651143099068586 
 0,654530059271804 
 0,611346316680779 
 0,607112616426757 
 0,602878916172735 
 0,232853513971211 
 0,260795935647756 
 0,268416596104996 
 0,270110076206605 
 0,433530906011854 
 0,605419136325148 
 0,682472480948349 
 0,685859441151566 
 0,68839966130398 
 0,662997459779848 
 0,658763759525826 
 0,557154953429297 
 0,55969517358171 
 0,561388653683319 
 0,563928873835732 
 0,502116850127011 
 0,5961049957663 
 0,598645215918713 
 0,508044030482642 
 0,717188823031329 
 0,719729043183743 
 0,722269263336156 
 0,724809483488569 
 0,727349703640982 
 0,729889923793395 
 0,732430143945809 
 0,690939881456393 
 0,693480101608806 
 0,599491955969517 
 0,623200677392041 
 0,625740897544454 
 0,627434377646063 
 0,629974597798476 
 0,639288738357324 
 0,648602878916173 
 0,657917019475021 
 0,584250635055038 
 0,418289585097375 
 0,351397121083827 
 0,314140558848434 
 0,322607959356478 
 0,331075359864522 
 0,239627434377646 
 0,216765453005927 
 0,225232853513971 
 0,233700254022015 
 0,226079593564776 
 0,21930567315834 
 0,235393734123624 
 0,243861134631668 
 0,244707874682472 
 0,245554614733277 
 0,261642675698561 
 0,254022015241321 
 0,294665537679932 
 0,702794242167655 
 0,712108382726503 
 0,713801862828112 
 0,723962743437765 
 0,725656223539373 
 0,75952582557155 
 0,761219305673158 
 0,803556308213379 
 0,805249788314987 
 0,798475867908552 
 0,817104149026249 
 0,818797629127858 
 0,820491109229467 
 0,822184589331075 
 0,823878069432684 
 0,817104149026249 
 0,768839966130398 
 0,753598645215919 
 0,697713801862828 
 0,681625740897544 
 0,683319220999153 
 0,684165961049958 
 0,685859441151566 
 0,754445385266723 
 0,746824724809483 
 0,748518204911092 
 0,757832345469941 
 0,75952582557155 
 0,760372565622354 
 0,762066045723963 
 0,771380186282811 
 0,755292125317528 
 0,756985605419136 
 0,723962743437765 
 0,716342082980525 
 0,691786621507197 
 0,78662150719729 
 0,796782387806943 
 0,531752751905165 
 0,541066892464014 
 0,550381033022862 
 0,542760372565622 
 0,552074513124471 
 0,613039796782388 
 0,519051651143099 
 0,519051651143099 
 0,554614733276884 
 0,555461473327688 
 0,512277730736664 
 0,452159187129551 
 0,426756985605419 
 0,304826418289585 
 0,296359017781541 
 0,305673158340389 
 0,375952582557155 
 0,367485182049111 
 0,376799322607959 
 0,429297205757832 
 0,420829805249788 
 0,395427603725656 
 0,395427603725656 
 0,386960203217612 
 0,466553767993226 
 0,54614733276884 
 0,581710414902625 
 0,618120237087214 
 0,767993226079594 
 0,742591024555461 
 0,75190516511431 
 0,548687552921253 
 0,575783234546994 
 0,522438611346317 
 0,416596104995766 
 0,408128704487722 
 0,443691786621507 
 0,541913632514818 
 0,417442845046571 
 0,399661303979678 
 0,418289585097375 
 0,462320067739204 
 0,480948348856901 
 0,364944961896698 
 0,364944961896698 
 0,364944961896698 
 0,347163420829805 
 0,34801016088061 
 0,535139712108383 
 0,356477561388654 
 0,365791701947502 
 0,365791701947502 
 0,356477561388654 
 0,34801016088061 
 0,401354784081287 
 0,410668924640135 
 0,499576629974598 
 0,44623200677392 
 0,392887383573243 
 0,375105842506351 
 0,34801016088061 
 0,41913632514818 
 0,428450465707028 
 0,740897544453853 
 0,740897544453853 
 0,731583403895004 
 0,731583403895004 
 0,651143099068586 
 0,463166807790008 
 0,320914479254869 
 0,285351397121084 
 0,267569856054191 
 0,267569856054191 
 0,276037256562235 
 0,222692633361558 
 0,231160033869602 
 0,231160033869602 
 0,239627434377646 
 0,231160033869602 
 0,275190516511431 
 0,292972057578323 
 0,292972057578323 
 0,292972057578323 
 0,283657917019475 
 0,194750211685013 
 0,24809483488569 
 0,265029635901778 
 0,274343776460627 
 0,309060118543607 
 0,317527519051651 
 0,405588484335309 
 0,396274343776461 
 0,396274343776461 
 0,386960203217612 
 0,404741744284505 
 0,456392887383573 
 0,693480101608806 
 0,684165961049958 
 0,718035563082134 
 0,708721422523285 
 0,410668924640135 
 0,392887383573243 
 0,697713801862828 
 0,697713801862828 
 0,696867061812024 
 0,696020321761219 
 0,695173581710415 
 0,494496189669771 
 0,42506350550381 
 0,43268416596105 
 0,43268416596105 
 0,431837425910246 
 0,448772226926334 
 0,353090601185436 
 0,249788314987299 
 0,275190516511431 
 0,265876375952583 
 0,257408975444539 
 0,24809483488569 
 0,256562235393734 
 0,230313293818798 
 0,281117696867062 
 0,289585097375106 
 0,526672311600339 
 0,551227773073666 
 0,550381033022862 
 0,583403895004234 
 0,793395427603726 
 0,817104149026249 
 0,840812870448772 
 0,763759525825571 
 0,779000846740051 
 0,769686706181202 
 0,767993226079594 
 0,774767146486029 
 0,76545300592718 
 0,772226926333616 
 0,803556308213379 
 0,810330228619814 
 0,808636748518205 
 0,823878069432684 
 0,822184589331075 
 0,820491109229467 
 0,818797629127858 
 0,817104149026249 
 0,81541066892464 
 0,813717188823031 
 0,812023708721422 
 0,810330228619814 
 0,8077900084674 
 0,806096528365792 
 0,804403048264183 
 0,802709568162574 
 0,801016088060965 
 0,798475867908552 
 0,796782387806943 
 0,795088907705334 
 0,793395427603726 
 0,790855207451312 
 0,789161727349704 
 0,78662150719729 
 0,784928027095682 
 0,783234546994073 
 0,78069432684166 
 0,779000846740051 
 0,776460626587638 
 0,774767146486029 
 0,772226926333616 
 0,770533446232007 
 0,767993226079594 
 0,76545300592718 
 0,763759525825571 
 0,761219305673158 
 0,758679085520745 
 0,756985605419136 
 0,716342082980525 
 0,263336155800169 
 0,254868755292125 
 0,2692633361558 
 0,678238780694327 
 0,63844199830652 
 0,651143099068586 
 0,663844199830652 
 0,610499576629975 
 0,607959356477561 
 0,7307366638442 
 0,728196443691787 
 0,725656223539373 
 0,72311600338696 
 0,720575783234547 
 0,718035563082134 
 0,715495342929721 
 0,641828958509738 
 0,660457239627434 
 0,707874682472481 
 0,704487722269263 
 0,70194750211685 
 0,699407281964437 
 0,696867061812024 
 0,69432684165961 
 0,691786621507197 
 0,68839966130398 
 0,685859441151566 
 0,683319220999153 
 0,68077900084674 
 0,677392040643522 
 0,674851820491109 
 0,672311600338696 
 0,668924640135478 
 0,666384419983065 
 0,583403895004234 
 0,370025402201524 
 0,302286198137172 
 0,281117696867062 
 0,312447078746825 
 0,220152413209145 
 0,193903471634208 
 0,20575783234547 
 0,210838272650296 
 0,209991532599492 
 0,23454699407282 
 0,252328535139712 
 0,200677392040644 
 0,199830651989839 
 0,204911092294666 
 0,19813717188823 
 0,196443691786621 
 0,232853513971211 
 0,21930567315834 
 0,236240474174428 
 0,228619813717189 
 0,209991532599492 
 0,196443691786621 
 0,201524132091448 
 0,406435224386113 
 0,410668924640135 
 0,419983065198984 
 0,394580863674852 
 0,49618966977138 
 0,486875529212532 
 0,46740050804403 
 0,498729889923793 
 0,490262489415749 
 0,414055884843353 
 0,367485182049111 
 0,342929720575783 
 0,450465707027942 
 0,338696020321761 
 0,331075359864522 
 0,329381879762913 
 0,310753598645216 
 0,335309060118544 
 0,174428450465707 
 0,168501270110076 
 0,156646909398815 
 0,150719729043184 
 0,149026248941575 
 0,143099068585944 
 0,14225232853514 
 0,141405588484335 
 0,140558848433531 
 0,119390347163421 
 0,123624047417443 
 0,122777307366638 
 0,131244707874682 
 0,130397967823878 
 0,133784928027096 
 0,132938187976291 
 0,132091447925487 
 0,126164267569856 
 0,190516511430991 
 0,188823031329382 
 0,182895850973751 
 0,208298052497883 
 0,179508890770533 
 0,316680779000847 
 0,194750211685013 
 0,171041490262489 
 0,199830651989839 
 0,19813717188823 
 0,204911092294666 
 0,207451312447079 
 0,222692633361558 
 0,220152413209145 
 0,20575783234547 
 0,212531752751905 
 0,23454699407282 
 0,24047417442845 
 0,237933954276037 
 0,235393734123624 
 0,307366638441998 
 0,281117696867062 
 0,281964436917866 
 0,279424216765453 
 0,268416596104996 
 0,187976291278577 
 0,186282811176969 
 0,18458933107536 
 0,160880609652837 
 0,165961049957663 
 9,48348856900931E-02 
 8,97544453852667E-02 
 8,89077053344623E-02 
 8,80609652836579E-02 
 8,72142252328535E-02 
 8,21337849280271E-02 
 8,46740050804403E-02 
 8,38272650296359E-02 
 8,29805249788315E-02 
 8,46740050804403E-02 
 8,72142252328535E-02 
 8,89077053344623E-02 
 8,12870448772227E-02 
 8,38272650296359E-02 
 8,55207451312447E-02 
 8,38272650296359E-02 
 8,04403048264183E-02 
 6,77392040643522E-02 
 9,48348856900931E-02 
 8,46740050804403E-02 
 7,87468247248095E-02 
 7,70533446232007E-02 
 7,62066045723963E-02 
 7,70533446232007E-02 
 9,14479254868755E-02 
 8,72142252328535E-02 
 8,38272650296359E-02 
 0,110922946655377 
 0,109229466553768 
 0,104995766299746 
 0,10584250635055 
 0,138018628281118 
 0,135478408128704 
 0,121930567315834 
 0,119390347163421 
 0,119390347163421 
 0,12108382726503 
 0,122777307366638 
 0,124470787468247 
 0,116003386960203 
 0,144792548687553 
 0,133784928027096 
 0,12701100762066 
 0,140558848433531 
 0,139712108382726 
 0,136325148179509 
 0,131244707874682 
 0,121930567315834 
 0,120237087214225 
 0,116003386960203 
 0,112616426756986 
 0,111769686706181 
 0,108382726502964 
 0,106689246401355 
 0,10584250635055 
 9,99153259949196E-02 
 9,39881456392887E-02 
 9,14479254868755E-02 
 8,89077053344623E-02 
 8,63674851820491E-02 
 8,46740050804403E-02 
 8,04403048264183E-02 
 7,79000846740051E-02 
 0,101608806096528 
 9,82218458933107E-02 
 9,39881456392887E-02 
 9,06011854360711E-02 
 8,72142252328535E-02 
 8,21337849280271E-02 
 7,87468247248095E-02 
 7,36663844199831E-02 
 6,77392040643522E-02 
 6,26587637595258E-02 
 5,92718035563082E-02 
 0,056731583403895 
 0,052497883149873 
 4,99576629974598E-02 
 0,052497883149873 
 4,31837425910246E-02 
 4,06435224386113E-02 
 3,64098221845893E-02 
 3,38696020321761E-02 
 3,13293818797629E-02 
 2,96359017781541E-02 
 2,70956816257409E-02 
 2,54022015241321E-02 
 2,28619813717189E-02 
 2,03217612193057E-02 
 1,77815410668925E-02 
 8,46740050804403E-03 
 7,62066045723963E-03 
 9,31414055884843E-03 
 7,62066045723963E-03 
 5,92718035563082E-03 
 5,08044030482642E-03 
 5,08044030482642E-03 
 4,23370025402202E-03 
 2,54022015241321E-03 
 1,69348010160881E-03 
 2,54022015241321E-03 
 2,54022015241321E-03 
 1,69348010160881E-03 
 8,46740050804403E-04 
 8,46740050804403E-04 
 8,46740050804403E-04 
 8,46740050804403E-04 
 0 
 0 
 0 
 0 
 0 
 0 
 0 
 0 
 0 
 0 
 0 
 0 
 0 
 0 
 0 
 0 
 0 
 0 
 0 
 0 
 0 
 0 
 0 
 0 
 0 
 0 
 0 
 0 
 0 
 0 
 0 
 0 
 0 
 0 
 0 
 0 
 0 
 0 
 0 
 0 
 0 
 0 
 0 
 0 
 0 
 0 
 0 
 0 
 0 
 0 
 0 
 0 
 0 
 0 
 0 
 0 
 0 
 0 
 0 
 0 
 0 
 0 
 0 
 0 
 0 
 0 
 0 
 0 
 0 
 0 
 0 
 0 
 0 
 0 
 0 
 0 
 0 
 0 
 0 
 0 
 0 
 0 
 0 
 0 
 0 
 0 
 0 
 0 
 0 
 0 
 0 
 0 
 0 
 0 
 0 
 0 
 0 
 0 
 0 
 0 
 0 
 0 
 0 
 0 
 0 
 0 
 0 
 0 
 0 
 0 
 0 
 0 
 0 
 0 
 0 
 0 
 0 
 0 
 0 
 0 
 0 
 0 
 0 
 0 
 0 
 0 
 0 
 0 
 0 
 0 
 0 
 0 
 0 
 0 
 0 
 0 
 0 
 0 
 0 
 0 
 0 
 0 
 0 
 0 
 0 
 0 
 0 
 0 
 0 
 0 
 0 
 0 
 0 
 0 
 0 
 0 
 0 
 0 
 0 
 0 
 0 
 0 
 0 
 0 
 0 
 0 
 0 
 0 
 0 
 0 
 0 
 0 
 0 
 0 
 0 
 0 
 0 
 0 
 0 
 0 
 0 
 0 
 0 
 0 
 0 
 0 
 0 
 0 
 0 
 0 
 0 
 0 
 0 
 0 
 0 
 0 
 0 
 0 
 0 
 0 
 0 
 0 
 0 
 0 
 0 
 0 
 0 
 0 
 0 
 0 
 0 
 0 
 0 
 0 
 0 
 0 
 0 
 0 
 0 
 0 
 0 
 0 
 0 
 0 
 0 
 0 
 0 
 0 
 0 
 0 
 0 
 0 
 0 
 0 
 0 
 0 
 0 
 0 
 0 
 0 
 0 
 0 
 0 
 0 
 0 
 0 
 0 
 0 
 0 
 0 
 0 
 0 
 0 
 0 
 0 
 0 
 0 
 0 
 0 
 0 
 0 
 0 
 0 
 0 
 0 
 0 
 0 
 0 
 0 
 0 
 0 
 0 
 0 
 0 
 0 
 0 
 0 
 0 
 0 
 0 
 0 
 0 
 0 
 0 
 0 
 0 
 0 
 0 
 0 
 0 
 0 
 0 
 0 
 0 
 0 
 0 
 0 
 0 
 0 
 0 
 0 
 0 
 0 
 0 
 0 
 0 
 0 
 0 
 0 
 0 
 0 
