 0 
 0 
 0 
 0 
 0 
 0 
 0 
 0 
 0 
 0 
 0 
 0 
 0 
 0 
 0 
 0 
 0 
 0 
 0 
 0 
 0 
 0 
 0 
 0 
 0 
 0 
 0 
 0 
 0 
 0 
 0 
 0 
 0 
 0 
 0 
 0 
 0 
 0 
 0 
 0 
 0 
 0 
 0 
 0 
 0 
 0 
 0 
 0 
 0 
 0 
 0 
 0 
 0 
 0 
 0 
 0 
 0 
 0 
 0 
 0 
 0 
 0 
 0 
 0 
 0 
 0 
 0 
 0 
 0 
 0 
 0 
 0 
 0 
 0 
 0 
 0 
 0 
 0 
 0 
 0 
 0 
 0 
 0 
 0 
 0 
 0 
 0 
 0 
 0 
 0 
 0 
 0 
 0 
 0 
 0 
 0 
 0 
 0 
 0 
 0 
 0 
 0 
 0 
 0 
 0 
 0 
 0 
 0 
 0 
 0 
 0 
 0 
 0 
 0 
 0 
 0 
 0 
 0 
 0 
 0 
 0 
 0 
 0 
 0 
 0 
 0 
 0 
 0 
 0 
 0 
 0 
 0 
 0 
 0 
 0 
 0 
 0 
 0 
 0 
 0 
 0 
 0 
 0 
 0 
 0 
 0 
 0 
 0 
 0 
 0 
 0 
 0 
 0 
 0 
 0 
 0 
 0 
 0 
 0 
 0 
 0 
 0 
 0 
 0 
 0 
 0 
 0 
 0 
 0 
 0 
 0 
 0 
 0 
 0 
 0 
 0 
 0 
 0 
 0 
 0 
 0 
 0 
 0 
 0 
 0 
 0 
 0 
 0 
 0 
 0 
 0 
 0 
 0 
 0 
 0 
 0 
 0 
 0 
 0 
 0 
 0 
 0 
 0 
 0 
 0 
 0 
 0 
 0 
 0 
 0 
 0 
 0 
 0 
 0 
 0 
 0 
 0 
 0 
 0 
 0 
 0 
 0 
 0 
 0 
 0 
 0 
 0 
 0 
 0 
 0 
 0 
 0 
 0 
 0 
 0 
 0 
 0 
 0 
 0 
 0 
 0 
 0 
 0 
 0 
 0 
 0 
 0 
 0 
 0 
 0 
 0 
 0 
 0 
 0 
 0 
 0 
 0 
 0 
 0 
 0 
 0 
 0 
 0 
 0 
 0 
 0 
 0 
 0 
 0 
 0 
 0 
 0 
 0 
 0 
 0 
 0 
 0 
 0 
 0 
 0 
 0 
 0 
 0 
 0 
 0 
 0 
 0 
 0 
 0 
 0 
 0 
 0 
 0 
 0 
 0 
 0 
 0 
 0 
 0 
 0 
 0 
 0 
 0 
 0 
 0 
 0 
 0 
 0 
 0 
 0 
 0 
 0 
 0 
 0 
 0 
 0 
 0 
 0 
 0 
 0 
 0 
 0 
 0 
 0 
 0 
 0 
 0 
 0 
 0 
 0 
 0 
 0 
 0 
 0 
 0 
 0 
 0 
 0 
 0 
 0 
 0 
 0 
 0 
 0 
 0 
 0 
 0 
 0 
 0 
 0 
 0 
 0 
 0 
 0 
 0 
 0 
 0 
 0 
 0 
 0 
 0 
 0 
 0 
 0 
 0 
 0 
 0 
 0 
 0 
 0 
 0 
 0 
 0 
 0 
 0 
 0 
 0 
 0 
 0 
 0 
 0 
 0 
 0 
 0 
 0 
 0 
 0 
 0 
 0 
 0 
 0 
 0 
 0 
 0 
 0 
 0 
 0 
 0 
 0 
 0 
 0 
 0 
 0 
 0 
 0 
 0 
 0 
 0 
 0 
 0 
 0 
 0 
 0 
 0 
 0 
 0 
 0 
 0 
 0 
 0 
 0 
 0 
 0 
 0 
 0 
 0 
 0 
 0 
 0 
 0 
 0 
 0 
 0 
 0 
 0 
 0 
 0 
 0 
 0 
 0 
 0 
 8,46740050804403E-04 
 8,46740050804403E-04 
 8,46740050804403E-04 
 8,46740050804403E-04 
 8,46740050804403E-04 
 1,69348010160881E-03 
 1,69348010160881E-03 
 1,69348010160881E-03 
 1,69348010160881E-03 
 2,54022015241321E-03 
 2,54022015241321E-03 
 2,54022015241321E-03 
 3,38696020321761E-03 
 3,38696020321761E-03 
 4,23370025402202E-03 
 4,23370025402202E-03 
 4,23370025402202E-03 
 5,08044030482642E-03 
 5,92718035563082E-03 
 6,77392040643522E-03 
 6,77392040643522E-03 
 6,77392040643522E-03 
 6,77392040643522E-03 
 6,77392040643522E-03 
 7,62066045723963E-03 
 7,62066045723963E-03 
 7,62066045723963E-03 
 6,77392040643522E-03 
 7,62066045723963E-03 
 8,46740050804403E-03 
 9,31414055884843E-03 
 1,01608806096528E-02 
 1,10076206604572E-02 
 1,01608806096528E-02 
 1,18543607112616E-02 
 1,52413209144793E-02 
 1,69348010160881E-02 
 2,20152413209145E-02 
 2,20152413209145E-02 
 2,20152413209145E-02 
 2,28619813717189E-02 
 2,20152413209145E-02 
 2,28619813717189E-02 
 2,37087214225233E-02 
 2,45554614733277E-02 
 2,37087214225233E-02 
 2,45554614733277E-02 
 2,45554614733277E-02 
 2,54022015241321E-02 
 2,62489415749365E-02 
 2,70956816257409E-02 
 2,45554614733277E-02 
 2,45554614733277E-02 
 2,70956816257409E-02 
 2,79424216765453E-02 
 2,62489415749365E-02 
 3,47163420829805E-02 
 3,72565622353937E-02 
 3,64098221845893E-02 
 3,64098221845893E-02 
 3,55630821337849E-02 
 3,64098221845893E-02 
 3,72565622353937E-02 
 3,81033022861981E-02 
 4,06435224386113E-02 
 4,14902624894158E-02 
 3,72565622353937E-02 
 3,81033022861981E-02 
 3,64098221845893E-02 
 3,72565622353937E-02 
 4,06435224386113E-02 
 3,64098221845893E-02 
 3,64098221845893E-02 
 3,97967823878069E-02 
 4,06435224386113E-02 
 4,14902624894158E-02 
 3,89500423370025E-02 
 4,48772226926334E-02 
 4,06435224386113E-02 
 0,044030482641829 
 4,14902624894158E-02 
 4,48772226926334E-02 
 0,048264182895851 
 4,91109229466554E-02 
 4,65707027942422E-02 
 4,74174428450466E-02 
 5,16511430990686E-02 
 5,16511430990686E-02 
 4,99576629974598E-02 
 4,74174428450466E-02 
 4,74174428450466E-02 
 4,14902624894158E-02 
 4,23370025402202E-02 
 4,57239627434378E-02 
 4,65707027942422E-02 
 4,74174428450466E-02 
 4,74174428450466E-02 
 4,14902624894158E-02 
 4,14902624894158E-02 
 3,55630821337849E-02 
 4,65707027942422E-02 
 4,65707027942422E-02 
 0,044030482641829 
 5,50381033022862E-02 
 5,58848433530906E-02 
 0,052497883149873 
 5,33446232006774E-02 
 5,41913632514818E-02 
 6,18120237087214E-02 
 6,26587637595258E-02 
 5,92718035563082E-02 
 5,58848433530906E-02 
 0,052497883149873 
 0,060965283657917 
 5,75783234546994E-02 
 5,41913632514818E-02 
 5,84250635055038E-02 
 4,65707027942422E-02 
 5,50381033022862E-02 
 5,58848433530906E-02 
 0,060965283657917 
 0,060965283657917 
 5,33446232006774E-02 
 5,75783234546994E-02 
 5,84250635055038E-02 
 6,35055038103302E-02 
 6,35055038103302E-02 
 7,36663844199831E-02 
 0,065198983911939 
 0,065198983911939 
 6,60457239627434E-02 
 6,68924640135478E-02 
 7,19729043183743E-02 
 7,19729043183743E-02 
 7,28196443691787E-02 
 7,36663844199831E-02 
 7,36663844199831E-02 
 0,069432684165961 
 7,53598645215919E-02 
 7,53598645215919E-02 
 7,62066045723963E-02 
 7,70533446232007E-02 
 7,70533446232007E-02 
 8,29805249788315E-02 
 0,109229466553768 
 0,110076206604572 
 0,116003386960203 
 0,116850127011008 
 0,154953429297206 
 0,188823031329382 
 0,189669771380186 
 0,185436071126164 
 0,187129551227773 
 0,215918712955123 
 0,20575783234547 
 0,206604572396274 
 0,208298052497883 
 0,215071972904318 
 0,238780694326842 
 0,177815410668925 
 0,18458933107536 
 0,173581710414903 
 0,180355630821338 
 0,170194750211685 
 0,188823031329382 
 0,171888230313294 
 0,172734970364098 
 0,173581710414903 
 0,168501270110076 
 0,169348010160881 
 0,164267569856054 
 0,17696867061812 
 0,178662150719729 
 0,166807790008467 
 0,149026248941575 
 0,15580016934801 
 0,150719729043184 
 0,144792548687553 
 0,151566469093988 
 0,146486028789162 
 0,153259949195597 
 0,154106689246401 
 0,154953429297206 
 0,175275190516511 
 0,169348010160881 
 0,182895850973751 
 0,183742591024555 
 0,18458933107536 
 0,172734970364098 
 0,126164267569856 
 0,12701100762066 
 0,127857747671465 
 0,141405588484335 
 0,135478408128704 
 0,136325148179509 
 0,143099068585944 
 0,157493649449619 
 0,138018628281118 
 0,144792548687553 
 0,436917866215072 
 0,626587637595258 
 0,601185436071126 
 0,589331075359865 
 0,591871295512278 
 0,551227773073666 
 0,70956816257409 
 0,712108382726503 
 0,714648602878916 
 0,717188823031329 
 0,719729043183743 
 0,722269263336156 
 0,724809483488569 
 0,727349703640982 
 0,729889923793395 
 0,732430143945809 
 0,720575783234547 
 0,737510584250635 
 0,740050804403048 
 0,719729043183743 
 0,745131244707875 
 0,746824724809483 
 0,749364944961897 
 0,75190516511431 
 0,754445385266723 
 0,696020321761219 
 0,705334462320068 
 0,692633361558002 
 0,69432684165961 
 0,712108382726503 
 0,713801862828112 
 0,716342082980525 
 0,733276883996613 
 0,603725656223539 
 0,620660457239627 
 0,622353937341236 
 0,608806096528366 
 0,602878916172735 
 0,604572396274344 
 0,613886536833192 
 0,575783234546994 
 0,569009314140559 
 0,586790855207451 
 0,795088907705334 
 0,796782387806943 
 0,798475867908552 
 0,800169348010161 
 0,802709568162574 
 0,804403048264183 
 0,806096528365792 
 0,8077900084674 
 0,809483488569009 
 0,811176968670618 
 0,813717188823031 
 0,81541066892464 
 0,817104149026249 
 0,818797629127858 
 0,820491109229467 
 0,822184589331075 
 0,823878069432684 
 0,825571549534293 
 0,827265029635902 
 0,828958509737511 
 0,829805249788315 
 0,831498729889924 
 0,791701947502117 
 0,692633361558002 
 0,718882303132938 
 0,712108382726503 
 0,797629127857748 
 0,77307366638442 
 0,757832345469941 
 0,21930567315834 
 0,203217612193057 
 0,220152413209145 
 0,220152413209145 
 0,229466553767993 
 0,229466553767993 
 0,230313293818798 
 0,221845893310754 
 0,179508890770533 
 0,214225232853514 
 0,20575783234547 
 0,214225232853514 
 0,20575783234547 
 0,215071972904318 
 0,215071972904318 
 0,224386113463167 
 0,276037256562235 
 0,293818797629128 
 0,372565622353937 
 0,381033022861981 
 0,39034716342083 
 0,581710414902625 
 0,521591871295512 
 0,487722269263336 
 0,487722269263336 
 0,462320067739204 
 0,812023708721422 
 0,830651989839119 
 0,831498729889924 
 0,867061812023709 
 0,81541066892464 
 0,790008467400508 
 0,851820491109229 
 0,861134631668078 
 0,853513971210838 
 0,845046570702794 
 0,696020321761219 
 0,696867061812024 
 0,696867061812024 
 0,697713801862828 
 0,724809483488569 
 0,707874682472481 
 0,619813717188823 
 0,433530906011854 
 0,434377646062659 
 0,523285351397121 
 0,550381033022862 
 0,479254868755292 
 0,479254868755292 
 0,453005927180356 
 0,444538526672312 
 0,444538526672312 
 0,711261642675699 
 0,45385266723116 
 0,631668077900085 
 0,480948348856901 
 0,472480948348857 
 0,41913632514818 
 0,392040643522439 
 0,356477561388654 
 0,34801016088061 
 0,312447078746825 
 0,320914479254869 
 0,330228619813717 
 0,330228619813717 
 0,34801016088061 
 0,303132938187976 
 0,267569856054191 
 0,259102455546147 
 0,259102455546147 
 0,241320914479255 
 0,249788314987299 
 0,249788314987299 
 0,259102455546147 
 0,249788314987299 
 0,232006773920406 
 0,544453852667231 
 0,51735817104149 
 0,543607112616427 
 0,570702794242168 
 0,846740050804403 
 0,819644369178662 
 0,792548687552921 
 0,676545300592718 
 0,676545300592718 
 0,685012701100762 
 0,675698560541914 
 0,657917019475021 
 0,666384419983065 
 0,337849280270957 
 0,337849280270957 
 0,337002540220152 
 0,337002540220152 
 0,337002540220152 
 0,726502963590178 
 0,796782387806943 
 0,769686706181202 
 0,769686706181202 
 0,768839966130398 
 0,741744284504657 
 0,732430143945809 
 0,732430143945809 
 0,722269263336156 
 0,722269263336156 
 0,422523285351397 
 0,36917866215072 
 0,359864521591871 
 0,359864521591871 
 0,429297205757832 
 0,455546147332769 
 0,472480948348857 
 0,480948348856901 
 0,550381033022862 
 0,514817950889077 
 0,505503810330229 
 0,243861134631668 
 0,243861134631668 
 0,252328535139712 
 0,259949195596952 
 0,286198137171888 
 0,303132938187976 
 0,302286198137172 
 0,302286198137172 
 0,292972057578323 
 0,353090601185436 
 0,370025402201524 
 0,36917866215072 
 0,232006773920406 
 0,239627434377646 
 0,24809483488569 
 0,281964436917866 
 0,281117696867062 
 0,417442845046571 
 0,416596104995766 
 0,518204911092295 
 0,576629974597799 
 0,558848433530906 
 0,566469093988146 
 0,514817950889077 
 0,547840812870449 
 0,513124470787468 
 0,4614733276884 
 0,812870448772227 
 0,83657917019475 
 0,834885690093141 
 0,833192209991533 
 0,832345469940728 
 0,830651989839119 
 0,828958509737511 
 0,669771380186283 
 0,660457239627434 
 0,585097375105842 
 0,583403895004234 
 0,591024555461473 
 0,581710414902625 
 0,572396274343776 
 0,65198983911939 
 0,439458086367485 
 0,430143945808637 
 0,356477561388654 
 0,347163420829805 
 0,330228619813717 
 0,337849280270957 
 0,345469940728196 
 0,344623200677392 
 0,335309060118544 
 0,334462320067739 
 0,349703640982218 
 0,523285351397121 
 0,530059271803556 
 0,544453852667231 
 0,551227773073666 
 0,29805249788315 
 0,297205757832345 
 0,320067739204064 
 0,334462320067739 
 0,660457239627434 
 0,666384419983065 
 0,687552921253175 
 0,677392040643522 
 0,729889923793395 
 0,727349703640982 
 0,710414902624894 
 0,486875529212532 
 0,371718882303133 
 0,325148179508891 
 0,331922099915326 
 0,331075359864522 
 0,314987298899238 
 0,298899237933954 
 0,372565622353937 
 0,364098221845893 
 0,370025402201524 
 0,413209144792549 
 0,426756985605419 
 0,395427603725656 
 0,489415749364945 
 0,516511430990686 
 0,406435224386113 
 0,404741744284505 
 0,388653683319221 
 0,394580863674852 
 0,386113463166808 
 0,406435224386113 
 0,39034716342083 
 0,403048264182896 
 0,401354784081287 
 0,392887383573243 
 0,377646062658764 
 0,341236240474174 
 0,35393734123624 
 0,331922099915326 
 0,351397121083827 
 0,349703640982218 
 0,320914479254869 
 0,408128704487722 
 0,386113463166808 
 0,364098221845893 
 0,329381879762913 
 0,254022015241321 
 0,239627434377646 
 0,21930567315834 
 0,217612193056732 
 0,237087214225233 
 0,229466553767993 
 0,241320914479255 
 0,246401354784081 
 0,270956816257409 
 0,257408975444539 
 0,275190516511431 
 0,260795935647756 
 0,253175275190517 
 0,314987298899238 
 0,263336155800169 
 0,25571549534293 
 0,273497036409822 
 0,23454699407282 
 0,233700254022015 
 0,226079593564776 
 0,261642675698561 
 0,24809483488569 
 0,228619813717189 
 0,281964436917866 
 0,417442845046571 
 0,592718035563082 
 0,589331075359865 
 0,58086367485182 
 0,583403895004234 
 0,580016934801016 
 0,576629974597799 
 0,573243014394581 
 0,569856054191363 
 0,566469093988146 
 0,563082133784928 
 0,55969517358171 
 0,556308213378493 
 0,552921253175275 
 0,549534292972058 
 0,54614733276884 
 0,542760372565622 
 0,539373412362405 
 0,535986452159187 
 0,53259949195597 
 0,529212531752752 
 0,525825571549534 
 0,521591871295512 
 0,502963590177815 
 0,494496189669771 
 0,486028789161727 
 0,335309060118544 
 0,327688399661304 
 0,325148179508891 
 0,288738357324301 
 0,246401354784081 
 0,24047417442845 
 0,233700254022015 
 0,236240474174428 
 0,20575783234547 
 0,199830651989839 
 0,11346316680779 
 0,107535986452159 
 0,102455546147333 
 0,110922946655377 
 0,114309906858594 
 0,11346316680779 
 0,116850127011008 
 0,120237087214225 
 0,119390347163421 
 0,118543607112616 
 0,121930567315834 
 0,111769686706181 
 0,106689246401355 
 0,10584250635055 
 0,104995766299746 
 0,108382726502964 
 0,106689246401355 
 0,101608806096528 
 0,104995766299746 
 0,104149026248942 
 9,90685859441152E-02 
 9,39881456392887E-02 
 8,12870448772227E-02 
 7,70533446232007E-02 
 7,28196443691787E-02 
 7,53598645215919E-02 
 7,45131244707875E-02 
 7,79000846740051E-02 
 8,80609652836579E-02 
 9,06011854360711E-02 
 9,31414055884843E-02 
 8,80609652836579E-02 
 8,72142252328535E-02 
 8,29805249788315E-02 
 8,89077053344623E-02 
 9,14479254868755E-02 
 7,70533446232007E-02 
 0,069432684165961 
 6,85859441151566E-02 
 7,11261642675699E-02 
 6,01185436071126E-02 
 5,92718035563082E-02 
 5,58848433530906E-02 
 6,77392040643522E-02 
 6,35055038103302E-02 
 6,26587637595258E-02 
 6,43522438611346E-02 
 6,68924640135478E-02 
 5,41913632514818E-02 
 5,92718035563082E-02 
 5,84250635055038E-02 
 5,75783234546994E-02 
 3,81033022861981E-02 
 3,97967823878069E-02 
 3,89500423370025E-02 
 3,38696020321761E-02 
 3,30228619813717E-02 
 3,21761219305673E-02 
 3,47163420829805E-02 
 3,13293818797629E-02 
 3,13293818797629E-02 
 3,04826418289585E-02 
 2,96359017781541E-02 
 3,81033022861981E-02 
 3,81033022861981E-02 
 3,89500423370025E-02 
 4,06435224386113E-02 
 0,044030482641829 
 4,31837425910246E-02 
 4,06435224386113E-02 
 3,97967823878069E-02 
 3,47163420829805E-02 
 3,38696020321761E-02 
 3,38696020321761E-02 
 3,64098221845893E-02 
 3,04826418289585E-02 
 2,62489415749365E-02 
 2,54022015241321E-02 
 2,45554614733277E-02 
 2,45554614733277E-02 
 2,37087214225233E-02 
 2,79424216765453E-02 
 2,70956816257409E-02 
 2,62489415749365E-02 
 2,45554614733277E-02 
 2,62489415749365E-02 
 2,45554614733277E-02 
 2,20152413209145E-02 
 2,03217612193057E-02 
 2,11685012701101E-02 
 1,94750211685013E-02 
 1,94750211685013E-02 
 1,94750211685013E-02 
 1,86282811176969E-02 
 1,77815410668925E-02 
 2,03217612193057E-02 
 1,94750211685013E-02 
 1,86282811176969E-02 
 1,77815410668925E-02 
 1,69348010160881E-02 
 1,86282811176969E-02 
 1,69348010160881E-02 
 1,69348010160881E-02 
 1,69348010160881E-02 
 1,94750211685013E-02 
 1,86282811176969E-02 
 1,52413209144793E-02 
 1,10076206604572E-02 
 1,01608806096528E-02 
 1,01608806096528E-02 
 8,46740050804403E-03 
 8,46740050804403E-03 
 8,46740050804403E-03 
 5,92718035563082E-03 
 5,08044030482642E-03 
 5,08044030482642E-03 
 5,08044030482642E-03 
 4,23370025402202E-03 
 4,23370025402202E-03 
 4,23370025402202E-03 
 3,38696020321761E-03 
 3,38696020321761E-03 
 2,54022015241321E-03 
 1,69348010160881E-03 
 2,54022015241321E-03 
 1,69348010160881E-03 
 1,69348010160881E-03 
 1,69348010160881E-03 
 8,46740050804403E-04 
 8,46740050804403E-04 
 8,46740050804403E-04 
 8,46740050804403E-04 
 8,46740050804403E-04 
 0 
 0 
 0 
 0 
 0 
 0 
 0 
 0 
 0 
 0 
 0 
 0 
 0 
 0 
 0 
 0 
 0 
 0 
 0 
 0 
 0 
 0 
 0 
 0 
 0 
 0 
 0 
 0 
 0 
 0 
 0 
 0 
 0 
 0 
 0 
 0 
 0 
 0 
 0 
 0 
 0 
 0 
 0 
 0 
 0 
 0 
 0 
 0 
 0 
 0 
 0 
 0 
 0 
 0 
 0 
 0 
 0 
 0 
 0 
 0 
 0 
 0 
 0 
 0 
 0 
 0 
 0 
 0 
 0 
 0 
 0 
 0 
 0 
 0 
 0 
 0 
 0 
 0 
 0 
 0 
 0 
 0 
 0 
 0 
 0 
 0 
 0 
 0 
 0 
 0 
 0 
 0 
 0 
 0 
 0 
 0 
 0 
 0 
 0 
 0 
 0 
 0 
 0 
 0 
 0 
 0 
 0 
 0 
 0 
 0 
 0 
 0 
 0 
 0 
 0 
 0 
 0 
 0 
 0 
 0 
 0 
 0 
 0 
 0 
 0 
 0 
 0 
 0 
 0 
 0 
 0 
 0 
 0 
 0 
 0 
 0 
 0 
 0 
 0 
 0 
 0 
 0 
 0 
 0 
 0 
 0 
 0 
 0 
 0 
 0 
 0 
 0 
 0 
 0 
 0 
 0 
 0 
 0 
 0 
 0 
 0 
 0 
 0 
 0 
 0 
 0 
 0 
 0 
 0 
 0 
 0 
 0 
 0 
 0 
 0 
 0 
 0 
 0 
 0 
 0 
 0 
 0 
 0 
 0 
 0 
 0 
 0 
 0 
 0 
 0 
 0 
 0 
 0 
 0 
 0 
 0 
 0 
 0 
 0 
 0 
 0 
 0 
 0 
 0 
 0 
 0 
 0 
 0 
 0 
 0 
 0 
 0 
 0 
 0 
 0 
 0 
 0 
 0 
 0 
 0 
 0 
 0 
 0 
 0 
 0 
 0 
 0 
 0 
 0 
 0 
 0 
 0 
 0 
 0 
 0 
 0 
 0 
 0 
 0 
 0 
 0 
 0 
 0 
 0 
 0 
 0 
 0 
 0 
 0 
 0 
 0 
 0 
 0 
 0 
 0 
 0 
 0 
 0 
 0 
 0 
 0 
 0 
 0 
 0 
 0 
 0 
 0 
 0 
 0 
 0 
 0 
 0 
 0 
 0 
 0 
 0 
 0 
 0 
 0 
 0 
 0 
 0 
 0 
 0 
 0 
 0 
 0 
 0 
 0 
 0 
 0 
 0 
 0 
 0 
 0 
 0 
 0 
 0 
 0 
 0 
 0 
 0 
 0 
 0 
 0 
 0 
 0 
 0 
 0 
 0 
 0 
 0 
 0 
 0 
 0 
 0 
