 0 
 0 
 0 
 0 
 0 
 0 
 0 
 0 
 0 
 0 
 0 
 0 
 0 
 0 
 0 
 0 
 0 
 0 
 0 
 0 
 0 
 0 
 0 
 0 
 0 
 0 
 0 
 0 
 0 
 0 
 0 
 0 
 0 
 0 
 0 
 0 
 0 
 0 
 0 
 0 
 0 
 0 
 0 
 0 
 0 
 0 
 0 
 0 
 0 
 0 
 0 
 0 
 0 
 0 
 0 
 0 
 0 
 0 
 0 
 0 
 0 
 0 
 0 
 0 
 0 
 0 
 0 
 0 
 0 
 0 
 0 
 0 
 0 
 0 
 0 
 0 
 0 
 0 
 0 
 0 
 0 
 0 
 0 
 0 
 0 
 0 
 0 
 0 
 0 
 0 
 0 
 0 
 0 
 0 
 0 
 0 
 0 
 0 
 0 
 0 
 0 
 0 
 0 
 0 
 0 
 0 
 0 
 0 
 0 
 0 
 0 
 0 
 0 
 0 
 0 
 0 
 0 
 0 
 0 
 0 
 0 
 0 
 0 
 0 
 0 
 0 
 0 
 0 
 0 
 0 
 0 
 0 
 0 
 0 
 0 
 0 
 0 
 0 
 0 
 0 
 0 
 0 
 0 
 0 
 0 
 0 
 0 
 0 
 0 
 0 
 0 
 0 
 0 
 0 
 0 
 0 
 0 
 0 
 0 
 0 
 0 
 0 
 0 
 0 
 0 
 0 
 0 
 0 
 0 
 0 
 0 
 0 
 0 
 0 
 0 
 0 
 0 
 0 
 0 
 0 
 0 
 0 
 0 
 0 
 0 
 0 
 0 
 0 
 0 
 0 
 0 
 0 
 0 
 0 
 0 
 0 
 0 
 0 
 0 
 0 
 0 
 0 
 0 
 0 
 0 
 0 
 0 
 0 
 0 
 0 
 0 
 0 
 0 
 0 
 0 
 0 
 0 
 0 
 0 
 0 
 0 
 0 
 0 
 0 
 0 
 0 
 0 
 0 
 0 
 0 
 0 
 0 
 0 
 0 
 0 
 0 
 0 
 0 
 0 
 0 
 0 
 0 
 0 
 0 
 0 
 0 
 0 
 0 
 0 
 0 
 0 
 0 
 0 
 0 
 0 
 0 
 0 
 0 
 0 
 0 
 0 
 0 
 0 
 0 
 0 
 0 
 0 
 0 
 0 
 0 
 0 
 0 
 0 
 0 
 0 
 0 
 0 
 0 
 0 
 0 
 0 
 0 
 0 
 0 
 0 
 0 
 0 
 0 
 0 
 0 
 0 
 0 
 0 
 0 
 0 
 0 
 0 
 0 
 0 
 0 
 0 
 0 
 0 
 0 
 0 
 0 
 0 
 0 
 0 
 0 
 0 
 0 
 0 
 0 
 0 
 0 
 0 
 0 
 0 
 0 
 0 
 0 
 0 
 0 
 0 
 0 
 0 
 0 
 0 
 0 
 0 
 0 
 0 
 0 
 0 
 0 
 0 
 0 
 0 
 0 
 0 
 0 
 0 
 0 
 0 
 0 
 0 
 0 
 0 
 0 
 0 
 0 
 0 
 0 
 0 
 0 
 0 
 0 
 0 
 0 
 0 
 0 
 0 
 0 
 0 
 0 
 0 
 0 
 0 
 0 
 0 
 0 
 0 
 0 
 0 
 0 
 0 
 0 
 0 
 0 
 0 
 0 
 0 
 0 
 0 
 0 
 0 
 0 
 0 
 0 
 0 
 0 
 0 
 0 
 0 
 0 
 0 
 0 
 0 
 0 
 0 
 0 
 0 
 0 
 0 
 0 
 0 
 0 
 0 
 0 
 0 
 0 
 0 
 0 
 0 
 0 
 0 
 0 
 0 
 0 
 0 
 0 
 0 
 0 
 0 
 0 
 0 
 0 
 0 
 0 
 0 
 0 
 0 
 0 
 0 
 8,46740050804403E-04 
 8,46740050804403E-04 
 1,69348010160881E-03 
 1,69348010160881E-03 
 2,54022015241321E-03 
 3,38696020321761E-03 
 4,23370025402202E-03 
 3,38696020321761E-03 
 3,38696020321761E-03 
 8,46740050804403E-03 
 5,92718035563082E-03 
 6,77392040643522E-03 
 7,62066045723963E-03 
 8,46740050804403E-03 
 9,31414055884843E-03 
 1,01608806096528E-02 
 1,10076206604572E-02 
 1,18543607112616E-02 
 1,10076206604572E-02 
 0,012701100762066 
 1,69348010160881E-02 
 1,77815410668925E-02 
 1,86282811176969E-02 
 1,94750211685013E-02 
 2,11685012701101E-02 
 1,94750211685013E-02 
 2,03217612193057E-02 
 3,72565622353937E-02 
 3,55630821337849E-02 
 3,04826418289585E-02 
 3,72565622353937E-02 
 3,89500423370025E-02 
 4,31837425910246E-02 
 5,92718035563082E-02 
 6,18120237087214E-02 
 6,43522438611346E-02 
 6,77392040643522E-02 
 7,02794242167655E-02 
 7,79000846740051E-02 
 8,04403048264183E-02 
 8,46740050804403E-02 
 0,069432684165961 
 7,53598645215919E-02 
 7,79000846740051E-02 
 0,111769686706181 
 0,116003386960203 
 0,119390347163421 
 0,123624047417443 
 0,123624047417443 
 0,127857747671465 
 0,132091447925487 
 0,132938187976291 
 9,39881456392887E-02 
 9,48348856900931E-02 
 0,100762066045724 
 0,101608806096528 
 9,82218458933107E-02 
 0,101608806096528 
 0,104149026248942 
 0,106689246401355 
 0,102455546147333 
 0,104995766299746 
 0,119390347163421 
 9,65283657917019E-02 
 9,82218458933107E-02 
 9,90685859441152E-02 
 0,108382726502964 
 0,102455546147333 
 8,21337849280271E-02 
 8,12870448772227E-02 
 8,29805249788315E-02 
 0,117696867061812 
 0,115156646909399 
 0,115156646909399 
 0,135478408128704 
 0,138018628281118 
 0,138018628281118 
 0,14225232853514 
 0,144792548687553 
 0,147332768839966 
 0,152413209144793 
 0,146486028789162 
 0,187976291278577 
 0,177815410668925 
 0,259102455546147 
 0,259949195596952 
 0,227773073666384 
 0,227773073666384 
 0,231160033869602 
 0,24047417442845 
 0,243861134631668 
 0,247248094834886 
 0,177815410668925 
 0,104149026248942 
 0,108382726502964 
 0,132091447925487 
 0,161727349703641 
 0,157493649449619 
 0,159187129551228 
 0,161727349703641 
 0,166807790008467 
 0,168501270110076 
 0,27688399661304 
 0,279424216765453 
 0,286198137171888 
 0,286198137171888 
 0,289585097375106 
 0,296359017781541 
 0,292125317527519 
 0,280270956816257 
 0,302286198137172 
 0,304826418289585 
 0,308213378492803 
 0,31160033869602 
 0,314140558848434 
 0,309906858594412 
 0,217612193056732 
 0,211685012701101 
 0,214225232853514 
 0,220152413209145 
 0,197290431837426 
 0,194750211685013 
 0,281117696867062 
 0,300592718035563 
 0,383573243014395 
 0,38272650296359 
 0,381879762912786 
 0,292972057578323 
 0,313293818797629 
 0,267569856054191 
 0,287044877222693 
 0,190516511430991 
 0,191363251481795 
 0,266723116003387 
 0,250635055038103 
 0,243014394580864 
 0,438611346316681 
 0,469940728196444 
 0,469093988145639 
 0,48264182895851 
 0,486028789161727 
 0,489415749364945 
 0,492802709568163 
 0,497036409822185 
 0,500423370025402 
 0,50381033022862 
 0,44623200677392 
 0,454699407281964 
 0,458086367485182 
 0,466553767993226 
 0,458933107535986 
 0,46740050804403 
 0,528365791701948 
 0,531752751905165 
 0,535139712108383 
 0,5385266723116 
 0,542760372565622 
 0,54614733276884 
 0,549534292972058 
 0,552921253175275 
 0,556308213378493 
 0,55969517358171 
 0,563082133784928 
 0,566469093988146 
 0,569009314140559 
 0,572396274343776 
 0,575783234546994 
 0,579170194750212 
 0,582557154953429 
 0,585944115156647 
 0,589331075359865 
 0,592718035563082 
 0,595258255715495 
 0,598645215918713 
 0,5961049957663 
 0,605419136325148 
 0,608806096528366 
 0,611346316680779 
 0,614733276883997 
 0,618120237087214 
 0,620660457239627 
 0,624047417442845 
 0,627434377646063 
 0,629974597798476 
 0,569856054191363 
 0,610499576629975 
 0,639288738357324 
 0,642675698560542 
 0,645215918712955 
 0,648602878916173 
 0,651143099068586 
 0,654530059271804 
 0,657070279424217 
 0,65961049957663 
 0,662997459779848 
 0,665537679932261 
 0,628281117696867 
 0,63082133784928 
 0,634208298052498 
 0,629974597798476 
 0,632514817950889 
 0,648602878916173 
 0,657917019475021 
 0,660457239627434 
 0,607959356477561 
 0,610499576629975 
 0,606265876375953 
 0,615580016934801 
 0,61727349703641 
 0,619813717188823 
 0,629127857747671 
 0,631668077900085 
 0,605419136325148 
 0,607959356477561 
 0,58848433530906 
 0,252328535139712 
 0,238780694326842 
 0,246401354784081 
 0,254868755292125 
 0,262489415749365 
 0,263336155800169 
 0,265029635901778 
 0,272650296359018 
 0,266723116003387 
 0,252328535139712 
 0,260795935647756 
 0,238780694326842 
 0,254868755292125 
 0,25571549534293 
 0,241320914479255 
 0,249788314987299 
 0,258255715495343 
 0,266723116003387 
 0,274343776460627 
 0,282811176968671 
 0,276037256562235 
 0,284504657070279 
 0,301439458086367 
 0,302286198137172 
 0,357324301439458 
 0,381033022861981 
 0,38272650296359 
 0,281964436917866 
 0,251481795088908 
 0,306519898391194 
 0,299745977984759 
 0,300592718035563 
 0,292972057578323 
 0,286198137171888 
 0,287044877222693 
 0,303132938187976 
 0,296359017781541 
 0,232853513971211 
 0,209144792548688 
 0,209991532599492 
 0,218458933107536 
 0,23454699407282 
 0,251481795088908 
 0,252328535139712 
 0,285351397121084 
 0,310753598645216 
 0,278577476714649 
 0,278577476714649 
 0,279424216765453 
 0,271803556308213 
 0,272650296359018 
 0,265029635901778 
 0,314987298899238 
 0,331922099915326 
 0,598645215918713 
 0,591871295512278 
 0,592718035563082 
 0,702794242167655 
 0,703640982218459 
 0,679932260795936 
 0,655376799322608 
 0,682472480948349 
 0,691786621507197 
 0,600338696020322 
 0,584250635055038 
 0,55969517358171 
 0,484335309060119 
 0,475867908552075 
 0,485182049110923 
 0,502963590177815 
 0,50381033022862 
 0,479254868755292 
 0,505503810330229 
 0,514817950889077 
 0,480948348856901 
 0,481795088907705 
 0,654530059271804 
 0,663844199830652 
 0,604572396274344 
 0,769686706181202 
 0,762066045723963 
 0,728196443691787 
 0,720575783234547 
 0,712108382726503 
 0,486875529212532 
 0,504657070279424 
 0,548687552921253 
 0,549534292972058 
 0,550381033022862 
 0,874682472480948 
 0,690939881456393 
 0,691786621507197 
 0,692633361558002 
 0,693480101608806 
 0,711261642675699 
 0,712108382726503 
 0,685859441151566 
 0,598645215918713 
 0,599491955969517 
 0,625740897544454 
 0,520745131244708 
 0,653683319220999 
 0,645215918712955 
 0,654530059271804 
 0,442845046570703 
 0,42506350550381 
 0,398814563928874 
 0,611346316680779 
 0,602878916172735 
 0,558848433530906 
 0,372565622353937 
 0,355630821337849 
 0,364098221845893 
 0,355630821337849 
 0,373412362404742 
 0,329381879762913 
 0,302286198137172 
 0,320914479254869 
 0,285351397121084 
 0,285351397121084 
 0,34801016088061 
 0,41913632514818 
 0,401354784081287 
 0,41913632514818 
 0,428450465707028 
 0,490262489415749 
 0,428450465707028 
 0,410668924640135 
 0,491109229466554 
 0,499576629974598 
 0,41913632514818 
 0,455546147332769 
 0,455546147332769 
 0,392887383573243 
 0,401354784081287 
 0,383573243014395 
 0,44623200677392 
 0,464013547840813 
 0,722269263336156 
 0,704487722269263 
 0,820491109229467 
 0,490262489415749 
 0,498729889923793 
 0,525825571549534 
 0,508044030482642 
 0,525825571549534 
 0,889923793395428 
 0,889923793395428 
 0,889923793395428 
 0,889077053344623 
 0,889077053344623 
 0,888230313293819 
 0,888230313293819 
 0,887383573243014 
 0,887383573243014 
 0,88653683319221 
 0,885690093141406 
 0,885690093141406 
 0,884843353090601 
 0,884843353090601 
 0,883996613039797 
 0,883149872988992 
 0,873835732430144 
 0,882303132938188 
 0,881456392887384 
 0,880609652836579 
 0,861981371718882 
 0,870448772226926 
 0,843353090601185 
 0,868755292125318 
 0,877222692633362 
 0,876375952582557 
 0,779000846740051 
 0,769686706181202 
 0,768839966130398 
 0,723962743437765 
 0,714648602878916 
 0,618120237087214 
 0,591871295512278 
 0,599491955969517 
 0,590177815410669 
 0,589331075359865 
 0,346316680779001 
 0,795935647756139 
 0,785774767146486 
 0,862828111769687 
 0,861134631668078 
 0,860287891617273 
 0,859441151566469 
 0,85774767146486 
 0,856900931414056 
 0,855207451312447 
 0,854360711261643 
 0,853513971210838 
 0,851820491109229 
 0,850127011007621 
 0,849280270956816 
 0,593564775613887 
 0,575783234546994 
 0,676545300592718 
 0,632514817950889 
 0,640135478408129 
 0,596951735817104 
 0,5961049957663 
 0,544453852667231 
 0,602032176121931 
 0,668077900084674 
 0,658763759525826 
 0,665537679932261 
 0,664690939881456 
 0,704487722269263 
 0,702794242167655 
 0,70194750211685 
 0,774767146486029 
 0,764606265876376 
 0,771380186282811 
 0,769686706181202 
 0,792548687552921 
 0,806943268416596 
 0,789161727349704 
 0,787468247248095 
 0,777307366638442 
 0,75190516511431 
 0,806096528365792 
 0,804403048264183 
 0,802709568162574 
 0,801016088060965 
 0,798475867908552 
 0,796782387806943 
 0,795088907705334 
 0,793395427603726 
 0,790855207451312 
 0,789161727349704 
 0,78662150719729 
 0,784928027095682 
 0,783234546994073 
 0,78069432684166 
 0,779000846740051 
 0,745131244707875 
 0,743437764606266 
 0,749364944961897 
 0,754445385266723 
 0,698560541913632 
 0,757832345469941 
 0,488569009314141 
 0,456392887383573 
 0,394580863674852 
 0,302286198137172 
 0,271803556308213 
 0,263336155800169 
 0,270110076206605 
 0,291278577476715 
 0,231160033869602 
 0,386113463166808 
 0,385266723116003 
 0,36155800169348 
 0,41151566469094 
 0,447078746824725 
 0,430990685859441 
 0,458933107535986 
 0,493649449618967 
 0,513124470787468 
 0,533446232006774 
 0,524132091447925 
 0,536833192209991 
 0,541913632514818 
 0,469093988145639 
 0,480948348856901 
 0,557154953429297 
 0,547840812870449 
 0,398814563928874 
 0,515664690939881 
 0,451312447078747 
 0,463166807790008 
 0,447925486875529 
 0,521591871295512 
 0,403048264182896 
 0,469093988145639 
 0,447078746824725 
 0,445385266723116 
 0,430143945808637 
 0,327688399661304 
 0,33276883996613 
 0,325148179508891 
 0,356477561388654 
 0,354784081287045 
 0,373412362404742 
 0,345469940728196 
 0,331075359864522 
 0,329381879762913 
 0,359864521591871 
 0,352243861134632 
 0,394580863674852 
 0,469093988145639 
 0,460626587637595 
 0,395427603725656 
 0,386960203217612 
 0,409822184589331 
 0,389500423370025 
 0,565622353937341 
 0,563082133784928 
 0,511430990685859 
 0,508890770533446 
 0,512277730736664 
 0,449618966977138 
 0,441151566469094 
 0,450465707027942 
 0,447925486875529 
 0,433530906011854 
 0,384419983065199 
 0,388653683319221 
 0,52497883149873 
 0,504657070279424 
 0,4614733276884 
 0,469940728196444 
 0,518204911092295 
 0,514817950889077 
 0,512277730736664 
 0,552921253175275 
 0,549534292972058 
 0,54614733276884 
 0,542760372565622 
 0,539373412362405 
 0,535986452159187 
 0,53259949195597 
 0,529212531752752 
 0,478408128704488 
 0,354784081287045 
 0,378492802709568 
 0,262489415749365 
 0,49618966977138 
 0,508044030482642 
 0,504657070279424 
 0,500423370025402 
 0,497036409822185 
 0,493649449618967 
 0,490262489415749 
 0,486028789161727 
 0,48264182895851 
 0,479254868755292 
 0,47502116850127 
 0,471634208298052 
 0,468247248094835 
 0,464013547840813 
 0,460626587637595 
 0,457239627434378 
 0,453005927180356 
 0,449618966977138 
 0,44623200677392 
 0,441998306519898 
 0,438611346316681 
 0,342929720575783 
 0,336155800169348 
 0,392887383573243 
 0,389500423370025 
 0,27688399661304 
 0,261642675698561 
 0,284504657070279 
 0,281964436917866 
 0,314987298899238 
 0,324301439458086 
 0,320914479254869 
 0,318374259102456 
 0,31922099915326 
 0,31922099915326 
 0,309060118543607 
 0,305673158340389 
 0,305673158340389 
 0,303132938187976 
 0,299745977984759 
 0,264182895850974 
 0,257408975444539 
 0,247248094834886 
 0,244707874682472 
 0,259102455546147 
 0,300592718035563 
 0,283657917019475 
 0,283657917019475 
 0,280270956816257 
 0,257408975444539 
 0,31922099915326 
 0,314987298899238 
 0,310753598645216 
 0,291278577476715 
 0,297205757832345 
 0,296359017781541 
 0,286198137171888 
 0,279424216765453 
 0,278577476714649 
 0,271803556308213 
 0,268416596104996 
 0,236240474174428 
 0,232853513971211 
 0,138018628281118 
 0,119390347163421 
 0,120237087214225 
 0,118543607112616 
 0,111769686706181 
 0,110076206604572 
 0,10584250635055 
 0,101608806096528 
 0,102455546147333 
 0,103302286198137 
 0,214225232853514 
 0,20575783234547 
 0,199830651989839 
 0,176121930567316 
 0,177815410668925 
 0,171888230313294 
 0,165114309906859 
 0,16342082980525 
 0,195596951735817 
 0,193903471634208 
 0,189669771380186 
 0,186282811176969 
 0,182049110922947 
 0,177815410668925 
 0,174428450465707 
 0,170194750211685 
 0,160880609652837 
 0,160880609652837 
 0,156646909398815 
 0,154106689246401 
 0,150719729043184 
 0,146486028789162 
 0,143099068585944 
 0,133784928027096 
 0,129551227773074 
 0,104995766299746 
 8,55207451312447E-02 
 3,55630821337849E-02 
 3,13293818797629E-02 
 3,13293818797629E-02 
 2,96359017781541E-02 
 2,79424216765453E-02 
 3,13293818797629E-02 
 3,04826418289585E-02 
 2,96359017781541E-02 
 2,96359017781541E-02 
 2,70956816257409E-02 
 2,45554614733277E-02 
 2,37087214225233E-02 
 2,28619813717189E-02 
 2,11685012701101E-02 
 2,03217612193057E-02 
 1,77815410668925E-02 
 1,60880609652837E-02 
 1,43945808636749E-02 
 1,35478408128704E-02 
 1,35478408128704E-02 
 0,012701100762066 
 1,10076206604572E-02 
 1,10076206604572E-02 
 1,18543607112616E-02 
 1,10076206604572E-02 
 1,10076206604572E-02 
 1,01608806096528E-02 
 1,01608806096528E-02 
 9,31414055884843E-03 
 9,31414055884843E-03 
 7,62066045723963E-03 
 6,77392040643522E-03 
 5,08044030482642E-03 
 5,08044030482642E-03 
 4,23370025402202E-03 
 4,23370025402202E-03 
 3,38696020321761E-03 
 3,38696020321761E-03 
 2,54022015241321E-03 
 2,54022015241321E-03 
 1,69348010160881E-03 
 1,69348010160881E-03 
 1,69348010160881E-03 
 8,46740050804403E-04 
 8,46740050804403E-04 
 8,46740050804403E-04 
 8,46740050804403E-04 
 0 
 0 
 0 
 0 
 0 
 0 
 0 
 0 
 0 
 0 
 0 
 0 
 0 
 0 
 0 
 0 
 0 
 0 
 0 
 0 
 0 
 0 
 0 
 0 
 0 
 0 
 0 
 0 
 0 
 0 
 0 
 0 
 0 
 0 
 0 
 0 
 0 
 0 
 0 
 0 
 0 
 0 
 0 
 0 
 0 
 0 
 0 
 0 
 0 
 0 
 0 
 0 
 0 
 0 
 0 
 0 
 0 
 0 
 0 
 0 
 0 
 0 
 0 
 0 
 0 
 0 
 0 
 0 
 0 
 0 
 0 
 0 
 0 
 0 
 0 
 0 
 0 
 0 
 0 
 0 
 0 
 0 
 0 
 0 
 0 
 0 
 0 
 0 
 0 
 0 
 0 
 0 
 0 
 0 
 0 
 0 
 0 
 0 
 0 
 0 
 0 
 0 
 0 
 0 
 0 
 0 
 0 
 0 
 0 
 0 
 0 
 0 
 0 
 0 
 0 
 0 
 0 
 0 
 0 
 0 
 0 
 0 
 0 
 0 
 0 
 0 
 0 
 0 
 0 
 0 
 0 
 0 
 0 
 0 
 0 
 0 
 0 
 0 
 0 
 0 
 0 
 0 
 0 
 0 
 0 
 0 
 0 
 0 
 0 
 0 
 0 
 0 
 0 
 0 
 0 
 0 
 0 
 0 
 0 
 0 
 0 
 0 
 0 
 0 
 0 
 0 
 0 
 0 
 0 
 0 
 0 
 0 
 0 
 0 
 0 
 0 
 0 
 0 
 0 
 0 
 0 
 0 
 0 
 0 
 0 
 0 
 0 
 0 
 0 
 0 
 0 
 0 
 0 
 0 
 0 
 0 
 0 
 0 
 0 
 0 
 0 
 0 
 0 
 0 
 0 
 0 
 0 
 0 
 0 
 0 
 0 
 0 
 0 
 0 
 0 
 0 
 0 
 0 
 0 
 0 
 0 
 0 
 0 
 0 
 0 
 0 
 0 
 0 
 0 
 0 
 0 
 0 
 0 
 0 
 0 
 0 
 0 
 0 
 0 
 0 
 0 
 0 
 0 
 0 
 0 
 0 
 0 
 0 
 0 
 0 
 0 
 0 
 0 
 0 
 0 
 0 
 0 
 0 
 0 
 0 
 0 
 0 
 0 
 0 
 0 
 0 
 0 
 0 
 0 
 0 
 0 
 0 
 0 
 0 
 0 
 0 
 0 
 0 
 0 
 0 
 0 
 0 
 0 
 0 
 0 
 0 
 0 
 0 
 0 
 0 
 0 
 0 
 0 
 0 
 0 
 0 
 0 
 0 
 0 
 0 
 0 
 0 
 0 
 0 
 0 
 0 
 0 
 0 
 0 
 0 
 0 
 0 
 0 
