 0 
 0 
 0 
 0 
 0 
 0 
 0 
 0 
 0 
 0 
 0 
 0 
 0 
 0 
 0 
 0 
 0 
 0 
 0 
 0 
 0 
 0 
 0 
 0 
 0 
 0 
 0 
 0 
 0 
 0 
 0 
 0 
 0 
 0 
 0 
 0 
 0 
 0 
 0 
 0 
 0 
 0 
 0 
 0 
 0 
 0 
 0 
 0 
 0 
 0 
 0 
 0 
 0 
 0 
 0 
 0 
 0 
 0 
 0 
 0 
 0 
 0 
 0 
 0 
 0 
 0 
 0 
 0 
 0 
 0 
 0 
 0 
 0 
 0 
 0 
 0 
 0 
 0 
 0 
 0 
 0 
 0 
 0 
 0 
 0 
 0 
 0 
 0 
 0 
 0 
 0 
 0 
 0 
 0 
 0 
 0 
 0 
 0 
 0 
 0 
 0 
 0 
 0 
 0 
 0 
 0 
 0 
 0 
 0 
 0 
 0 
 0 
 0 
 0 
 0 
 0 
 0 
 0 
 0 
 0 
 0 
 0 
 0 
 0 
 0 
 0 
 0 
 0 
 0 
 0 
 0 
 0 
 0 
 0 
 0 
 0 
 0 
 0 
 0 
 0 
 0 
 0 
 0 
 0 
 0 
 0 
 0 
 0 
 0 
 0 
 0 
 0 
 0 
 0 
 0 
 0 
 0 
 0 
 0 
 0 
 0 
 0 
 0 
 0 
 0 
 0 
 0 
 0 
 0 
 0 
 0 
 0 
 0 
 0 
 0 
 0 
 0 
 0 
 0 
 0 
 0 
 0 
 0 
 0 
 0 
 0 
 0 
 0 
 0 
 0 
 0 
 0 
 0 
 0 
 0 
 0 
 0 
 0 
 0 
 0 
 0 
 0 
 0 
 0 
 0 
 0 
 0 
 0 
 0 
 0 
 0 
 0 
 0 
 0 
 0 
 0 
 0 
 0 
 0 
 0 
 0 
 0 
 0 
 0 
 0 
 0 
 0 
 0 
 0 
 0 
 0 
 0 
 0 
 0 
 0 
 0 
 0 
 0 
 0 
 0 
 0 
 0 
 0 
 0 
 0 
 0 
 0 
 0 
 0 
 0 
 0 
 0 
 0 
 0 
 0 
 0 
 0 
 0 
 0 
 0 
 0 
 0 
 0 
 0 
 0 
 0 
 0 
 0 
 0 
 0 
 0 
 0 
 0 
 0 
 0 
 0 
 0 
 0 
 0 
 0 
 0 
 0 
 0 
 0 
 0 
 0 
 0 
 0 
 0 
 0 
 0 
 0 
 0 
 0 
 0 
 0 
 0 
 0 
 0 
 0 
 0 
 0 
 0 
 0 
 0 
 0 
 0 
 0 
 0 
 0 
 0 
 0 
 0 
 0 
 0 
 0 
 0 
 0 
 0 
 0 
 0 
 0 
 0 
 0 
 0 
 0 
 0 
 0 
 0 
 0 
 0 
 0 
 0 
 0 
 0 
 0 
 0 
 0 
 0 
 0 
 0 
 0 
 0 
 0 
 0 
 0 
 0 
 0 
 0 
 0 
 0 
 0 
 0 
 0 
 0 
 0 
 0 
 0 
 0 
 0 
 0 
 0 
 0 
 0 
 0 
 0 
 0 
 0 
 0 
 0 
 0 
 0 
 0 
 0 
 0 
 0 
 0 
 0 
 0 
 0 
 0 
 0 
 0 
 0 
 0 
 0 
 0 
 0 
 0 
 0 
 0 
 0 
 0 
 0 
 0 
 0 
 0 
 0 
 0 
 0 
 0 
 0 
 0 
 0 
 0 
 0 
 0 
 0 
 0 
 0 
 0 
 0 
 0 
 0 
 0 
 0 
 0 
 0 
 0 
 0 
 0 
 0 
 0 
 0 
 0 
 0 
 0 
 0 
 0 
 0 
 0 
 0 
 0 
 0 
 8,46740050804403E-04 
 8,46740050804403E-04 
 8,46740050804403E-04 
 1,69348010160881E-03 
 2,54022015241321E-03 
 3,38696020321761E-03 
 4,23370025402202E-03 
 4,23370025402202E-03 
 5,92718035563082E-03 
 6,77392040643522E-03 
 7,62066045723963E-03 
 8,46740050804403E-03 
 9,31414055884843E-03 
 1,10076206604572E-02 
 0,012701100762066 
 5,08044030482642E-03 
 5,92718035563082E-03 
 6,77392040643522E-03 
 6,77392040643522E-03 
 7,62066045723963E-03 
 9,31414055884843E-03 
 1,10076206604572E-02 
 1,18543607112616E-02 
 1,18543607112616E-02 
 1,01608806096528E-02 
 1,18543607112616E-02 
 0,012701100762066 
 2,37087214225233E-02 
 2,54022015241321E-02 
 2,54022015241321E-02 
 2,87891617273497E-02 
 3,55630821337849E-02 
 3,72565622353937E-02 
 4,31837425910246E-02 
 0,044030482641829 
 4,31837425910246E-02 
 0,048264182895851 
 4,99576629974598E-02 
 4,99576629974598E-02 
 5,41913632514818E-02 
 4,65707027942422E-02 
 5,33446232006774E-02 
 7,70533446232007E-02 
 8,04403048264183E-02 
 7,36663844199831E-02 
 0,111769686706181 
 0,116003386960203 
 0,119390347163421 
 0,123624047417443 
 0,12701100762066 
 0,131244707874682 
 0,1346316680779 
 0,138865368331922 
 0,14225232853514 
 0,146486028789162 
 0,149872988992379 
 0,154106689246401 
 0,157493649449619 
 0,161727349703641 
 0,165961049957663 
 0,169348010160881 
 0,173581710414903 
 0,177815410668925 
 0,181202370872142 
 0,185436071126164 
 0,189669771380186 
 0,193056731583404 
 0,197290431837426 
 0,201524132091448 
 0,20575783234547 
 0,209144792548688 
 0,196443691786621 
 0,204064352243861 
 0,148179508890771 
 0,135478408128704 
 0,229466553767993 
 0,233700254022015 
 0,237087214225233 
 0,241320914479255 
 0,245554614733277 
 0,247248094834886 
 0,200677392040644 
 0,160033869602032 
 5,75783234546994E-02 
 5,84250635055038E-02 
 0,056731583403895 
 6,01185436071126E-02 
 0,060965283657917 
 5,92718035563082E-02 
 6,26587637595258E-02 
 6,68924640135478E-02 
 6,77392040643522E-02 
 0,065198983911939 
 7,28196443691787E-02 
 7,95935647756139E-02 
 8,38272650296359E-02 
 9,06011854360711E-02 
 9,56816257408975E-02 
 9,99153259949196E-02 
 9,39881456392887E-02 
 9,56816257408975E-02 
 0,106689246401355 
 9,48348856900931E-02 
 9,22946655376799E-02 
 9,31414055884843E-02 
 8,04403048264183E-02 
 8,12870448772227E-02 
 8,21337849280271E-02 
 7,62066045723963E-02 
 7,28196443691787E-02 
 7,36663844199831E-02 
 7,45131244707875E-02 
 6,77392040643522E-02 
 6,85859441151566E-02 
 0,069432684165961 
 7,02794242167655E-02 
 7,45131244707875E-02 
 7,53598645215919E-02 
 7,62066045723963E-02 
 6,43522438611346E-02 
 0,060965283657917 
 5,33446232006774E-02 
 5,84250635055038E-02 
 5,41913632514818E-02 
 5,50381033022862E-02 
 5,50381033022862E-02 
 5,16511430990686E-02 
 0,052497883149873 
 0,052497883149873 
 5,33446232006774E-02 
 4,48772226926334E-02 
 4,48772226926334E-02 
 4,48772226926334E-02 
 4,14902624894158E-02 
 3,64098221845893E-02 
 3,21761219305673E-02 
 2,37087214225233E-02 
 2,79424216765453E-02 
 2,87891617273497E-02 
 2,87891617273497E-02 
 3,38696020321761E-02 
 3,38696020321761E-02 
 3,38696020321761E-02 
 3,97967823878069E-02 
 3,47163420829805E-02 
 2,96359017781541E-02 
 3,55630821337849E-02 
 3,55630821337849E-02 
 4,57239627434378E-02 
 4,65707027942422E-02 
 4,65707027942422E-02 
 4,14902624894158E-02 
 4,23370025402202E-02 
 0,052497883149873 
 5,84250635055038E-02 
 5,92718035563082E-02 
 5,41913632514818E-02 
 4,31837425910246E-02 
 0,044030482641829 
 5,50381033022862E-02 
 6,60457239627434E-02 
 6,68924640135478E-02 
 6,18120237087214E-02 
 6,18120237087214E-02 
 6,26587637595258E-02 
 7,95935647756139E-02 
 8,55207451312447E-02 
 8,63674851820491E-02 
 7,53598645215919E-02 
 8,12870448772227E-02 
 7,62066045723963E-02 
 8,21337849280271E-02 
 8,89077053344623E-02 
 8,97544453852667E-02 
 8,97544453852667E-02 
 0,102455546147333 
 0,103302286198137 
 0,109229466553768 
 0,116003386960203 
 0,116850127011008 
 0,14225232853514 
 0,149026248941575 
 0,149872988992379 
 0,156646909398815 
 0,144792548687553 
 0,145639288738357 
 0,387806943268417 
 0,376799322607959 
 0,392040643522439 
 0,509737510584251 
 0,512277730736664 
 0,520745131244708 
 0,523285351397121 
 0,545300592718036 
 0,554614733276884 
 0,576629974597799 
 0,572396274343776 
 0,441151566469094 
 0,671464860287892 
 0,674005080440305 
 0,677392040643522 
 0,679932260795936 
 0,682472480948349 
 0,685859441151566 
 0,68839966130398 
 0,690939881456393 
 0,693480101608806 
 0,696867061812024 
 0,699407281964437 
 0,70194750211685 
 0,704487722269263 
 0,707027942421677 
 0,70956816257409 
 0,712108382726503 
 0,714648602878916 
 0,717188823031329 
 0,719729043183743 
 0,722269263336156 
 0,724809483488569 
 0,727349703640982 
 0,729889923793395 
 0,732430143945809 
 0,734970364098222 
 0,737510584250635 
 0,68077900084674 
 0,683319220999153 
 0,558848433530906 
 0,582557154953429 
 0,584250635055038 
 0,292972057578323 
 0,316680779000847 
 0,302286198137172 
 0,303132938187976 
 0,303979678238781 
 0,29805249788315 
 0,314140558848434 
 0,314987298899238 
 0,315834038950042 
 0,316680779000847 
 0,325148179508891 
 0,325994919559695 
 0,334462320067739 
 0,351397121083827 
 0,383573243014395 
 0,384419983065199 
 0,314987298899238 
 0,354784081287045 
 0,355630821337849 
 0,348856900931414 
 0,286198137171888 
 0,294665537679932 
 0,375105842506351 
 0,384419983065199 
 0,392887383573243 
 0,747671464860288 
 0,733276883996613 
 0,711261642675699 
 0,250635055038103 
 0,276037256562235 
 0,284504657070279 
 0,325994919559695 
 0,3268416596105 
 0,31922099915326 
 0,270956816257409 
 0,270956816257409 
 0,271803556308213 
 0,280270956816257 
 0,281117696867062 
 0,306519898391194 
 0,274343776460627 
 0,265876375952583 
 0,241320914479255 
 0,242167654530059 
 0,644369178662151 
 0,653683319220999 
 0,679932260795936 
 0,68077900084674 
 0,665537679932261 
 0,666384419983065 
 0,658763759525826 
 0,65198983911939 
 0,652836579170195 
 0,628281117696867 
 0,64606265876376 
 0,646909398814564 
 0,665537679932261 
 0,640982218458933 
 0,66723116003387 
 0,65961049957663 
 0,608806096528366 
 0,618120237087214 
 0,860287891617273 
 0,861134631668078 
 0,862828111769687 
 0,863674851820491 
 0,864521591871296 
 0,8653683319221 
 0,867061812023709 
 0,867908552074513 
 0,868755292125318 
 0,869602032176122 
 0,870448772226926 
 0,871295512277731 
 0,872142252328535 
 0,864521591871296 
 0,830651989839119 
 0,82303132938188 
 0,499576629974598 
 0,499576629974598 
 0,570702794242168 
 0,702794242167655 
 0,703640982218459 
 0,563082133784928 
 0,370025402201524 
 0,343776460626588 
 0,335309060118544 
 0,3268416596105 
 0,441998306519898 
 0,441998306519898 
 0,433530906011854 
 0,433530906011854 
 0,407281964436918 
 0,460626587637595 
 0,408128704487722 
 0,408128704487722 
 0,425910245554615 
 0,408128704487722 
 0,399661303979678 
 0,373412362404742 
 0,408975444538527 
 0,408975444538527 
 0,649449618966977 
 0,613886536833192 
 0,623200677392041 
 0,587637595258256 
 0,606265876375953 
 0,596951735817104 
 0,58848433530906 
 0,561388653683319 
 0,58848433530906 
 0,526672311600339 
 0,544453852667231 
 0,839119390347163 
 0,839119390347163 
 0,839119390347163 
 0,687552921253175 
 0,607112616426757 
 0,526672311600339 
 0,535139712108383 
 0,624894157493649 
 0,713801862828112 
 0,72311600338696 
 0,454699407281964 
 0,44623200677392 
 0,392887383573243 
 0,392040643522439 
 0,383573243014395 
 0,401354784081287 
 0,436917866215072 
 0,445385266723116 
 0,445385266723116 
 0,436071126164268 
 0,338696020321761 
 0,347163420829805 
 0,400508044030483 
 0,471634208298052 
 0,488569009314141 
 0,497883149872989 
 0,53259949195597 
 0,568162574089754 
 0,834038950042337 
 0,824724809483489 
 0,81541066892464 
 0,806096528365792 
 0,814563928873836 
 0,813717188823031 
 0,812870448772227 
 0,821337849280271 
 0,820491109229467 
 0,820491109229467 
 0,661303979678239 
 0,590177815410669 
 0,571549534292972 
 0,527519051651143 
 0,500423370025402 
 0,526672311600339 
 0,605419136325148 
 0,604572396274344 
 0,603725656223539 
 0,812870448772227 
 0,742591024555461 
 0,750211685012701 
 0,732430143945809 
 0,662150719729043 
 0,65198983911939 
 0,634208298052498 
 0,598645215918713 
 0,58086367485182 
 0,623200677392041 
 0,726502963590178 
 0,725656223539373 
 0,724809483488569 
 0,801016088060965 
 0,783234546994073 
 0,790855207451312 
 0,789161727349704 
 0,779847586790855 
 0,779000846740051 
 0,837425910245555 
 0,554614733276884 
 0,493649449618967 
 0,46740050804403 
 0,484335309060119 
 0,483488569009314 
 0,347163420829805 
 0,337849280270957 
 0,337849280270957 
 0,337002540220152 
 0,344623200677392 
 0,343776460626588 
 0,368331922099915 
 0,668924640135478 
 0,65961049957663 
 0,683319220999153 
 0,682472480948349 
 0,647756138865368 
 0,414055884843353 
 0,388653683319221 
 0,313293818797629 
 0,320914479254869 
 0,320914479254869 
 0,31160033869602 
 0,31922099915326 
 0,3268416596105 
 0,342082980524979 
 0,504657070279424 
 0,438611346316681 
 0,469940728196444 
 0,508890770533446 
 0,508044030482642 
 0,410668924640135 
 0,392887383573243 
 0,384419983065199 
 0,367485182049111 
 0,342929720575783 
 0,342082980524979 
 0,412362404741744 
 0,364098221845893 
 0,394580863674852 
 0,43268416596105 
 0,384419983065199 
 0,516511430990686 
 0,38272650296359 
 0,381879762912786 
 0,364944961896698 
 0,379339542760373 
 0,43268416596105 
 0,438611346316681 
 0,445385266723116 
 0,46740050804403 
 0,381879762912786 
 0,381033022861981 
 0,204911092294666 
 0,287891617273497 
 0,301439458086367 
 0,300592718035563 
 0,599491955969517 
 0,605419136325148 
 0,603725656223539 
 0,624047417442845 
 0,421676545300593 
 0,347163420829805 
 0,338696020321761 
 0,337002540220152 
 0,342929720575783 
 0,313293818797629 
 0,297205757832345 
 0,318374259102456 
 0,626587637595258 
 0,624894157493649 
 0,629127857747671 
 0,641828958509738 
 0,64606265876376 
 0,615580016934801 
 0,704487722269263 
 0,70194750211685 
 0,489415749364945 
 0,466553767993226 
 0,451312447078747 
 0,469940728196444 
 0,468247248094835 
 0,453005927180356 
 0,403048264182896 
 0,401354784081287 
 0,372565622353937 
 0,377646062658764 
 0,295512277730737 
 0,394580863674852 
 0,3268416596105 
 0,304826418289585 
 0,283657917019475 
 0,282811176968671 
 0,261642675698561 
 0,254022015241321 
 0,304826418289585 
 0,161727349703641 
 0,160880609652837 
 0,160033869602032 
 0,165114309906859 
 0,158340389500423 
 0,157493649449619 
 0,156646909398815 
 0,15580016934801 
 0,161727349703641 
 0,241320914479255 
 0,252328535139712 
 0,250635055038103 
 0,249788314987299 
 0,254022015241321 
 0,253175275190517 
 0,245554614733277 
 0,250635055038103 
 0,243014394580864 
 0,241320914479255 
 0,216765453005927 
 0,215918712955123 
 0,203217612193057 
 0,190516511430991 
 0,200677392040644 
 0,199830651989839 
 0,204064352243861 
 0,202370872142252 
 0,201524132091448 
 0,188823031329382 
 0,17696867061812 
 0,159187129551228 
 0,147332768839966 
 0,157493649449619 
 0,161727349703641 
 0,15580016934801 
 0,154106689246401 
 0,143099068585944 
 0,173581710414903 
 0,177815410668925 
 0,171041490262489 
 0,175275190516511 
 0,173581710414903 
 0,132091447925487 
 0,12108382726503 
 0,120237087214225 
 0,114309906858594 
 9,90685859441152E-02 
 8,80609652836579E-02 
 8,72142252328535E-02 
 8,72142252328535E-02 
 8,63674851820491E-02 
 8,55207451312447E-02 
 8,97544453852667E-02 
 0,112616426756986 
 0,111769686706181 
 0,10584250635055 
 8,72142252328535E-02 
 7,70533446232007E-02 
 7,19729043183743E-02 
 7,62066045723963E-02 
 7,53598645215919E-02 
 7,02794242167655E-02 
 0,069432684165961 
 6,43522438611346E-02 
 6,01185436071126E-02 
 5,92718035563082E-02 
 5,41913632514818E-02 
 4,99576629974598E-02 
 4,91109229466554E-02 
 5,33446232006774E-02 
 0,048264182895851 
 0,048264182895851 
 4,74174428450466E-02 
 4,74174428450466E-02 
 4,65707027942422E-02 
 4,99576629974598E-02 
 4,99576629974598E-02 
 0,052497883149873 
 4,48772226926334E-02 
 5,16511430990686E-02 
 5,08044030482642E-02 
 5,41913632514818E-02 
 5,33446232006774E-02 
 5,33446232006774E-02 
 4,91109229466554E-02 
 0,048264182895851 
 5,16511430990686E-02 
 5,08044030482642E-02 
 5,33446232006774E-02 
 4,91109229466554E-02 
 4,91109229466554E-02 
 4,48772226926334E-02 
 4,48772226926334E-02 
 3,81033022861981E-02 
 4,06435224386113E-02 
 3,97967823878069E-02 
 3,64098221845893E-02 
 3,55630821337849E-02 
 3,55630821337849E-02 
 3,47163420829805E-02 
 3,72565622353937E-02 
 3,38696020321761E-02 
 3,89500423370025E-02 
 3,55630821337849E-02 
 3,21761219305673E-02 
 2,62489415749365E-02 
 2,37087214225233E-02 
 2,28619813717189E-02 
 2,03217612193057E-02 
 2,03217612193057E-02 
 1,94750211685013E-02 
 1,69348010160881E-02 
 1,69348010160881E-02 
 1,60880609652837E-02 
 1,60880609652837E-02 
 1,60880609652837E-02 
 1,52413209144793E-02 
 0,012701100762066 
 0,012701100762066 
 0,012701100762066 
 1,01608806096528E-02 
 8,46740050804403E-03 
 7,62066045723963E-03 
 7,62066045723963E-03 
 7,62066045723963E-03 
 9,31414055884843E-03 
 9,31414055884843E-03 
 9,31414055884843E-03 
 1,18543607112616E-02 
 1,18543607112616E-02 
 1,35478408128704E-02 
 0,012701100762066 
 0,012701100762066 
 1,35478408128704E-02 
 1,52413209144793E-02 
 1,60880609652837E-02 
 2,03217612193057E-02 
 1,77815410668925E-02 
 1,77815410668925E-02 
 1,69348010160881E-02 
 1,52413209144793E-02 
 1,86282811176969E-02 
 2,03217612193057E-02 
 2,11685012701101E-02 
 2,37087214225233E-02 
 2,28619813717189E-02 
 2,28619813717189E-02 
 2,11685012701101E-02 
 1,94750211685013E-02 
 1,86282811176969E-02 
 3,72565622353937E-02 
 3,64098221845893E-02 
 0,048264182895851 
 0,048264182895851 
 4,65707027942422E-02 
 4,65707027942422E-02 
 3,72565622353937E-02 
 0,048264182895851 
 4,65707027942422E-02 
 5,50381033022862E-02 
 5,33446232006774E-02 
 4,99576629974598E-02 
 4,74174428450466E-02 
 4,65707027942422E-02 
 0,044030482641829 
 4,14902624894158E-02 
 3,89500423370025E-02 
 3,64098221845893E-02 
 3,38696020321761E-02 
 3,04826418289585E-02 
 2,79424216765453E-02 
 2,62489415749365E-02 
 2,37087214225233E-02 
 2,11685012701101E-02 
 1,94750211685013E-02 
 1,69348010160881E-02 
 1,43945808636749E-02 
 1,35478408128704E-02 
 1,18543607112616E-02 
 1,01608806096528E-02 
 8,46740050804403E-03 
 6,77392040643522E-03 
 5,92718035563082E-03 
 4,23370025402202E-03 
 3,38696020321761E-03 
 2,54022015241321E-03 
 1,69348010160881E-03 
 1,69348010160881E-03 
 8,46740050804403E-04 
 8,46740050804403E-04 
 0 
 0 
 0 
 0 
 0 
 0 
 0 
 0 
 0 
 0 
 0 
 0 
 0 
 0 
 0 
 0 
 0 
 0 
 0 
 0 
 0 
 0 
 0 
 0 
 0 
 0 
 0 
 0 
 0 
 0 
 0 
 0 
 0 
 0 
 0 
 0 
 0 
 0 
 0 
 0 
 0 
 0 
 0 
 0 
 0 
 0 
 0 
 0 
 0 
 0 
 0 
 0 
 0 
 0 
 0 
 0 
 0 
 0 
 0 
 0 
 0 
 0 
 0 
 0 
 0 
 0 
 0 
 0 
 0 
 0 
 0 
 0 
 0 
 0 
 0 
 0 
 0 
 0 
 0 
 0 
 0 
 0 
 0 
 0 
 0 
 0 
 0 
 0 
 0 
 0 
 0 
 0 
 0 
 0 
 0 
 0 
 0 
 0 
 0 
 0 
 0 
 0 
 0 
 0 
 0 
 0 
 0 
 0 
 0 
 0 
 0 
 0 
 0 
 0 
 0 
 0 
 0 
 0 
 0 
 0 
 0 
 0 
 0 
 0 
 0 
 0 
 0 
 0 
 0 
 0 
 0 
 0 
 0 
 0 
 0 
 0 
 0 
 0 
 0 
 0 
 0 
 0 
 0 
 0 
 0 
 0 
 0 
 0 
 0 
 0 
 0 
 0 
 0 
 0 
 0 
 0 
 0 
 0 
 0 
 0 
 0 
 0 
 0 
 0 
 0 
 0 
 0 
 0 
 0 
 0 
 0 
 0 
 0 
 0 
 0 
 0 
 0 
 0 
 0 
 0 
 0 
 0 
 0 
 0 
 0 
 0 
 0 
 0 
 0 
 0 
 0 
 0 
 0 
 0 
 0 
 0 
 0 
 0 
 0 
 0 
 0 
 0 
 0 
 0 
 0 
 0 
 0 
 0 
 0 
 0 
 0 
 0 
 0 
 0 
 0 
 0 
 0 
 0 
 0 
 0 
 0 
 0 
 0 
 0 
 0 
 0 
 0 
 0 
 0 
 0 
 0 
 0 
 0 
 0 
 0 
 0 
 0 
 0 
 0 
 0 
 0 
 0 
 0 
 0 
 0 
 0 
 0 
 0 
 0 
 0 
 0 
 0 
 0 
 0 
 0 
 0 
 0 
 0 
 0 
 0 
 0 
 0 
 0 
 0 
 0 
 0 
 0 
 0 
 0 
 0 
 0 
 0 
 0 
 0 
 0 
 0 
 0 
 0 
 0 
 0 
 0 
 0 
 0 
 0 
 0 
 0 
 0 
 0 
 0 
 0 
 0 
 0 
 0 
 0 
 0 
 0 
 0 
 0 
 0 
 0 
 0 
 0 
 0 
 0 
 0 
 0 
 0 
 0 
 0 
 0 
 0 
