 0 
 0 
 0 
 0 
 0 
 0 
 0 
 0 
 0 
 0 
 0 
 0 
 0 
 0 
 0 
 0 
 0 
 0 
 0 
 0 
 0 
 0 
 0 
 0 
 0 
 0 
 0 
 0 
 0 
 0 
 0 
 0 
 0 
 0 
 0 
 0 
 0 
 0 
 0 
 0 
 0 
 0 
 0 
 0 
 0 
 0 
 0 
 0 
 0 
 0 
 0 
 0 
 0 
 0 
 0 
 0 
 0 
 0 
 0 
 0 
 0 
 0 
 0 
 0 
 0 
 0 
 0 
 0 
 0 
 0 
 0 
 0 
 0 
 0 
 0 
 0 
 0 
 0 
 0 
 0 
 0 
 0 
 0 
 0 
 0 
 0 
 0 
 0 
 0 
 0 
 0 
 0 
 0 
 0 
 0 
 0 
 0 
 0 
 0 
 0 
 0 
 0 
 0 
 0 
 0 
 0 
 0 
 0 
 0 
 0 
 0 
 0 
 0 
 0 
 0 
 0 
 0 
 0 
 0 
 0 
 0 
 0 
 0 
 0 
 0 
 0 
 0 
 0 
 0 
 0 
 0 
 0 
 0 
 0 
 0 
 0 
 0 
 0 
 0 
 0 
 0 
 0 
 0 
 0 
 0 
 0 
 0 
 0 
 0 
 0 
 0 
 0 
 0 
 0 
 0 
 0 
 0 
 0 
 0 
 0 
 0 
 0 
 0 
 0 
 0 
 0 
 0 
 0 
 0 
 0 
 0 
 0 
 0 
 0 
 0 
 0 
 0 
 0 
 0 
 0 
 0 
 0 
 0 
 0 
 0 
 0 
 0 
 0 
 0 
 0 
 0 
 0 
 0 
 0 
 0 
 0 
 0 
 0 
 0 
 0 
 0 
 0 
 0 
 0 
 0 
 0 
 0 
 0 
 0 
 0 
 0 
 0 
 0 
 0 
 0 
 0 
 0 
 0 
 0 
 0 
 0 
 0 
 0 
 0 
 0 
 0 
 0 
 0 
 0 
 0 
 0 
 0 
 0 
 0 
 0 
 0 
 0 
 0 
 0 
 0 
 0 
 0 
 0 
 0 
 0 
 0 
 0 
 0 
 0 
 0 
 0 
 0 
 0 
 0 
 0 
 0 
 0 
 0 
 0 
 0 
 0 
 0 
 0 
 0 
 0 
 0 
 0 
 0 
 0 
 0 
 0 
 0 
 0 
 0 
 0 
 0 
 0 
 0 
 0 
 0 
 0 
 0 
 0 
 0 
 0 
 0 
 0 
 0 
 0 
 0 
 0 
 0 
 0 
 0 
 0 
 0 
 0 
 0 
 0 
 0 
 0 
 0 
 0 
 0 
 0 
 0 
 0 
 0 
 0 
 0 
 0 
 0 
 0 
 0 
 0 
 0 
 0 
 0 
 0 
 0 
 0 
 0 
 0 
 0 
 0 
 0 
 0 
 0 
 0 
 0 
 0 
 0 
 0 
 0 
 0 
 0 
 0 
 0 
 0 
 0 
 0 
 0 
 0 
 0 
 0 
 0 
 0 
 0 
 0 
 0 
 0 
 0 
 0 
 0 
 0 
 0 
 0 
 0 
 0 
 0 
 0 
 0 
 0 
 0 
 0 
 0 
 0 
 0 
 0 
 0 
 0 
 0 
 0 
 0 
 0 
 0 
 0 
 0 
 0 
 0 
 0 
 0 
 0 
 0 
 0 
 0 
 0 
 0 
 0 
 0 
 0 
 0 
 0 
 0 
 0 
 0 
 0 
 0 
 0 
 0 
 0 
 0 
 0 
 0 
 0 
 0 
 0 
 0 
 0 
 0 
 0 
 0 
 0 
 0 
 0 
 0 
 0 
 0 
 0 
 0 
 0 
 0 
 0 
 0 
 0 
 0 
 0 
 0 
 0 
 0 
 0 
 0 
 0 
 0 
 0 
 0 
 8,46740050804403E-04 
 8,46740050804403E-04 
 8,46740050804403E-04 
 1,69348010160881E-03 
 8,46740050804403E-04 
 1,69348010160881E-03 
 1,69348010160881E-03 
 2,54022015241321E-03 
 2,54022015241321E-03 
 2,54022015241321E-03 
 2,54022015241321E-03 
 3,38696020321761E-03 
 3,38696020321761E-03 
 3,38696020321761E-03 
 3,38696020321761E-03 
 3,38696020321761E-03 
 4,23370025402202E-03 
 5,08044030482642E-03 
 5,08044030482642E-03 
 5,92718035563082E-03 
 6,77392040643522E-03 
 7,62066045723963E-03 
 7,62066045723963E-03 
 7,62066045723963E-03 
 8,46740050804403E-03 
 8,46740050804403E-03 
 8,46740050804403E-03 
 9,31414055884843E-03 
 9,31414055884843E-03 
 1,01608806096528E-02 
 1,10076206604572E-02 
 0,012701100762066 
 0,012701100762066 
 0,012701100762066 
 1,35478408128704E-02 
 0,012701100762066 
 0,012701100762066 
 1,35478408128704E-02 
 1,43945808636749E-02 
 1,52413209144793E-02 
 2,03217612193057E-02 
 2,11685012701101E-02 
 2,20152413209145E-02 
 2,20152413209145E-02 
 2,28619813717189E-02 
 2,37087214225233E-02 
 2,45554614733277E-02 
 2,45554614733277E-02 
 2,11685012701101E-02 
 2,11685012701101E-02 
 2,20152413209145E-02 
 2,45554614733277E-02 
 2,37087214225233E-02 
 2,54022015241321E-02 
 2,28619813717189E-02 
 1,77815410668925E-02 
 1,94750211685013E-02 
 1,94750211685013E-02 
 1,86282811176969E-02 
 2,11685012701101E-02 
 2,62489415749365E-02 
 2,70956816257409E-02 
 2,79424216765453E-02 
 3,04826418289585E-02 
 2,87891617273497E-02 
 2,96359017781541E-02 
 3,04826418289585E-02 
 3,04826418289585E-02 
 3,38696020321761E-02 
 3,38696020321761E-02 
 3,47163420829805E-02 
 3,72565622353937E-02 
 3,64098221845893E-02 
 3,89500423370025E-02 
 3,97967823878069E-02 
 3,30228619813717E-02 
 3,13293818797629E-02 
 3,21761219305673E-02 
 3,21761219305673E-02 
 3,30228619813717E-02 
 3,64098221845893E-02 
 3,89500423370025E-02 
 3,72565622353937E-02 
 3,81033022861981E-02 
 3,81033022861981E-02 
 4,14902624894158E-02 
 4,23370025402202E-02 
 4,31837425910246E-02 
 4,31837425910246E-02 
 4,14902624894158E-02 
 3,89500423370025E-02 
 4,23370025402202E-02 
 4,31837425910246E-02 
 4,31837425910246E-02 
 4,74174428450466E-02 
 4,48772226926334E-02 
 4,48772226926334E-02 
 4,57239627434378E-02 
 0,052497883149873 
 5,33446232006774E-02 
 0,060965283657917 
 6,18120237087214E-02 
 6,18120237087214E-02 
 0,052497883149873 
 4,23370025402202E-02 
 4,31837425910246E-02 
 4,65707027942422E-02 
 4,74174428450466E-02 
 5,50381033022862E-02 
 0,048264182895851 
 0,056731583403895 
 0,060965283657917 
 6,18120237087214E-02 
 7,02794242167655E-02 
 7,02794242167655E-02 
 6,77392040643522E-02 
 8,38272650296359E-02 
 8,46740050804403E-02 
 8,97544453852667E-02 
 9,06011854360711E-02 
 7,87468247248095E-02 
 7,95935647756139E-02 
 8,04403048264183E-02 
 7,70533446232007E-02 
 7,70533446232007E-02 
 8,21337849280271E-02 
 9,22946655376799E-02 
 9,31414055884843E-02 
 0,116003386960203 
 0,112616426756986 
 0,117696867061812 
 0,104995766299746 
 0,128704487722269 
 0,129551227773074 
 0,121930567315834 
 0,12701100762066 
 0,127857747671465 
 0,124470787468247 
 0,125317527519052 
 0,131244707874682 
 0,137171888230313 
 0,138018628281118 
 0,129551227773074 
 0,130397967823878 
 0,136325148179509 
 0,137171888230313 
 0,138018628281118 
 0,180355630821338 
 0,186282811176969 
 0,182895850973751 
 0,183742591024555 
 0,195596951735817 
 0,181202370872142 
 0,203217612193057 
 0,198983911939035 
 0,20575783234547 
 0,212531752751905 
 0,208298052497883 
 0,204064352243861 
 0,216765453005927 
 0,212531752751905 
 0,208298052497883 
 0,204064352243861 
 0,227773073666384 
 0,229466553767993 
 0,21930567315834 
 0,208298052497883 
 0,204064352243861 
 0,193056731583404 
 0,194750211685013 
 0,21930567315834 
 0,226079593564776 
 0,245554614733277 
 0,253175275190517 
 0,24809483488569 
 0,286198137171888 
 0,281117696867062 
 0,252328535139712 
 0,14225232853514 
 0,173581710414903 
 0,168501270110076 
 0,570702794242168 
 0,573243014394581 
 0,544453852667231 
 0,546994072819644 
 0,403048264182896 
 0,385266723116003 
 0,374259102455546 
 0,36917866215072 
 0,351397121083827 
 0,268416596104996 
 0,2692633361558 
 0,316680779000847 
 0,185436071126164 
 0,199830651989839 
 0,207451312447079 
 0,430143945808637 
 0,634208298052498 
 0,636748518204911 
 0,652836579170195 
 0,662150719729043 
 0,664690939881456 
 0,674851820491109 
 0,690939881456393 
 0,693480101608806 
 0,696867061812024 
 0,691786621507197 
 0,687552921253175 
 0,655376799322608 
 0,615580016934801 
 0,610499576629975 
 0,640982218458933 
 0,629127857747671 
 0,631668077900085 
 0,719729043183743 
 0,722269263336156 
 0,724809483488569 
 0,727349703640982 
 0,729889923793395 
 0,732430143945809 
 0,337849280270957 
 0,339542760372566 
 0,569856054191363 
 0,579170194750212 
 0,5961049957663 
 0,314140558848434 
 0,375105842506351 
 0,375952582557155 
 0,36917866215072 
 0,386113463166808 
 0,379339542760373 
 0,403048264182896 
 0,412362404741744 
 0,359864521591871 
 0,345469940728196 
 0,331075359864522 
 0,316680779000847 
 0,325148179508891 
 0,325994919559695 
 0,287891617273497 
 0,288738357324301 
 0,281964436917866 
 0,29043183742591 
 0,291278577476715 
 0,283657917019475 
 0,27688399661304 
 0,285351397121084 
 0,309906858594412 
 0,38272650296359 
 0,391193903471634 
 0,368331922099915 
 0,36917866215072 
 0,35393734123624 
 0,314140558848434 
 0,8077900084674 
 0,809483488569009 
 0,811176968670618 
 0,813717188823031 
 0,81541066892464 
 0,817104149026249 
 0,662997459779848 
 0,664690939881456 
 0,657917019475021 
 0,650296359017781 
 0,693480101608806 
 0,702794242167655 
 0,720575783234547 
 0,722269263336156 
 0,731583403895004 
 0,733276883996613 
 0,734970364098222 
 0,727349703640982 
 0,712108382726503 
 0,738357324301439 
 0,748518204911092 
 0,757832345469941 
 0,700254022015241 
 0,726502963590178 
 0,728196443691787 
 0,729043183742591 
 0,798475867908552 
 0,76545300592718 
 0,783234546994073 
 0,793395427603726 
 0,802709568162574 
 0,710414902624894 
 0,565622353937341 
 0,558001693480102 
 0,507197290431837 
 0,679932260795936 
 0,508044030482642 
 0,508890770533446 
 0,578323454699407 
 0,544453852667231 
 0,536833192209991 
 0,572396274343776 
 0,598645215918713 
 0,216765453005927 
 0,321761219305673 
 0,321761219305673 
 0,322607959356478 
 0,314140558848434 
 0,297205757832345 
 0,297205757832345 
 0,306519898391194 
 0,306519898391194 
 0,315834038950042 
 0,307366638441998 
 0,307366638441998 
 0,307366638441998 
 0,308213378492803 
 0,308213378492803 
 0,281964436917866 
 0,281964436917866 
 0,273497036409822 
 0,17696867061812 
 0,167654530059272 
 0,167654530059272 
 0,141405588484335 
 0,132938187976291 
 0,168501270110076 
 0,186282811176969 
 0,212531752751905 
 0,21337849280271 
 0,21337849280271 
 0,195596951735817 
 0,195596951735817 
 0,187129551227773 
 0,177815410668925 
 0,177815410668925 
 0,151566469093988 
 0,14225232853514 
 0,151566469093988 
 0,177815410668925 
 0,160033869602032 
 0,169348010160881 
 0,160880609652837 
 0,178662150719729 
 0,169348010160881 
 0,178662150719729 
 0,178662150719729 
 0,178662150719729 
 0,178662150719729 
 0,187129551227773 
 0,187129551227773 
 0,178662150719729 
 0,187129551227773 
 0,178662150719729 
 0,169348010160881 
 0,169348010160881 
 0,178662150719729 
 0,204911092294666 
 0,214225232853514 
 0,204911092294666 
 0,24047417442845 
 0,232006773920406 
 0,222692633361558 
 0,204911092294666 
 0,204911092294666 
 0,204911092294666 
 0,21337849280271 
 0,21337849280271 
 0,21337849280271 
 0,231160033869602 
 0,239627434377646 
 0,248941574936494 
 0,239627434377646 
 0,239627434377646 
 0,239627434377646 
 0,239627434377646 
 0,239627434377646 
 0,220999153259949 
 0,220999153259949 
 0,212531752751905 
 0,212531752751905 
 0,211685012701101 
 0,211685012701101 
 0,237933954276037 
 0,25571549534293 
 0,228619813717189 
 0,228619813717189 
 0,439458086367485 
 0,430143945808637 
 0,447925486875529 
 0,456392887383573 
 0,455546147332769 
 0,455546147332769 
 0,498729889923793 
 0,45385266723116 
 0,427603725656224 
 0,418289585097375 
 0,392040643522439 
 0,356477561388654 
 0,356477561388654 
 0,355630821337849 
 0,372565622353937 
 0,381033022861981 
 0,371718882303133 
 0,380186282811177 
 0,397121083827265 
 0,370025402201524 
 0,378492802709568 
 0,395427603725656 
 0,351397121083827 
 0,41151566469094 
 0,402201524132091 
 0,674851820491109 
 0,622353937341236 
 0,809483488569009 
 0,850127011007621 
 0,849280270956816 
 0,847586790855207 
 0,846740050804403 
 0,845046570702794 
 0,843353090601185 
 0,842506350550381 
 0,840812870448772 
 0,839119390347163 
 0,838272650296359 
 0,83657917019475 
 0,834885690093141 
 0,833192209991533 
 0,832345469940728 
 0,622353937341236 
 0,63844199830652 
 0,636748518204911 
 0,643522438611346 
 0,642675698560542 
 0,633361558001693 
 0,591024555461473 
 0,385266723116003 
 0,310753598645216 
 0,293818797629128 
 0,536833192209991 
 0,568162574089754 
 0,56731583403895 
 0,533446232006774 
 0,540220152413209 
 0,514817950889077 
 0,690093141405589 
 0,672311600338696 
 0,495342929720576 
 0,45385266723116 
 0,556308213378493 
 0,563082133784928 
 0,561388653683319 
 0,528365791701948 
 0,511430990685859 
 0,494496189669771 
 0,602878916172735 
 0,601185436071126 
 0,591871295512278 
 0,613886536833192 
 0,766299745977985 
 0,733276883996613 
 0,662150719729043 
 0,660457239627434 
 0,658763759525826 
 0,656223539373412 
 0,662150719729043 
 0,652836579170195 
 0,242167654530059 
 0,241320914479255 
 0,24809483488569 
 0,254868755292125 
 0,238780694326842 
 0,253175275190517 
 0,230313293818798 
 0,221845893310754 
 0,198983911939035 
 0,191363251481795 
 0,182895850973751 
 0,182895850973751 
 0,182049110922947 
 0,174428450465707 
 0,173581710414903 
 0,172734970364098 
 0,179508890770533 
 0,178662150719729 
 0,199830651989839 
 0,198983911939035 
 0,183742591024555 
 0,161727349703641 
 0,168501270110076 
 0,175275190516511 
 0,181202370872142 
 0,145639288738357 
 0,159187129551228 
 0,144792548687553 
 0,143945808636749 
 0,136325148179509 
 0,136325148179509 
 0,135478408128704 
 0,161727349703641 
 0,174428450465707 
 0,180355630821338 
 0,186282811176969 
 0,185436071126164 
 0,178662150719729 
 0,183742591024555 
 0,189669771380186 
 0,202370872142252 
 0,207451312447079 
 0,199830651989839 
 0,20575783234547 
 0,19813717188823 
 0,197290431837426 
 0,202370872142252 
 0,201524132091448 
 0,200677392040644 
 0,312447078746825 
 0,316680779000847 
 0,309060118543607 
 0,301439458086367 
 0,305673158340389 
 0,280270956816257 
 0,278577476714649 
 0,282811176968671 
 0,2692633361558 
 0,268416596104996 
 0,254868755292125 
 0,253175275190517 
 0,246401354784081 
 0,244707874682472 
 0,237933954276037 
 0,21337849280271 
 0,188823031329382 
 0,193903471634208 
 0,19813717188823 
 0,202370872142252 
 0,207451312447079 
 0,389500423370025 
 0,552921253175275 
 0,549534292972058 
 0,54614733276884 
 0,542760372565622 
 0,539373412362405 
 0,535986452159187 
 0,53259949195597 
 0,529212531752752 
 0,525825571549534 
 0,521591871295512 
 0,518204911092295 
 0,514817950889077 
 0,511430990685859 
 0,508044030482642 
 0,504657070279424 
 0,500423370025402 
 0,497036409822185 
 0,493649449618967 
 0,490262489415749 
 0,486028789161727 
 0,48264182895851 
 0,479254868755292 
 0,47502116850127 
 0,471634208298052 
 0,468247248094835 
 0,464013547840813 
 0,460626587637595 
 0,457239627434378 
 0,453005927180356 
 0,449618966977138 
 0,44623200677392 
 0,441998306519898 
 0,438611346316681 
 0,434377646062659 
 0,430990685859441 
 0,426756985605419 
 0,198983911939035 
 0,201524132091448 
 0,165961049957663 
 0,238780694326842 
 0,232853513971211 
 0,177815410668925 
 0,18458933107536 
 0,190516511430991 
 0,36155800169348 
 0,241320914479255 
 0,273497036409822 
 0,270956816257409 
 0,264182895850974 
 0,265029635901778 
 0,284504657070279 
 0,277730736663844 
 0,347163420829805 
 0,357324301439458 
 0,35393734123624 
 0,349703640982218 
 0,345469940728196 
 0,342082980524979 
 0,337849280270957 
 0,333615580016935 
 0,330228619813717 
 0,325994919559695 
 0,321761219305673 
 0,152413209144793 
 0,147332768839966 
 0,154953429297206 
 7,36663844199831E-02 
 7,28196443691787E-02 
 7,19729043183743E-02 
 7,02794242167655E-02 
 6,68924640135478E-02 
 6,60457239627434E-02 
 7,02794242167655E-02 
 7,79000846740051E-02 
 7,95935647756139E-02 
 8,12870448772227E-02 
 6,68924640135478E-02 
 0,065198983911939 
 6,18120237087214E-02 
 5,84250635055038E-02 
 0,065198983911939 
 6,43522438611346E-02 
 7,02794242167655E-02 
 6,68924640135478E-02 
 8,21337849280271E-02 
 7,62066045723963E-02 
 7,87468247248095E-02 
 5,75783234546994E-02 
 0,056731583403895 
 5,58848433530906E-02 
 5,41913632514818E-02 
 4,57239627434378E-02 
 0,052497883149873 
 5,16511430990686E-02 
 5,08044030482642E-02 
 4,74174428450466E-02 
 4,65707027942422E-02 
 4,74174428450466E-02 
 4,65707027942422E-02 
 3,81033022861981E-02 
 3,72565622353937E-02 
 3,64098221845893E-02 
 3,21761219305673E-02 
 3,30228619813717E-02 
 3,38696020321761E-02 
 3,30228619813717E-02 
 3,38696020321761E-02 
 3,55630821337849E-02 
 3,47163420829805E-02 
 3,21761219305673E-02 
 3,13293818797629E-02 
 3,21761219305673E-02 
 3,21761219305673E-02 
 3,38696020321761E-02 
 3,04826418289585E-02 
 2,70956816257409E-02 
 2,54022015241321E-02 
 2,62489415749365E-02 
 2,54022015241321E-02 
 2,45554614733277E-02 
 2,37087214225233E-02 
 2,28619813717189E-02 
 1,94750211685013E-02 
 2,45554614733277E-02 
 2,37087214225233E-02 
 2,20152413209145E-02 
 2,03217612193057E-02 
 1,94750211685013E-02 
 1,86282811176969E-02 
 1,69348010160881E-02 
 1,52413209144793E-02 
 1,52413209144793E-02 
 1,43945808636749E-02 
 1,35478408128704E-02 
 1,18543607112616E-02 
 1,18543607112616E-02 
 1,18543607112616E-02 
 1,35478408128704E-02 
 0,012701100762066 
 1,18543607112616E-02 
 1,10076206604572E-02 
 1,01608806096528E-02 
 9,31414055884843E-03 
 8,46740050804403E-03 
 7,62066045723963E-03 
 6,77392040643522E-03 
 5,92718035563082E-03 
 5,08044030482642E-03 
 5,08044030482642E-03 
 4,23370025402202E-03 
 4,23370025402202E-03 
 6,77392040643522E-03 
 5,92718035563082E-03 
 5,08044030482642E-03 
 4,23370025402202E-03 
 3,38696020321761E-03 
 1,69348010160881E-03 
 1,69348010160881E-03 
 8,46740050804403E-04 
 8,46740050804403E-04 
 8,46740050804403E-04 
 0 
 0 
 0 
 0 
 0 
 0 
 0 
 0 
 0 
 0 
 0 
 0 
 0 
 0 
 0 
 0 
 0 
 0 
 0 
 0 
 0 
 0 
 0 
 0 
 0 
 0 
 0 
 0 
 0 
 0 
 0 
 0 
 0 
 0 
 0 
 0 
 0 
 0 
 0 
 0 
 0 
 0 
 0 
 0 
 0 
 0 
 0 
 0 
 0 
 0 
 0 
 0 
 0 
 0 
 0 
 0 
 0 
 0 
 0 
 0 
 0 
 0 
 0 
 0 
 0 
 0 
 0 
 0 
 0 
 0 
 0 
 0 
 0 
 0 
 0 
 0 
 0 
 0 
 0 
 0 
 0 
 0 
 0 
 0 
 0 
 0 
 0 
 0 
 0 
 0 
 0 
 0 
 0 
 0 
 0 
 0 
 0 
 0 
 0 
 0 
 0 
 0 
 0 
 0 
 0 
 0 
 0 
 0 
 0 
 0 
 0 
 0 
 0 
 0 
 0 
 0 
 0 
 0 
 0 
 0 
 0 
 0 
 0 
 0 
 0 
 0 
 0 
 0 
 0 
 0 
 0 
 0 
 0 
 0 
 0 
 0 
 0 
 0 
 0 
 0 
 0 
 0 
 0 
 0 
 0 
 0 
 0 
 0 
 0 
 0 
 0 
 0 
 0 
 0 
 0 
 0 
 0 
 0 
 0 
 0 
 0 
 0 
 0 
 0 
 0 
 0 
 0 
 0 
 0 
 0 
 0 
 0 
 0 
 0 
 0 
 0 
 0 
 0 
 0 
 0 
 0 
 0 
 0 
 0 
 0 
 0 
 0 
 0 
 0 
 0 
 0 
 0 
 0 
 0 
 0 
 0 
 0 
 0 
 0 
 0 
 0 
 0 
 0 
 0 
 0 
 0 
 0 
 0 
 0 
 0 
 0 
 0 
 0 
 0 
 0 
 0 
 0 
 0 
 0 
 0 
 0 
 0 
 0 
 0 
 0 
 0 
 0 
 0 
 0 
 0 
 0 
 0 
 0 
 0 
 0 
 0 
 0 
 0 
 0 
 0 
 0 
 0 
 0 
 0 
 0 
 0 
 0 
 0 
 0 
 0 
 0 
 0 
 0 
 0 
 0 
 0 
 0 
 0 
 0 
 0 
 0 
 0 
 0 
 0 
 0 
 0 
 0 
 0 
 0 
 0 
 0 
 0 
 0 
 0 
 0 
 0 
 0 
 0 
 0 
 0 
 0 
 0 
 0 
 0 
 0 
 0 
 0 
 0 
 0 
 0 
 0 
 0 
 0 
 0 
 0 
 0 
 0 
 0 
 0 
 0 
 0 
 0 
 0 
 0 
 0 
 0 
 0 
 0 
 0 
 0 
 0 
