 0 
 0 
 0 
 0 
 0 
 0 
 0 
 0 
 0 
 0 
 0 
 0 
 0 
 0 
 0 
 0 
 0 
 0 
 0 
 0 
 0 
 0 
 0 
 0 
 0 
 0 
 0 
 0 
 0 
 0 
 0 
 0 
 0 
 0 
 0 
 0 
 0 
 0 
 0 
 0 
 0 
 0 
 0 
 0 
 0 
 0 
 0 
 0 
 0 
 0 
 0 
 0 
 0 
 0 
 0 
 0 
 0 
 0 
 0 
 0 
 0 
 0 
 0 
 0 
 0 
 0 
 0 
 0 
 0 
 0 
 0 
 0 
 0 
 0 
 0 
 0 
 0 
 0 
 0 
 0 
 0 
 0 
 0 
 0 
 0 
 0 
 0 
 0 
 0 
 0 
 0 
 0 
 0 
 0 
 0 
 0 
 0 
 0 
 0 
 0 
 0 
 0 
 0 
 0 
 0 
 0 
 0 
 0 
 0 
 0 
 0 
 0 
 0 
 0 
 0 
 0 
 0 
 0 
 0 
 0 
 0 
 0 
 0 
 0 
 0 
 0 
 0 
 0 
 0 
 0 
 0 
 0 
 0 
 0 
 0 
 0 
 0 
 0 
 0 
 0 
 0 
 0 
 0 
 0 
 0 
 0 
 0 
 0 
 0 
 0 
 0 
 0 
 0 
 0 
 0 
 0 
 0 
 0 
 0 
 0 
 0 
 0 
 0 
 0 
 0 
 0 
 0 
 0 
 0 
 0 
 0 
 0 
 0 
 0 
 0 
 0 
 0 
 0 
 0 
 0 
 0 
 0 
 0 
 0 
 0 
 0 
 0 
 0 
 0 
 0 
 0 
 0 
 0 
 0 
 0 
 0 
 0 
 0 
 0 
 0 
 0 
 0 
 0 
 0 
 0 
 0 
 0 
 0 
 0 
 0 
 0 
 0 
 0 
 0 
 0 
 0 
 0 
 0 
 0 
 0 
 0 
 0 
 0 
 0 
 0 
 0 
 0 
 0 
 0 
 0 
 0 
 0 
 0 
 0 
 0 
 0 
 0 
 0 
 0 
 0 
 0 
 0 
 0 
 0 
 0 
 0 
 0 
 0 
 0 
 0 
 0 
 0 
 0 
 0 
 0 
 0 
 0 
 0 
 0 
 0 
 0 
 0 
 0 
 0 
 0 
 0 
 0 
 0 
 0 
 0 
 0 
 0 
 0 
 0 
 0 
 0 
 0 
 0 
 0 
 0 
 0 
 0 
 0 
 0 
 0 
 0 
 0 
 0 
 0 
 0 
 0 
 0 
 0 
 0 
 0 
 0 
 0 
 0 
 0 
 0 
 0 
 0 
 0 
 0 
 0 
 0 
 0 
 0 
 0 
 0 
 0 
 0 
 0 
 0 
 0 
 0 
 0 
 0 
 0 
 0 
 0 
 0 
 0 
 0 
 0 
 0 
 0 
 0 
 0 
 0 
 0 
 0 
 0 
 0 
 0 
 0 
 0 
 0 
 0 
 0 
 0 
 0 
 0 
 0 
 0 
 0 
 0 
 0 
 0 
 0 
 0 
 0 
 0 
 0 
 0 
 0 
 0 
 0 
 0 
 0 
 0 
 0 
 0 
 0 
 0 
 0 
 0 
 0 
 0 
 0 
 0 
 0 
 0 
 0 
 0 
 0 
 0 
 0 
 0 
 0 
 0 
 0 
 0 
 0 
 0 
 0 
 0 
 0 
 0 
 0 
 0 
 0 
 0 
 0 
 0 
 0 
 0 
 0 
 0 
 0 
 0 
 0 
 0 
 0 
 0 
 0 
 0 
 0 
 0 
 0 
 0 
 0 
 0 
 0 
 0 
 0 
 0 
 0 
 0 
 0 
 0 
 0 
 0 
 0 
 0 
 0 
 0 
 0 
 0 
 0 
 0 
 0 
 0 
 0 
 0 
 0 
 0 
 8,46740050804403E-04 
 8,46740050804403E-04 
 8,46740050804403E-04 
 2,54022015241321E-03 
 2,54022015241321E-03 
 3,38696020321761E-03 
 3,38696020321761E-03 
 4,23370025402202E-03 
 4,23370025402202E-03 
 5,92718035563082E-03 
 5,92718035563082E-03 
 6,77392040643522E-03 
 7,62066045723963E-03 
 8,46740050804403E-03 
 1,01608806096528E-02 
 8,46740050804403E-03 
 9,31414055884843E-03 
 0,012701100762066 
 1,35478408128704E-02 
 1,52413209144793E-02 
 1,60880609652837E-02 
 1,69348010160881E-02 
 1,77815410668925E-02 
 1,77815410668925E-02 
 1,86282811176969E-02 
 1,94750211685013E-02 
 1,86282811176969E-02 
 2,28619813717189E-02 
 2,03217612193057E-02 
 2,62489415749365E-02 
 3,30228619813717E-02 
 3,55630821337849E-02 
 3,81033022861981E-02 
 3,89500423370025E-02 
 3,97967823878069E-02 
 6,18120237087214E-02 
 0,060965283657917 
 6,43522438611346E-02 
 4,57239627434378E-02 
 4,14902624894158E-02 
 0,048264182895851 
 0,044030482641829 
 4,06435224386113E-02 
 0,060965283657917 
 7,53598645215919E-02 
 7,79000846740051E-02 
 0,12701100762066 
 0,125317527519052 
 0,11346316680779 
 0,115156646909399 
 0,118543607112616 
 0,120237087214225 
 0,118543607112616 
 7,19729043183743E-02 
 9,31414055884843E-02 
 9,39881456392887E-02 
 9,31414055884843E-02 
 9,99153259949196E-02 
 0,114309906858594 
 9,22946655376799E-02 
 9,39881456392887E-02 
 9,48348856900931E-02 
 0,100762066045724 
 0,147332768839966 
 0,149872988992379 
 0,153259949195597 
 0,160033869602032 
 0,16342082980525 
 0,136325148179509 
 7,36663844199831E-02 
 7,53598645215919E-02 
 8,12870448772227E-02 
 8,46740050804403E-02 
 8,38272650296359E-02 
 7,36663844199831E-02 
 6,26587637595258E-02 
 6,85859441151566E-02 
 6,77392040643522E-02 
 6,35055038103302E-02 
 0,056731583403895 
 0,052497883149873 
 5,33446232006774E-02 
 5,41913632514818E-02 
 6,26587637595258E-02 
 6,35055038103302E-02 
 0,065198983911939 
 6,60457239627434E-02 
 6,35055038103302E-02 
 5,84250635055038E-02 
 5,92718035563082E-02 
 6,35055038103302E-02 
 6,68924640135478E-02 
 7,11261642675699E-02 
 7,87468247248095E-02 
 7,95935647756139E-02 
 8,04403048264183E-02 
 7,19729043183743E-02 
 7,62066045723963E-02 
 8,04403048264183E-02 
 7,79000846740051E-02 
 6,85859441151566E-02 
 0,065198983911939 
 0,192209991532599 
 0,19813717188823 
 0,185436071126164 
 0,180355630821338 
 0,175275190516511 
 0,17696867061812 
 0,182895850973751 
 0,187976291278577 
 0,190516511430991 
 0,187976291278577 
 0,182895850973751 
 0,187976291278577 
 0,320914479254869 
 0,324301439458086 
 0,3268416596105 
 0,330228619813717 
 0,181202370872142 
 0,187129551227773 
 0,193056731583404 
 0,262489415749365 
 0,132091447925487 
 0,14225232853514 
 0,121930567315834 
 0,122777307366638 
 0,145639288738357 
 0,147332768839966 
 0,143945808636749 
 0,140558848433531 
 0,141405588484335 
 0,138018628281118 
 0,138865368331922 
 0,135478408128704 
 0,122777307366638 
 0,408128704487722 
 0,41151566469094 
 0,414902624894157 
 0,422523285351397 
 0,425910245554615 
 0,429297205757832 
 0,436917866215072 
 0,445385266723116 
 0,448772226926334 
 0,44623200677392 
 0,225232853513971 
 0,226079593564776 
 0,227773073666384 
 0,276037256562235 
 0,293818797629128 
 0,327688399661304 
 0,330228619813717 
 0,359017781541067 
 0,323454699407282 
 0,331075359864522 
 0,310753598645216 
 0,318374259102456 
 0,337002540220152 
 0,333615580016935 
 0,335309060118544 
 0,354784081287045 
 0,31160033869602 
 0,353090601185436 
 0,354784081287045 
 0,363251481795089 
 0,34801016088061 
 0,325994919559695 
 0,316680779000847 
 0,282811176968671 
 0,29043183742591 
 0,29805249788315 
 0,305673158340389 
 0,253175275190517 
 0,272650296359018 
 0,273497036409822 
 0,287044877222693 
 0,27688399661304 
 0,277730736663844 
 0,266723116003387 
 0,262489415749365 
 0,263336155800169 
 0,214225232853514 
 0,215071972904318 
 0,254868755292125 
 0,243014394580864 
 0,250635055038103 
 0,251481795088908 
 0,285351397121084 
 0,292972057578323 
 0,287891617273497 
 0,288738357324301 
 0,323454699407282 
 0,318374259102456 
 0,346316680779001 
 0,487722269263336 
 0,510584250635055 
 0,53259949195597 
 0,535139712108383 
 0,305673158340389 
 0,512277730736664 
 0,685859441151566 
 0,68839966130398 
 0,690939881456393 
 0,693480101608806 
 0,696867061812024 
 0,635901778154107 
 0,674005080440305 
 0,676545300592718 
 0,679085520745131 
 0,681625740897544 
 0,655376799322608 
 0,657917019475021 
 0,66723116003387 
 0,669771380186283 
 0,672311600338696 
 0,66723116003387 
 0,676545300592718 
 0,664690939881456 
 0,674005080440305 
 0,683319220999153 
 0,685859441151566 
 0,695173581710415 
 0,712955122777307 
 0,327688399661304 
 0,441151566469094 
 0,749364944961897 
 0,75190516511431 
 0,618120237087214 
 0,613039796782388 
 0,599491955969517 
 0,738357324301439 
 0,732430143945809 
 0,750211685012701 
 0,75190516511431 
 0,746824724809483 
 0,740897544453853 
 0,719729043183743 
 0,722269263336156 
 0,739204064352244 
 0,733276883996613 
 0,728196443691787 
 0,768839966130398 
 0,771380186282811 
 0,76545300592718 
 0,371718882303133 
 0,380186282811177 
 0,381879762912786 
 0,374259102455546 
 0,335309060118544 
 0,328535139712108 
 0,329381879762913 
 0,329381879762913 
 0,346316680779001 
 0,460626587637595 
 0,502116850127011 
 0,495342929720576 
 0,455546147332769 
 0,44030482641829 
 0,441151566469094 
 0,417442845046571 
 0,402201524132091 
 0,394580863674852 
 0,4038950042337 
 0,65198983911939 
 0,653683319220999 
 0,654530059271804 
 0,656223539373412 
 0,665537679932261 
 0,666384419983065 
 0,668077900084674 
 0,677392040643522 
 0,678238780694327 
 0,629127857747671 
 0,622353937341236 
 0,44623200677392 
 0,447078746824725 
 0,447925486875529 
 0,423370025402202 
 0,762912785774767 
 0,704487722269263 
 0,679932260795936 
 0,690093141405589 
 0,690939881456393 
 0,674851820491109 
 0,658763759525826 
 0,616426756985605 
 0,849280270956816 
 0,833192209991533 
 0,860287891617273 
 0,861134631668078 
 0,862828111769687 
 0,863674851820491 
 0,864521591871296 
 0,8653683319221 
 0,867061812023709 
 0,867908552074513 
 0,868755292125318 
 0,869602032176122 
 0,870448772226926 
 0,854360711261643 
 0,855207451312447 
 0,541913632514818 
 0,454699407281964 
 0,464013547840813 
 0,499576629974598 
 0,491109229466554 
 0,745977984758679 
 0,755292125317528 
 0,756138865368332 
 0,756985605419136 
 0,756985605419136 
 0,749364944961897 
 0,749364944961897 
 0,670618120237087 
 0,574089754445385 
 0,636748518204911 
 0,628281117696867 
 0,628281117696867 
 0,752751905165114 
 0,735817104149026 
 0,81541066892464 
 0,53259949195597 
 0,505503810330229 
 0,595258255715495 
 0,550381033022862 
 0,666384419983065 
 0,604572396274344 
 0,560541913632515 
 0,498729889923793 
 0,463166807790008 
 0,516511430990686 
 0,480948348856901 
 0,472480948348857 
 0,454699407281964 
 0,454699407281964 
 0,499576629974598 
 0,401354784081287 
 0,41913632514818 
 0,401354784081287 
 0,392887383573243 
 0,34801016088061 
 0,375105842506351 
 0,375105842506351 
 0,749364944961897 
 0,749364944961897 
 0,34801016088061 
 0,330228619813717 
 0,312447078746825 
 0,312447078746825 
 0,303132938187976 
 0,285351397121084 
 0,285351397121084 
 0,204911092294666 
 0,214225232853514 
 0,214225232853514 
 0,204911092294666 
 0,214225232853514 
 0,21337849280271 
 0,195596951735817 
 0,204911092294666 
 0,21337849280271 
 0,187129551227773 
 0,177815410668925 
 0,150719729043184 
 0,14225232853514 
 0,14225232853514 
 0,14225232853514 
 0,14225232853514 
 0,150719729043184 
 0,17696867061812 
 0,194750211685013 
 0,203217612193057 
 0,220999153259949 
 0,212531752751905 
 0,211685012701101 
 0,229466553767993 
 0,211685012701101 
 0,202370872142252 
 0,211685012701101 
 0,202370872142252 
 0,158340389500423 
 0,158340389500423 
 0,149026248941575 
 0,157493649449619 
 0,175275190516511 
 0,165961049957663 
 0,165961049957663 
 0,192209991532599 
 0,209144792548688 
 0,200677392040644 
 0,217612193056732 
 0,565622353937341 
 0,5385266723116 
 0,537679932260796 
 0,519898391193903 
 0,519898391193903 
 0,527519051651143 
 0,552921253175275 
 0,543607112616427 
 0,542760372565622 
 0,585097375105842 
 0,669771380186283 
 0,772226926333616 
 0,762912785774767 
 0,855207451312447 
 0,854360711261643 
 0,793395427603726 
 0,732430143945809 
 0,731583403895004 
 0,712955122777307 
 0,762912785774767 
 0,779000846740051 
 0,845046570702794 
 0,843353090601185 
 0,842506350550381 
 0,706181202370872 
 0,705334462320068 
 0,687552921253175 
 0,685859441151566 
 0,668077900084674 
 0,817104149026249 
 0,806943268416596 
 0,830651989839119 
 0,828958509737511 
 0,827265029635902 
 0,775613886536833 
 0,799322607959357 
 0,789161727349704 
 0,787468247248095 
 0,712108382726503 
 0,539373412362405 
 0,554614733276884 
 0,577476714648603 
 0,235393734123624 
 0,23454699407282 
 0,242167654530059 
 0,249788314987299 
 0,257408975444539 
 0,272650296359018 
 0,272650296359018 
 0,279424216765453 
 0,294665537679932 
 0,302286198137172 
 0,341236240474174 
 0,364098221845893 
 0,410668924640135 
 0,44030482641829 
 0,220152413209145 
 0,211685012701101 
 0,203217612193057 
 0,209991532599492 
 0,217612193056732 
 0,216765453005927 
 0,301439458086367 
 0,423370025402202 
 0,422523285351397 
 0,375105842506351 
 0,381879762912786 
 0,327688399661304 
 0,364098221845893 
 0,363251481795089 
 0,618966977138019 
 0,624047417442845 
 0,629974597798476 
 0,627434377646063 
 0,529212531752752 
 0,527519051651143 
 0,658763759525826 
 0,649449618966977 
 0,566469093988146 
 0,535139712108383 
 0,606265876375953 
 0,5385266723116 
 0,544453852667231 
 0,368331922099915 
 0,359864521591871 
 0,365791701947502 
 0,364944961896698 
 0,363251481795089 
 0,191363251481795 
 0,183742591024555 
 0,148179508890771 
 0,154106689246401 
 0,154106689246401 
 0,153259949195597 
 0,145639288738357 
 0,144792548687553 
 0,144792548687553 
 0,116850127011008 
 0,116003386960203 
 0,129551227773074 
 0,128704487722269 
 0,127857747671465 
 0,127857747671465 
 0,120237087214225 
 0,106689246401355 
 0,112616426756986 
 0,118543607112616 
 0,104995766299746 
 0,110922946655377 
 0,104149026248942 
 9,73751058425063E-02 
 0,103302286198137 
 9,65283657917019E-02 
 9,56816257408975E-02 
 9,56816257408975E-02 
 8,89077053344623E-02 
 8,21337849280271E-02 
 9,39881456392887E-02 
 8,12870448772227E-02 
 7,45131244707875E-02 
 7,45131244707875E-02 
 6,77392040643522E-02 
 0,060965283657917 
 6,68924640135478E-02 
 6,68924640135478E-02 
 6,01185436071126E-02 
 5,41913632514818E-02 
 5,33446232006774E-02 
 4,74174428450466E-02 
 5,33446232006774E-02 
 5,84250635055038E-02 
 5,84250635055038E-02 
 5,75783234546994E-02 
 5,75783234546994E-02 
 5,75783234546994E-02 
 6,26587637595258E-02 
 7,95935647756139E-02 
 7,87468247248095E-02 
 7,87468247248095E-02 
 7,19729043183743E-02 
 7,19729043183743E-02 
 7,11261642675699E-02 
 7,11261642675699E-02 
 6,01185436071126E-02 
 5,92718035563082E-02 
 5,33446232006774E-02 
 5,33446232006774E-02 
 5,84250635055038E-02 
 4,74174428450466E-02 
 0,052497883149873 
 3,64098221845893E-02 
 3,04826418289585E-02 
 3,04826418289585E-02 
 3,55630821337849E-02 
 3,55630821337849E-02 
 3,97967823878069E-02 
 3,97967823878069E-02 
 3,47163420829805E-02 
 3,89500423370025E-02 
 3,89500423370025E-02 
 3,89500423370025E-02 
 3,81033022861981E-02 
 4,31837425910246E-02 
 4,23370025402202E-02 
 4,23370025402202E-02 
 4,65707027942422E-02 
 4,14902624894158E-02 
 4,14902624894158E-02 
 4,99576629974598E-02 
 4,48772226926334E-02 
 4,48772226926334E-02 
 0,048264182895851 
 0,044030482641829 
 4,31837425910246E-02 
 4,31837425910246E-02 
 4,23370025402202E-02 
 4,23370025402202E-02 
 4,23370025402202E-02 
 4,57239627434378E-02 
 4,14902624894158E-02 
 3,64098221845893E-02 
 4,06435224386113E-02 
 3,97967823878069E-02 
 3,55630821337849E-02 
 3,55630821337849E-02 
 3,13293818797629E-02 
 3,04826418289585E-02 
 2,70956816257409E-02 
 2,62489415749365E-02 
 2,62489415749365E-02 
 2,96359017781541E-02 
 2,96359017781541E-02 
 3,21761219305673E-02 
 3,55630821337849E-02 
 3,55630821337849E-02 
 3,47163420829805E-02 
 3,81033022861981E-02 
 3,72565622353937E-02 
 3,38696020321761E-02 
 3,97967823878069E-02 
 3,97967823878069E-02 
 4,23370025402202E-02 
 4,14902624894158E-02 
 3,81033022861981E-02 
 3,81033022861981E-02 
 3,72565622353937E-02 
 3,64098221845893E-02 
 3,89500423370025E-02 
 3,55630821337849E-02 
 3,81033022861981E-02 
 3,47163420829805E-02 
 3,47163420829805E-02 
 3,13293818797629E-02 
 3,30228619813717E-02 
 3,04826418289585E-02 
 3,21761219305673E-02 
 3,21761219305673E-02 
 3,13293818797629E-02 
 3,38696020321761E-02 
 3,30228619813717E-02 
 2,96359017781541E-02 
 2,96359017781541E-02 
 2,45554614733277E-02 
 2,62489415749365E-02 
 2,37087214225233E-02 
 2,28619813717189E-02 
 2,28619813717189E-02 
 2,03217612193057E-02 
 1,52413209144793E-02 
 1,52413209144793E-02 
 0,012701100762066 
 0,012701100762066 
 1,18543607112616E-02 
 1,01608806096528E-02 
 9,31414055884843E-03 
 7,62066045723963E-03 
 7,62066045723963E-03 
 5,08044030482642E-03 
 6,77392040643522E-03 
 6,77392040643522E-03 
 6,77392040643522E-03 
 6,77392040643522E-03 
 6,77392040643522E-03 
 5,92718035563082E-03 
 4,23370025402202E-03 
 4,23370025402202E-03 
 5,92718035563082E-03 
 5,92718035563082E-03 
 5,92718035563082E-03 
 5,08044030482642E-03 
 4,23370025402202E-03 
 2,54022015241321E-03 
 2,54022015241321E-03 
 2,54022015241321E-03 
 2,54022015241321E-03 
 2,54022015241321E-03 
 2,54022015241321E-03 
 1,69348010160881E-03 
 1,69348010160881E-03 
 1,69348010160881E-03 
 1,69348010160881E-03 
 2,54022015241321E-03 
 2,54022015241321E-03 
 2,54022015241321E-03 
 2,54022015241321E-03 
 3,38696020321761E-03 
 2,54022015241321E-03 
 2,54022015241321E-03 
 2,54022015241321E-03 
 1,69348010160881E-03 
 2,54022015241321E-03 
 2,54022015241321E-03 
 2,54022015241321E-03 
 1,69348010160881E-03 
 1,69348010160881E-03 
 1,69348010160881E-03 
 1,69348010160881E-03 
 2,54022015241321E-03 
 2,54022015241321E-03 
 1,69348010160881E-03 
 1,69348010160881E-03 
 1,69348010160881E-03 
 1,69348010160881E-03 
 8,46740050804403E-04 
 1,69348010160881E-03 
 8,46740050804403E-04 
 8,46740050804403E-04 
 8,46740050804403E-04 
 8,46740050804403E-04 
 8,46740050804403E-04 
 8,46740050804403E-04 
 8,46740050804403E-04 
 8,46740050804403E-04 
 8,46740050804403E-04 
 0 
 0 
 0 
 0 
 0 
 0 
 0 
 0 
 0 
 0 
 0 
 0 
 0 
 0 
 0 
 0 
 0 
 0 
 0 
 0 
 0 
 0 
 0 
 0 
 0 
 0 
 0 
 0 
 0 
 0 
 0 
 0 
 0 
 0 
 0 
 0 
 0 
 0 
 0 
 0 
 0 
 0 
 0 
 0 
 0 
 0 
 0 
 0 
 0 
 0 
 0 
 0 
 0 
 0 
 0 
 0 
 0 
 0 
 0 
 0 
 0 
 0 
 0 
 0 
 0 
 0 
 0 
 0 
 0 
 0 
 0 
 0 
 0 
 0 
 0 
 0 
 0 
 0 
 0 
 0 
 0 
 0 
 0 
 0 
 0 
 0 
 0 
 0 
 0 
 0 
 0 
 0 
 0 
 0 
 0 
 0 
 0 
 0 
 0 
 0 
 0 
 0 
 0 
 0 
 0 
 0 
 0 
 0 
 0 
 0 
 0 
 0 
 0 
 0 
 0 
 0 
 0 
 0 
 0 
 0 
 0 
 0 
 0 
 0 
 0 
 0 
 0 
 0 
 0 
 0 
 0 
 0 
 0 
 0 
 0 
 0 
 0 
 0 
 0 
 0 
 0 
 0 
 0 
 0 
 0 
 0 
 0 
 0 
 0 
 0 
 0 
 0 
 0 
 0 
 0 
 0 
 0 
 0 
 0 
 0 
 0 
 0 
 0 
 0 
 0 
 0 
 0 
 0 
 0 
 0 
 0 
 0 
 0 
 0 
 0 
 0 
 0 
 0 
 0 
 0 
 0 
 0 
 0 
 0 
 0 
 0 
 0 
 0 
 0 
 0 
 0 
 0 
 0 
 0 
 0 
 0 
 0 
 0 
 0 
 0 
 0 
 0 
 0 
 0 
 0 
 0 
 0 
 0 
 0 
 0 
 0 
 0 
 0 
 0 
 0 
 0 
 0 
 0 
 0 
 0 
 0 
 0 
 0 
 0 
 0 
 0 
 0 
 0 
 0 
 0 
 0 
 0 
 0 
 0 
 0 
 0 
 0 
 0 
 0 
 0 
 0 
 0 
 0 
 0 
 0 
 0 
 0 
 0 
 0 
 0 
 0 
 0 
 0 
 0 
 0 
 0 
 0 
 0 
 0 
 0 
 0 
 0 
 0 
 0 
 0 
 0 
 0 
 0 
 0 
 0 
 0 
 0 
 0 
 0 
 0 
 0 
 0 
 0 
 0 
 0 
 0 
 0 
 0 
 0 
 0 
 0 
 0 
 0 
 0 
 0 
 0 
 0 
 0 
 0 
 0 
 0 
 0 
 0 
 0 
 0 
 0 
 0 
 0 
 0 
 0 
 0 
 0 
 0 
 0 
 0 
 0 
 0 
 0 
 0 
 0 
 0 
 0 
 0 
