 0 
 0 
 0 
 0 
 0 
 0 
 0 
 0 
 0 
 0 
 0 
 0 
 0 
 0 
 0 
 0 
 0 
 0 
 0 
 0 
 0 
 0 
 0 
 0 
 0 
 0 
 0 
 0 
 0 
 0 
 0 
 0 
 0 
 0 
 0 
 0 
 0 
 0 
 0 
 0 
 0 
 0 
 0 
 0 
 0 
 0 
 0 
 0 
 0 
 0 
 0 
 0 
 0 
 0 
 0 
 0 
 0 
 0 
 0 
 0 
 0 
 0 
 0 
 0 
 0 
 0 
 0 
 0 
 0 
 0 
 0 
 0 
 0 
 0 
 0 
 0 
 0 
 0 
 0 
 0 
 0 
 0 
 0 
 0 
 0 
 0 
 0 
 0 
 0 
 0 
 0 
 0 
 0 
 0 
 0 
 0 
 0 
 0 
 0 
 0 
 0 
 0 
 0 
 0 
 0 
 0 
 0 
 0 
 0 
 0 
 0 
 0 
 0 
 0 
 0 
 0 
 0 
 0 
 0 
 0 
 0 
 0 
 0 
 0 
 0 
 0 
 0 
 0 
 0 
 0 
 0 
 0 
 0 
 0 
 0 
 0 
 0 
 0 
 0 
 0 
 0 
 0 
 0 
 0 
 0 
 0 
 0 
 0 
 0 
 0 
 0 
 0 
 0 
 0 
 0 
 0 
 0 
 0 
 0 
 0 
 0 
 0 
 0 
 0 
 0 
 0 
 0 
 0 
 0 
 0 
 0 
 0 
 0 
 0 
 0 
 0 
 0 
 0 
 0 
 0 
 0 
 0 
 0 
 0 
 0 
 0 
 0 
 0 
 0 
 0 
 0 
 0 
 0 
 0 
 0 
 0 
 0 
 0 
 0 
 0 
 0 
 0 
 0 
 0 
 0 
 0 
 0 
 0 
 0 
 0 
 0 
 0 
 0 
 0 
 0 
 0 
 0 
 0 
 0 
 0 
 0 
 0 
 0 
 0 
 0 
 0 
 0 
 0 
 0 
 0 
 0 
 0 
 0 
 0 
 0 
 0 
 0 
 0 
 0 
 0 
 0 
 0 
 0 
 0 
 0 
 0 
 0 
 0 
 0 
 0 
 0 
 0 
 0 
 0 
 0 
 0 
 0 
 0 
 0 
 0 
 0 
 0 
 0 
 0 
 0 
 0 
 0 
 0 
 0 
 0 
 0 
 0 
 0 
 0 
 0 
 0 
 0 
 0 
 0 
 0 
 0 
 0 
 0 
 0 
 0 
 0 
 0 
 0 
 0 
 0 
 0 
 0 
 0 
 0 
 0 
 0 
 0 
 0 
 0 
 0 
 0 
 0 
 0 
 0 
 0 
 0 
 0 
 0 
 0 
 0 
 0 
 0 
 0 
 0 
 0 
 0 
 0 
 0 
 0 
 0 
 0 
 0 
 0 
 0 
 0 
 0 
 0 
 0 
 0 
 0 
 0 
 0 
 0 
 0 
 0 
 0 
 0 
 0 
 0 
 0 
 0 
 0 
 0 
 0 
 0 
 0 
 0 
 0 
 0 
 0 
 0 
 0 
 0 
 0 
 0 
 0 
 0 
 0 
 0 
 0 
 0 
 0 
 0 
 0 
 0 
 0 
 0 
 0 
 0 
 0 
 0 
 0 
 0 
 0 
 0 
 0 
 0 
 0 
 0 
 0 
 0 
 0 
 0 
 0 
 0 
 0 
 0 
 0 
 0 
 0 
 0 
 0 
 0 
 0 
 0 
 0 
 0 
 0 
 0 
 0 
 0 
 0 
 0 
 0 
 0 
 0 
 0 
 0 
 0 
 0 
 0 
 0 
 0 
 0 
 0 
 0 
 0 
 0 
 0 
 0 
 0 
 0 
 0 
 0 
 0 
 0 
 0 
 0 
 0 
 0 
 0 
 0 
 0 
 0 
 0 
 0 
 0 
 0 
 0 
 8,46740050804403E-04 
 8,46740050804403E-04 
 8,46740050804403E-04 
 8,46740050804403E-04 
 8,46740050804403E-04 
 8,46740050804403E-04 
 8,46740050804403E-04 
 1,69348010160881E-03 
 1,69348010160881E-03 
 1,69348010160881E-03 
 2,54022015241321E-03 
 2,54022015241321E-03 
 2,54022015241321E-03 
 2,54022015241321E-03 
 2,54022015241321E-03 
 2,54022015241321E-03 
 2,54022015241321E-03 
 2,54022015241321E-03 
 4,23370025402202E-03 
 4,23370025402202E-03 
 4,23370025402202E-03 
 4,23370025402202E-03 
 4,23370025402202E-03 
 5,08044030482642E-03 
 5,92718035563082E-03 
 5,08044030482642E-03 
 5,08044030482642E-03 
 5,08044030482642E-03 
 5,92718035563082E-03 
 6,77392040643522E-03 
 6,77392040643522E-03 
 6,77392040643522E-03 
 6,77392040643522E-03 
 6,77392040643522E-03 
 5,92718035563082E-03 
 6,77392040643522E-03 
 5,92718035563082E-03 
 8,46740050804403E-03 
 9,31414055884843E-03 
 8,46740050804403E-03 
 1,10076206604572E-02 
 0,012701100762066 
 1,35478408128704E-02 
 1,35478408128704E-02 
 1,52413209144793E-02 
 1,43945808636749E-02 
 1,43945808636749E-02 
 1,35478408128704E-02 
 1,52413209144793E-02 
 1,60880609652837E-02 
 1,77815410668925E-02 
 1,86282811176969E-02 
 2,03217612193057E-02 
 2,45554614733277E-02 
 2,45554614733277E-02 
 2,87891617273497E-02 
 2,79424216765453E-02 
 3,21761219305673E-02 
 3,64098221845893E-02 
 4,06435224386113E-02 
 3,97967823878069E-02 
 4,06435224386113E-02 
 3,97967823878069E-02 
 3,81033022861981E-02 
 3,72565622353937E-02 
 3,38696020321761E-02 
 3,38696020321761E-02 
 3,72565622353937E-02 
 3,72565622353937E-02 
 4,06435224386113E-02 
 4,14902624894158E-02 
 0,044030482641829 
 4,48772226926334E-02 
 0,048264182895851 
 4,91109229466554E-02 
 0,052497883149873 
 5,58848433530906E-02 
 5,16511430990686E-02 
 0,052497883149873 
 5,08044030482642E-02 
 4,31837425910246E-02 
 4,06435224386113E-02 
 3,89500423370025E-02 
 5,33446232006774E-02 
 5,16511430990686E-02 
 5,50381033022862E-02 
 6,43522438611346E-02 
 6,85859441151566E-02 
 7,28196443691787E-02 
 8,55207451312447E-02 
 8,38272650296359E-02 
 8,12870448772227E-02 
 0,244707874682472 
 0,247248094834886 
 0,247248094834886 
 0,230313293818798 
 0,237087214225233 
 0,249788314987299 
 0,317527519051651 
 0,320914479254869 
 0,320914479254869 
 0,335309060118544 
 0,339542760372566 
 0,342929720575783 
 0,342929720575783 
 0,220999153259949 
 0,220152413209145 
 0,270956816257409 
 0,243861134631668 
 0,249788314987299 
 0,244707874682472 
 0,239627434377646 
 0,221845893310754 
 0,220152413209145 
 0,217612193056732 
 0,211685012701101 
 0,217612193056732 
 0,236240474174428 
 0,251481795088908 
 0,337849280270957 
 0,341236240474174 
 0,279424216765453 
 0,295512277730737 
 0,306519898391194 
 0,313293818797629 
 0,307366638441998 
 0,305673158340389 
 0,262489415749365 
 0,265029635901778 
 0,262489415749365 
 0,375952582557155 
 0,359864521591871 
 0,174428450465707 
 0,180355630821338 
 0,196443691786621 
 0,187976291278577 
 0,18458933107536 
 0,181202370872142 
 0,182049110922947 
 0,188823031329382 
 0,194750211685013 
 0,165961049957663 
 0,172734970364098 
 0,168501270110076 
 0,170194750211685 
 0,207451312447079 
 0,214225232853514 
 0,215071972904318 
 0,221845893310754 
 0,196443691786621 
 0,19813717188823 
 0,188823031329382 
 0,18458933107536 
 0,174428450465707 
 0,176121930567316 
 0,17696867061812 
 0,177815410668925 
 0,173581710414903 
 0,174428450465707 
 0,181202370872142 
 0,216765453005927 
 0,229466553767993 
 0,236240474174428 
 0,243014394580864 
 0,215918712955123 
 0,216765453005927 
 0,436071126164268 
 0,343776460626588 
 0,315834038950042 
 0,317527519051651 
 0,300592718035563 
 0,296359017781541 
 0,407281964436918 
 0,44623200677392 
 0,436071126164268 
 0,451312447078747 
 0,453005927180356 
 0,474174428450466 
 0,476714648602879 
 0,485182049110923 
 0,519051651143099 
 0,502963590177815 
 0,498729889923793 
 0,47502116850127 
 0,36155800169348 
 0,310753598645216 
 0,338696020321761 
 0,34038950042337 
 0,335309060118544 
 0,349703640982218 
 0,31160033869602 
 0,313293818797629 
 0,34801016088061 
 0,524132091447925 
 0,525825571549534 
 0,521591871295512 
 0,325994919559695 
 0,539373412362405 
 0,569009314140559 
 0,454699407281964 
 0,421676545300593 
 0,416596104995766 
 0,42506350550381 
 0,293818797629128 
 0,287891617273497 
 0,281964436917866 
 0,544453852667231 
 0,468247248094835 
 0,491955969517358 
 0,521591871295512 
 0,574089754445385 
 0,338696020321761 
 0,35393734123624 
 0,355630821337849 
 0,364098221845893 
 0,364944961896698 
 0,329381879762913 
 0,381879762912786 
 0,294665537679932 
 0,288738357324301 
 0,297205757832345 
 0,275190516511431 
 0,2692633361558 
 0,262489415749365 
 0,25571549534293 
 0,271803556308213 
 0,280270956816257 
 0,273497036409822 
 0,274343776460627 
 0,266723116003387 
 0,259949195596952 
 0,268416596104996 
 0,2692633361558 
 0,254868755292125 
 0,58086367485182 
 0,683319220999153 
 0,677392040643522 
 0,718035563082134 
 0,719729043183743 
 0,706181202370872 
 0,755292125317528 
 0,77307366638442 
 0,743437764606266 
 0,752751905165114 
 0,770533446232007 
 0,764606265876376 
 0,751058425063506 
 0,776460626587638 
 0,762066045723963 
 0,747671464860288 
 0,749364944961897 
 0,75952582557155 
 0,785774767146486 
 0,803556308213379 
 0,805249788314987 
 0,806943268416596 
 0,792548687552921 
 0,712108382726503 
 0,705334462320068 
 0,707027942421677 
 0,724809483488569 
 0,75952582557155 
 0,54614733276884 
 0,563082133784928 
 0,689246401354784 
 0,690093141405589 
 0,700254022015241 
 0,65961049957663 
 0,668924640135478 
 0,611346316680779 
 0,629127857747671 
 0,672311600338696 
 0,665537679932261 
 0,776460626587638 
 0,802709568162574 
 0,846740050804403 
 0,847586790855207 
 0,849280270956816 
 0,850127011007621 
 0,851820491109229 
 0,852667231160034 
 0,854360711261643 
 0,855207451312447 
 0,856900931414056 
 0,85774767146486 
 0,859441151566469 
 0,860287891617273 
 0,809483488569009 
 0,83657917019475 
 0,863674851820491 
 0,864521591871296 
 0,8653683319221 
 0,867061812023709 
 0,867908552074513 
 0,868755292125318 
 0,869602032176122 
 0,870448772226926 
 0,871295512277731 
 0,872142252328535 
 0,87298899237934 
 0,874682472480948 
 0,875529212531753 
 0,876375952582557 
 0,876375952582557 
 0,877222692633362 
 0,878069432684166 
 0,782387806943268 
 0,809483488569009 
 0,818797629127858 
 0,819644369178662 
 0,749364944961897 
 0,741744284504657 
 0,741744284504657 
 0,804403048264183 
 0,831498729889924 
 0,840812870448772 
 0,832345469940728 
 0,877222692633362 
 0,81541066892464 
 0,816257408975445 
 0,736663844199831 
 0,701100762066046 
 0,710414902624894 
 0,675698560541914 
 0,685012701100762 
 0,693480101608806 
 0,69432684165961 
 0,69432684165961 
 0,69432684165961 
 0,766299745977985 
 0,721422523285351 
 0,704487722269263 
 0,668924640135478 
 0,686706181202371 
 0,784928027095682 
 0,79424216765453 
 0,758679085520745 
 0,767146486028789 
 0,454699407281964 
 0,464013547840813 
 0,473327688399661 
 0,55376799322608 
 0,607112616426757 
 0,624894157493649 
 0,607112616426757 
 0,758679085520745 
 0,758679085520745 
 0,758679085520745 
 0,767146486028789 
 0,678238780694327 
 0,749364944961897 
 0,740050804403048 
 0,499576629974598 
 0,508044030482642 
 0,232006773920406 
 0,24047417442845 
 0,231160033869602 
 0,24047417442845 
 0,258255715495343 
 0,258255715495343 
 0,266723116003387 
 0,275190516511431 
 0,275190516511431 
 0,275190516511431 
 0,275190516511431 
 0,337002540220152 
 0,345469940728196 
 0,345469940728196 
 0,478408128704488 
 0,469093988145639 
 0,406435224386113 
 0,388653683319221 
 0,494496189669771 
 0,476714648602879 
 0,776460626587638 
 0,784081287044877 
 0,784081287044877 
 0,756985605419136 
 0,747671464860288 
 0,746824724809483 
 0,728196443691787 
 0,718882303132938 
 0,876375952582557 
 0,875529212531753 
 0,874682472480948 
 0,873835732430144 
 0,87298899237934 
 0,871295512277731 
 0,870448772226926 
 0,869602032176122 
 0,868755292125318 
 0,867908552074513 
 0,867061812023709 
 0,866215071972904 
 0,864521591871296 
 0,863674851820491 
 0,862828111769687 
 0,861134631668078 
 0,834885690093141 
 0,679085520745131 
 0,720575783234547 
 0,719729043183743 
 0,718882303132938 
 0,5385266723116 
 0,341236240474174 
 0,331922099915326 
 0,331922099915326 
 0,263336155800169 
 0,254022015241321 
 0,262489415749365 
 0,270110076206605 
 0,261642675698561 
 0,252328535139712 
 0,260795935647756 
 0,251481795088908 
 0,251481795088908 
 0,292972057578323 
 0,325994919559695 
 0,558848433530906 
 0,424216765453006 
 0,331922099915326 
 0,754445385266723 
 0,752751905165114 
 0,792548687552921 
 0,733276883996613 
 0,822184589331075 
 0,820491109229467 
 0,818797629127858 
 0,817104149026249 
 0,81541066892464 
 0,707874682472481 
 0,706181202370872 
 0,599491955969517 
 0,549534292972058 
 0,564775613886537 
 0,47502116850127 
 0,473327688399661 
 0,472480948348857 
 0,367485182049111 
 0,359017781541067 
 0,342082980524979 
 0,341236240474174 
 0,245554614733277 
 0,252328535139712 
 0,251481795088908 
 0,227773073666384 
 0,22692633361558 
 0,242167654530059 
 0,187129551227773 
 0,186282811176969 
 0,177815410668925 
 0,170194750211685 
 0,169348010160881 
 0,145639288738357 
 0,145639288738357 
 0,152413209144793 
 0,152413209144793 
 0,143945808636749 
 0,128704487722269 
 0,127857747671465 
 0,120237087214225 
 0,120237087214225 
 0,119390347163421 
 0,111769686706181 
 0,111769686706181 
 0,110922946655377 
 0,117696867061812 
 0,117696867061812 
 0,154106689246401 
 0,138865368331922 
 0,138018628281118 
 0,130397967823878 
 0,130397967823878 
 0,115156646909399 
 0,115156646909399 
 0,128704487722269 
 0,128704487722269 
 0,127857747671465 
 0,120237087214225 
 0,120237087214225 
 0,133784928027096 
 0,126164267569856 
 0,118543607112616 
 0,132091447925487 
 0,131244707874682 
 0,123624047417443 
 0,116850127011008 
 0,116003386960203 
 0,109229466553768 
 0,108382726502964 
 0,114309906858594 
 0,107535986452159 
 0,100762066045724 
 9,99153259949196E-02 
 9,99153259949196E-02 
 0,10584250635055 
 0,104995766299746 
 0,110922946655377 
 0,130397967823878 
 0,136325148179509 
 0,148179508890771 
 0,148179508890771 
 0,153259949195597 
 0,152413209144793 
 0,152413209144793 
 0,157493649449619 
 0,150719729043184 
 0,143945808636749 
 0,143099068585944 
 0,14225232853514 
 0,141405588484335 
 0,146486028789162 
 0,146486028789162 
 0,145639288738357 
 0,156646909398815 
 0,149872988992379 
 0,166807790008467 
 0,148179508890771 
 0,147332768839966 
 0,128704487722269 
 0,127857747671465 
 0,132938187976291 
 0,12108382726503 
 0,126164267569856 
 0,125317527519052 
 0,130397967823878 
 0,146486028789162 
 0,1346316680779 
 0,133784928027096 
 0,132938187976291 
 0,137171888230313 
 0,14225232853514 
 0,146486028789162 
 0,140558848433531 
 0,133784928027096 
 0,132938187976291 
 0,137171888230313 
 0,131244707874682 
 0,135478408128704 
 0,1346316680779 
 0,133784928027096 
 0,138018628281118 
 0,12701100762066 
 0,131244707874682 
 0,120237087214225 
 0,119390347163421 
 0,123624047417443 
 0,122777307366638 
 0,102455546147333 
 0,10584250635055 
 9,14479254868755E-02 
 9,48348856900931E-02 
 8,04403048264183E-02 
 8,46740050804403E-02 
 7,87468247248095E-02 
 7,36663844199831E-02 
 7,79000846740051E-02 
 7,28196443691787E-02 
 7,62066045723963E-02 
 8,04403048264183E-02 
 8,80609652836579E-02 
 8,80609652836579E-02 
 8,29805249788315E-02 
 8,21337849280271E-02 
 7,70533446232007E-02 
 7,62066045723963E-02 
 6,68924640135478E-02 
 6,26587637595258E-02 
 6,18120237087214E-02 
 0,060965283657917 
 0,056731583403895 
 5,58848433530906E-02 
 5,58848433530906E-02 
 5,08044030482642E-02 
 5,41913632514818E-02 
 5,41913632514818E-02 
 5,33446232006774E-02 
 4,91109229466554E-02 
 4,06435224386113E-02 
 4,06435224386113E-02 
 3,97967823878069E-02 
 4,74174428450466E-02 
 4,99576629974598E-02 
 4,91109229466554E-02 
 4,57239627434378E-02 
 4,48772226926334E-02 
 0,044030482641829 
 0,044030482641829 
 4,31837425910246E-02 
 3,97967823878069E-02 
 3,55630821337849E-02 
 3,21761219305673E-02 
 3,47163420829805E-02 
 3,47163420829805E-02 
 3,72565622353937E-02 
 3,64098221845893E-02 
 3,89500423370025E-02 
 3,55630821337849E-02 
 3,81033022861981E-02 
 3,21761219305673E-02 
 3,47163420829805E-02 
 3,38696020321761E-02 
 2,79424216765453E-02 
 2,70956816257409E-02 
 2,70956816257409E-02 
 2,62489415749365E-02 
 2,37087214225233E-02 
 2,28619813717189E-02 
 2,54022015241321E-02 
 2,54022015241321E-02 
 1,69348010160881E-02 
 2,20152413209145E-02 
 2,11685012701101E-02 
 2,37087214225233E-02 
 2,28619813717189E-02 
 2,28619813717189E-02 
 2,45554614733277E-02 
 2,62489415749365E-02 
 1,94750211685013E-02 
 1,86282811176969E-02 
 1,86282811176969E-02 
 1,60880609652837E-02 
 1,60880609652837E-02 
 1,52413209144793E-02 
 1,10076206604572E-02 
 1,10076206604572E-02 
 0,012701100762066 
 0,012701100762066 
 1,35478408128704E-02 
 1,18543607112616E-02 
 1,18543607112616E-02 
 0,012701100762066 
 0,012701100762066 
 1,35478408128704E-02 
 1,35478408128704E-02 
 1,35478408128704E-02 
 1,60880609652837E-02 
 1,77815410668925E-02 
 1,77815410668925E-02 
 1,69348010160881E-02 
 1,43945808636749E-02 
 1,10076206604572E-02 
 1,35478408128704E-02 
 0,012701100762066 
 1,10076206604572E-02 
 0,012701100762066 
 0,012701100762066 
 1,35478408128704E-02 
 1,18543607112616E-02 
 1,18543607112616E-02 
 1,18543607112616E-02 
 1,43945808636749E-02 
 1,35478408128704E-02 
 0,012701100762066 
 1,18543607112616E-02 
 1,18543607112616E-02 
 1,18543607112616E-02 
 1,01608806096528E-02 
 9,31414055884843E-03 
 9,31414055884843E-03 
 1,10076206604572E-02 
 1,18543607112616E-02 
 1,10076206604572E-02 
 1,01608806096528E-02 
 8,46740050804403E-03 
 8,46740050804403E-03 
 8,46740050804403E-03 
 8,46740050804403E-03 
 7,62066045723963E-03 
 5,92718035563082E-03 
 5,92718035563082E-03 
 5,92718035563082E-03 
 5,08044030482642E-03 
 1,18543607112616E-02 
 1,01608806096528E-02 
 9,31414055884843E-03 
 8,46740050804403E-03 
 7,62066045723963E-03 
 5,92718035563082E-03 
 4,23370025402202E-03 
 3,38696020321761E-03 
 2,54022015241321E-03 
 1,69348010160881E-03 
 1,69348010160881E-03 
 1,69348010160881E-03 
 8,46740050804403E-04 
 8,46740050804403E-04 
 8,46740050804403E-04 
 8,46740050804403E-04 
 8,46740050804403E-04 
 0 
 0 
 0 
 0 
 0 
 0 
 0 
 0 
 0 
 0 
 0 
 0 
 0 
 0 
 0 
 0 
 0 
 0 
 0 
 0 
 0 
 0 
 0 
 0 
 0 
 0 
 0 
 0 
 0 
 0 
 0 
 0 
 0 
 0 
 0 
 0 
 0 
 0 
 0 
 0 
 0 
 0 
 0 
 0 
 0 
 0 
 0 
 0 
 0 
 0 
 0 
 0 
 0 
 0 
 0 
 0 
 0 
 0 
 0 
 0 
 0 
 0 
 0 
 0 
 0 
 0 
 0 
 0 
 0 
 0 
 0 
 0 
 0 
 0 
 0 
 0 
 0 
 0 
 0 
 0 
 0 
 0 
 0 
 0 
 0 
 0 
 0 
 0 
 0 
 0 
 0 
 0 
 0 
 0 
 0 
 0 
 0 
 0 
 0 
 0 
 0 
 0 
 0 
 0 
 0 
 0 
 0 
 0 
 0 
 0 
 0 
 0 
 0 
 0 
 0 
 0 
 0 
 0 
 0 
 0 
 0 
 0 
 0 
 0 
 0 
 0 
 0 
 0 
 0 
 0 
 0 
 0 
 0 
 0 
 0 
 0 
 0 
 0 
 0 
 0 
 0 
 0 
 0 
 0 
 0 
 0 
 0 
 0 
 0 
 0 
 0 
 0 
 0 
 0 
 0 
 0 
 0 
 0 
 0 
 0 
 0 
 0 
 0 
 0 
 0 
 0 
 0 
 0 
 0 
 0 
 0 
 0 
 0 
 0 
 0 
 0 
 0 
 0 
 0 
 0 
 0 
 0 
 0 
 0 
 0 
 0 
 0 
 0 
 0 
 0 
 0 
 0 
 0 
 0 
 0 
 0 
 0 
 0 
 0 
 0 
 0 
 0 
 0 
 0 
 0 
 0 
 0 
 0 
 0 
 0 
 0 
 0 
 0 
 0 
 0 
 0 
 0 
 0 
 0 
 0 
 0 
 0 
 0 
 0 
 0 
 0 
 0 
 0 
 0 
 0 
 0 
 0 
 0 
 0 
 0 
 0 
 0 
 0 
 0 
 0 
 0 
 0 
 0 
 0 
 0 
 0 
 0 
 0 
 0 
 0 
 0 
 0 
 0 
 0 
 0 
 0 
 0 
 0 
 0 
 0 
 0 
 0 
 0 
 0 
 0 
 0 
 0 
 0 
 0 
 0 
 0 
 0 
 0 
 0 
 0 
 0 
 0 
 0 
 0 
 0 
 0 
 0 
 0 
 0 
 0 
 0 
 0 
 0 
 0 
 0 
 0 
 0 
 0 
 0 
 0 
 0 
 0 
 0 
 0 
 0 
 0 
 0 
 0 
 0 
 0 
 0 
 0 
 0 
 0 
 0 
 0 
