 0 
 0 
 0 
 0 
 0 
 0 
 0 
 0 
 0 
 0 
 0 
 0 
 0 
 0 
 0 
 0 
 0 
 0 
 0 
 0 
 0 
 0 
 0 
 0 
 0 
 0 
 0 
 0 
 0 
 0 
 0 
 0 
 0 
 0 
 0 
 0 
 0 
 0 
 0 
 0 
 0 
 0 
 0 
 0 
 0 
 0 
 0 
 0 
 0 
 0 
 0 
 0 
 0 
 0 
 0 
 0 
 0 
 0 
 0 
 0 
 0 
 0 
 0 
 0 
 0 
 0 
 0 
 0 
 0 
 0 
 0 
 0 
 0 
 0 
 0 
 0 
 0 
 0 
 0 
 0 
 0 
 0 
 0 
 0 
 0 
 0 
 0 
 0 
 0 
 0 
 0 
 0 
 0 
 0 
 0 
 0 
 0 
 0 
 0 
 0 
 0 
 0 
 0 
 0 
 0 
 0 
 0 
 0 
 0 
 0 
 0 
 0 
 0 
 0 
 0 
 0 
 0 
 0 
 0 
 0 
 0 
 0 
 0 
 0 
 0 
 0 
 0 
 0 
 0 
 0 
 0 
 0 
 0 
 0 
 0 
 0 
 0 
 0 
 0 
 0 
 0 
 0 
 0 
 0 
 0 
 0 
 0 
 0 
 0 
 0 
 0 
 0 
 0 
 0 
 0 
 0 
 0 
 0 
 0 
 0 
 0 
 0 
 0 
 0 
 0 
 0 
 0 
 0 
 0 
 0 
 0 
 0 
 0 
 0 
 0 
 0 
 0 
 0 
 0 
 0 
 0 
 0 
 0 
 0 
 0 
 0 
 0 
 0 
 0 
 0 
 0 
 0 
 0 
 0 
 0 
 0 
 0 
 0 
 0 
 0 
 0 
 0 
 0 
 0 
 0 
 0 
 0 
 0 
 0 
 0 
 0 
 0 
 0 
 0 
 0 
 0 
 0 
 0 
 0 
 0 
 0 
 0 
 0 
 0 
 0 
 0 
 0 
 0 
 0 
 0 
 0 
 0 
 0 
 0 
 0 
 0 
 0 
 0 
 0 
 0 
 0 
 0 
 0 
 0 
 0 
 0 
 0 
 0 
 0 
 0 
 0 
 0 
 0 
 0 
 0 
 0 
 0 
 0 
 0 
 0 
 0 
 0 
 0 
 0 
 0 
 0 
 0 
 0 
 0 
 0 
 0 
 0 
 0 
 0 
 0 
 0 
 0 
 0 
 0 
 0 
 0 
 0 
 0 
 0 
 0 
 0 
 0 
 0 
 0 
 0 
 0 
 0 
 0 
 0 
 0 
 0 
 0 
 0 
 0 
 0 
 0 
 0 
 0 
 0 
 0 
 0 
 0 
 0 
 0 
 0 
 0 
 0 
 0 
 0 
 0 
 0 
 0 
 0 
 0 
 0 
 0 
 0 
 0 
 0 
 0 
 0 
 0 
 0 
 0 
 0 
 0 
 0 
 0 
 0 
 0 
 0 
 0 
 0 
 0 
 0 
 0 
 0 
 0 
 0 
 0 
 0 
 0 
 0 
 0 
 0 
 0 
 0 
 0 
 0 
 0 
 0 
 0 
 0 
 0 
 0 
 0 
 0 
 0 
 0 
 0 
 0 
 0 
 0 
 0 
 0 
 0 
 0 
 0 
 0 
 0 
 0 
 0 
 0 
 0 
 0 
 0 
 0 
 0 
 0 
 0 
 0 
 0 
 0 
 0 
 0 
 0 
 0 
 0 
 0 
 0 
 0 
 0 
 0 
 0 
 0 
 0 
 0 
 0 
 0 
 0 
 0 
 0 
 0 
 0 
 0 
 0 
 0 
 0 
 0 
 0 
 0 
 0 
 0 
 0 
 0 
 0 
 0 
 0 
 0 
 0 
 0 
 0 
 0 
 0 
 0 
 0 
 0 
 0 
 0 
 8,46740050804403E-04 
 8,46740050804403E-04 
 1,69348010160881E-03 
 1,69348010160881E-03 
 2,54022015241321E-03 
 3,38696020321761E-03 
 4,23370025402202E-03 
 5,92718035563082E-03 
 6,77392040643522E-03 
 8,46740050804403E-03 
 9,31414055884843E-03 
 1,10076206604572E-02 
 0,012701100762066 
 1,43945808636749E-02 
 1,69348010160881E-02 
 1,86282811176969E-02 
 2,11685012701101E-02 
 2,28619813717189E-02 
 2,54022015241321E-02 
 2,79424216765453E-02 
 2,62489415749365E-02 
 2,87891617273497E-02 
 3,30228619813717E-02 
 3,55630821337849E-02 
 3,89500423370025E-02 
 4,23370025402202E-02 
 0,044030482641829 
 4,65707027942422E-02 
 5,08044030482642E-02 
 5,33446232006774E-02 
 5,16511430990686E-02 
 5,50381033022862E-02 
 5,84250635055038E-02 
 6,18120237087214E-02 
 0,065198983911939 
 0,069432684165961 
 7,36663844199831E-02 
 8,29805249788315E-02 
 8,63674851820491E-02 
 8,80609652836579E-02 
 9,22946655376799E-02 
 9,56816257408975E-02 
 9,99153259949196E-02 
 9,73751058425063E-02 
 0,100762066045724 
 0,107535986452159 
 8,89077053344623E-02 
 9,48348856900931E-02 
 9,73751058425063E-02 
 0,100762066045724 
 0,104995766299746 
 0,102455546147333 
 0,106689246401355 
 0,110922946655377 
 0,118543607112616 
 0,122777307366638 
 0,127857747671465 
 0,132938187976291 
 0,149026248941575 
 0,150719729043184 
 0,138865368331922 
 0,14225232853514 
 0,145639288738357 
 0,144792548687553 
 0,149872988992379 
 0,151566469093988 
 8,12870448772227E-02 
 8,29805249788315E-02 
 8,46740050804403E-02 
 9,65283657917019E-02 
 0,102455546147333 
 0,17696867061812 
 0,178662150719729 
 0,179508890770533 
 0,182895850973751 
 0,185436071126164 
 0,188823031329382 
 0,192209991532599 
 0,19813717188823 
 0,191363251481795 
 0,189669771380186 
 0,172734970364098 
 0,182895850973751 
 0,177815410668925 
 0,167654530059272 
 0,245554614733277 
 0,259949195596952 
 0,266723116003387 
 0,267569856054191 
 0,270956816257409 
 0,275190516511431 
 0,167654530059272 
 0,172734970364098 
 0,181202370872142 
 0,174428450465707 
 0,272650296359018 
 0,276037256562235 
 0,282811176968671 
 0,250635055038103 
 0,257408975444539 
 0,266723116003387 
 0,270110076206605 
 0,273497036409822 
 0,280270956816257 
 0,282811176968671 
 0,230313293818798 
 0,268416596104996 
 0,271803556308213 
 0,281964436917866 
 0,281117696867062 
 0,306519898391194 
 0,309060118543607 
 0,316680779000847 
 0,209144792548688 
 0,288738357324301 
 0,310753598645216 
 0,317527519051651 
 0,320914479254869 
 0,324301439458086 
 0,331075359864522 
 0,317527519051651 
 0,362404741744284 
 0,348856900931414 
 0,352243861134632 
 0,316680779000847 
 0,324301439458086 
 0,331075359864522 
 0,320914479254869 
 0,276037256562235 
 0,34038950042337 
 0,378492802709568 
 0,372565622353937 
 0,375952582557155 
 0,456392887383573 
 0,460626587637595 
 0,464013547840813 
 0,46740050804403 
 0,471634208298052 
 0,47502116850127 
 0,478408128704488 
 0,48264182895851 
 0,486028789161727 
 0,489415749364945 
 0,492802709568163 
 0,497036409822185 
 0,500423370025402 
 0,50381033022862 
 0,507197290431837 
 0,510584250635055 
 0,514817950889077 
 0,518204911092295 
 0,401354784081287 
 0,4038950042337 
 0,407281964436918 
 0,409822184589331 
 0,401354784081287 
 0,419983065198984 
 0,423370025402202 
 0,436917866215072 
 0,335309060118544 
 0,309060118543607 
 0,394580863674852 
 0,341236240474174 
 0,348856900931414 
 0,209144792548688 
 0,187976291278577 
 0,160033869602032 
 0,138018628281118 
 0,150719729043184 
 0,151566469093988 
 0,170194750211685 
 0,129551227773074 
 0,130397967823878 
 0,119390347163421 
 0,119390347163421 
 0,108382726502964 
 0,115156646909399 
 0,116003386960203 
 0,116003386960203 
 0,122777307366638 
 9,90685859441152E-02 
 9,31414055884843E-02 
 9,39881456392887E-02 
 9,39881456392887E-02 
 8,80609652836579E-02 
 0,101608806096528 
 0,12108382726503 
 0,108382726502964 
 0,109229466553768 
 0,116003386960203 
 0,110076206604572 
 0,110922946655377 
 0,104995766299746 
 9,82218458933107E-02 
 9,90685859441152E-02 
 9,90685859441152E-02 
 0,11346316680779 
 0,120237087214225 
 0,174428450465707 
 0,182049110922947 
 0,176121930567316 
 0,149872988992379 
 0,265876375952583 
 0,363251481795089 
 0,571549534292972 
 0,649449618966977 
 0,658763759525826 
 0,682472480948349 
 0,678238780694327 
 0,687552921253175 
 0,556308213378493 
 0,558848433530906 
 0,568162574089754 
 0,377646062658764 
 0,193056731583404 
 0,193903471634208 
 0,194750211685013 
 0,187976291278577 
 0,195596951735817 
 0,196443691786621 
 0,204064352243861 
 0,22692633361558 
 0,183742591024555 
 0,17696867061812 
 0,18458933107536 
 0,185436071126164 
 0,171041490262489 
 0,179508890770533 
 0,179508890770533 
 0,187976291278577 
 0,203217612193057 
 0,22692633361558 
 0,220152413209145 
 0,21337849280271 
 0,19813717188823 
 0,221845893310754 
 0,237933954276037 
 0,238780694326842 
 0,239627434377646 
 0,224386113463167 
 0,232853513971211 
 0,419983065198984 
 0,397967823878069 
 0,398814563928874 
 0,408128704487722 
 0,44030482641829 
 0,568162574089754 
 0,55376799322608 
 0,491109229466554 
 0,795088907705334 
 0,796782387806943 
 0,798475867908552 
 0,792548687552921 
 0,79424216765453 
 0,795935647756139 
 0,806096528365792 
 0,8077900084674 
 0,809483488569009 
 0,811176968670618 
 0,813717188823031 
 0,81541066892464 
 0,817104149026249 
 0,818797629127858 
 0,820491109229467 
 0,822184589331075 
 0,823878069432684 
 0,825571549534293 
 0,827265029635902 
 0,828958509737511 
 0,829805249788315 
 0,831498729889924 
 0,816257408975445 
 0,809483488569009 
 0,811176968670618 
 0,812870448772227 
 0,839119390347163 
 0,840812870448772 
 0,842506350550381 
 0,843353090601185 
 0,845046570702794 
 0,846740050804403 
 0,847586790855207 
 0,849280270956816 
 0,850127011007621 
 0,851820491109229 
 0,852667231160034 
 0,854360711261643 
 0,855207451312447 
 0,856900931414056 
 0,85774767146486 
 0,859441151566469 
 0,860287891617273 
 0,861134631668078 
 0,862828111769687 
 0,863674851820491 
 0,864521591871296 
 0,8653683319221 
 0,867061812023709 
 0,867908552074513 
 0,868755292125318 
 0,869602032176122 
 0,870448772226926 
 0,523285351397121 
 0,575783234546994 
 0,663844199830652 
 0,822184589331075 
 0,839966130397968 
 0,849280270956816 
 0,859441151566469 
 0,860287891617273 
 0,851820491109229 
 0,84419983065199 
 0,835732430143946 
 0,828111769686706 
 0,431837425910246 
 0,441151566469094 
 0,450465707027942 
 0,476714648602879 
 0,698560541913632 
 0,707874682472481 
 0,717188823031329 
 0,708721422523285 
 0,708721422523285 
 0,700254022015241 
 0,78069432684166 
 0,790008467400508 
 0,790008467400508 
 0,790855207451312 
 0,790855207451312 
 0,782387806943268 
 0,854360711261643 
 0,83657917019475 
 0,889923793395428 
 0,890770533446232 
 0,890770533446232 
 0,890770533446232 
 0,891617273497036 
 0,891617273497036 
 0,891617273497036 
 0,891617273497036 
 0,856054191363251 
 0,856054191363251 
 0,856900931414056 
 0,892464013547841 
 0,856900931414056 
 0,874682472480948 
 0,8653683319221 
 0,856900931414056 
 0,883996613039797 
 0,874682472480948 
 0,8653683319221 
 0,8653683319221 
 0,8653683319221 
 0,856900931414056 
 0,8653683319221 
 0,891617273497036 
 0,891617273497036 
 0,891617273497036 
 0,891617273497036 
 0,890770533446232 
 0,890770533446232 
 0,890770533446232 
 0,889923793395428 
 0,889923793395428 
 0,862828111769687 
 0,889077053344623 
 0,889077053344623 
 0,888230313293819 
 0,888230313293819 
 0,887383573243014 
 0,887383573243014 
 0,88653683319221 
 0,885690093141406 
 0,806096528365792 
 0,796782387806943 
 0,831498729889924 
 0,742591024555461 
 0,733276883996613 
 0,741744284504657 
 0,687552921253175 
 0,687552921253175 
 0,828111769686706 
 0,827265029635902 
 0,87891617273497 
 0,878069432684166 
 0,878069432684166 
 0,877222692633362 
 0,622353937341236 
 0,542760372565622 
 0,55969517358171 
 0,53259949195597 
 0,506350550381033 
 0,470787468247248 
 0,469940728196444 
 0,469940728196444 
 0,486875529212532 
 0,486028789161727 
 0,511430990685859 
 0,389500423370025 
 0,389500423370025 
 0,397121083827265 
 0,414055884843353 
 0,404741744284505 
 0,335309060118544 
 0,335309060118544 
 0,429297205757832 
 0,403048264182896 
 0,385266723116003 
 0,350550381033023 
 0,341236240474174 
 0,314987298899238 
 0,314987298899238 
 0,314140558848434 
 0,322607959356478 
 0,254022015241321 
 0,244707874682472 
 0,244707874682472 
 0,244707874682472 
 0,286198137171888 
 0,27688399661304 
 0,3268416596105 
 0,325994919559695 
 0,317527519051651 
 0,308213378492803 
 0,299745977984759 
 0,298899237933954 
 0,306519898391194 
 0,305673158340389 
 0,305673158340389 
 0,304826418289585 
 0,296359017781541 
 0,442845046570703 
 0,47502116850127 
 0,441151566469094 
 0,424216765453006 
 0,536833192209991 
 0,560541913632515 
 0,494496189669771 
 0,453005927180356 
 0,41151566469094 
 0,410668924640135 
 0,377646062658764 
 0,344623200677392 
 0,303979678238781 
 0,263336155800169 
 0,254022015241321 
 0,2692633361558 
 0,2692633361558 
 0,259949195596952 
 0,243861134631668 
 0,243014394580864 
 0,243014394580864 
 0,242167654530059 
 0,226079593564776 
 0,225232853513971 
 0,278577476714649 
 0,285351397121084 
 0,27688399661304 
 0,268416596104996 
 0,291278577476715 
 0,305673158340389 
 0,297205757832345 
 0,645215918712955 
 0,552074513124471 
 0,543607112616427 
 0,541913632514818 
 0,472480948348857 
 0,463166807790008 
 0,439458086367485 
 0,453005927180356 
 0,466553767993226 
 0,55376799322608 
 0,735817104149026 
 0,733276883996613 
 0,7307366638442 
 0,728196443691787 
 0,725656223539373 
 0,72311600338696 
 0,720575783234547 
 0,408975444538527 
 0,579170194750212 
 0,584250635055038 
 0,4614733276884 
 0,629974597798476 
 0,697713801862828 
 0,695173581710415 
 0,685859441151566 
 0,683319220999153 
 0,69432684165961 
 0,691786621507197 
 0,68839966130398 
 0,685859441151566 
 0,683319220999153 
 0,68077900084674 
 0,677392040643522 
 0,674851820491109 
 0,423370025402202 
 0,602032176121931 
 0,599491955969517 
 0,570702794242168 
 0,502116850127011 
 0,492802709568163 
 0,595258255715495 
 0,592718035563082 
 0,648602878916173 
 0,529212531752752 
 0,520745131244708 
 0,524132091447925 
 0,522438611346317 
 0,47502116850127 
 0,491955969517358 
 0,502116850127011 
 0,524132091447925 
 0,552921253175275 
 0,556308213378493 
 0,55376799322608 
 0,5385266723116 
 0,530059271803556 
 0,563082133784928 
 0,602032176121931 
 0,599491955969517 
 0,5961049957663 
 0,592718035563082 
 0,589331075359865 
 0,585944115156647 
 0,373412362404742 
 0,34801016088061 
 0,363251481795089 
 0,3268416596105 
 0,233700254022015 
 0,232006773920406 
 0,320914479254869 
 0,313293818797629 
 0,15580016934801 
 0,149026248941575 
 0,137171888230313 
 0,207451312447079 
 0,233700254022015 
 0,259102455546147 
 0,230313293818798 
 0,228619813717189 
 0,169348010160881 
 0,168501270110076 
 0,151566469093988 
 0,15580016934801 
 0,165114309906859 
 0,158340389500423 
 0,147332768839966 
 0,146486028789162 
 0,154953429297206 
 0,143945808636749 
 0,143099068585944 
 0,14225232853514 
 0,145639288738357 
 0,135478408128704 
 0,124470787468247 
 0,128704487722269 
 0,137171888230313 
 0,135478408128704 
 0,1346316680779 
 0,133784928027096 
 0,123624047417443 
 0,12701100762066 
 0,12108382726503 
 0,106689246401355 
 0,110922946655377 
 0,131244707874682 
 0,112616426756986 
 0,111769686706181 
 0,106689246401355 
 0,101608806096528 
 0,100762066045724 
 0,112616426756986 
 0,110922946655377 
 0,114309906858594 
 0,169348010160881 
 0,180355630821338 
 0,281117696867062 
 0,278577476714649 
 0,388653683319221 
 0,385266723116003 
 0,381033022861981 
 0,376799322607959 
 0,373412362404742 
 0,36917866215072 
 0,365791701947502 
 0,36155800169348 
 0,357324301439458 
 0,35393734123624 
 0,349703640982218 
 0,345469940728196 
 0,342082980524979 
 0,337849280270957 
 0,333615580016935 
 0,330228619813717 
 0,325994919559695 
 0,321761219305673 
 0,318374259102456 
 0,314140558848434 
 0,309906858594412 
 0,306519898391194 
 0,302286198137172 
 0,29805249788315 
 0,293818797629128 
 0,260795935647756 
 0,257408975444539 
 0,265029635901778 
 0,261642675698561 
 0,260795935647756 
 0,259102455546147 
 0,156646909398815 
 0,262489415749365 
 0,258255715495343 
 0,254022015241321 
 0,249788314987299 
 0,246401354784081 
 0,242167654530059 
 0,237933954276037 
 0,233700254022015 
 0,230313293818798 
 0,226079593564776 
 0,18458933107536 
 0,185436071126164 
 0,203217612193057 
 0,195596951735817 
 0,20575783234547 
 0,201524132091448 
 0,19813717188823 
 0,193903471634208 
 0,189669771380186 
 0,186282811176969 
 0,182049110922947 
 0,177815410668925 
 0,133784928027096 
 0,131244707874682 
 0,122777307366638 
 0,125317527519052 
 0,128704487722269 
 0,108382726502964 
 0,102455546147333 
 8,97544453852667E-02 
 8,72142252328535E-02 
 9,06011854360711E-02 
 9,22946655376799E-02 
 0,130397967823878 
 0,125317527519052 
 0,122777307366638 
 0,120237087214225 
 0,116003386960203 
 0,112616426756986 
 0,109229466553768 
 0,104995766299746 
 0,101608806096528 
 9,82218458933107E-02 
 9,39881456392887E-02 
 9,06011854360711E-02 
 8,72142252328535E-02 
 8,38272650296359E-02 
 8,04403048264183E-02 
 7,70533446232007E-02 
 0,065198983911939 
 6,26587637595258E-02 
 0,060965283657917 
 5,75783234546994E-02 
 0,052497883149873 
 4,91109229466554E-02 
 4,06435224386113E-02 
 3,21761219305673E-02 
 2,70956816257409E-02 
 2,54022015241321E-02 
 2,45554614733277E-02 
 1,77815410668925E-02 
 1,69348010160881E-02 
 1,60880609652837E-02 
 1,52413209144793E-02 
 1,52413209144793E-02 
 0,012701100762066 
 1,52413209144793E-02 
 1,43945808636749E-02 
 1,35478408128704E-02 
 1,18543607112616E-02 
 1,18543607112616E-02 
 1,10076206604572E-02 
 9,31414055884843E-03 
 7,62066045723963E-03 
 6,77392040643522E-03 
 5,92718035563082E-03 
 4,23370025402202E-03 
 4,23370025402202E-03 
 3,38696020321761E-03 
 2,54022015241321E-03 
 1,69348010160881E-03 
 1,69348010160881E-03 
 8,46740050804403E-04 
 8,46740050804403E-04 
 0 
 0 
 0 
 0 
 0 
 0 
 0 
 0 
 0 
 0 
 0 
 0 
 0 
 0 
 0 
 0 
 0 
 0 
 0 
 0 
 0 
 0 
 0 
 0 
 0 
 0 
 0 
 0 
 0 
 0 
 0 
 0 
 0 
 0 
 0 
 0 
 0 
 0 
 0 
 0 
 0 
 0 
 0 
 0 
 0 
 0 
 0 
 0 
 0 
 0 
 0 
 0 
 0 
 0 
 0 
 0 
 0 
 0 
 0 
 0 
 0 
 0 
 0 
 0 
 0 
 0 
 0 
 0 
 0 
 0 
 0 
 0 
 0 
 0 
 0 
 0 
 0 
 0 
 0 
 0 
 0 
 0 
 0 
 0 
 0 
 0 
 0 
 0 
 0 
 0 
 0 
 0 
 0 
 0 
 0 
 0 
 0 
 0 
 0 
 0 
 0 
 0 
 0 
 0 
 0 
 0 
 0 
 0 
 0 
 0 
 0 
 0 
 0 
 0 
 0 
 0 
 0 
 0 
 0 
 0 
 0 
 0 
 0 
 0 
 0 
 0 
 0 
 0 
 0 
 0 
 0 
 0 
 0 
 0 
 0 
 0 
 0 
 0 
 0 
 0 
 0 
 0 
 0 
 0 
 0 
 0 
 0 
 0 
 0 
 0 
 0 
 0 
 0 
 0 
 0 
 0 
 0 
 0 
 0 
 0 
 0 
 0 
 0 
 0 
 0 
 0 
 0 
 0 
 0 
 0 
 0 
 0 
 0 
 0 
 0 
 0 
 0 
 0 
 0 
 0 
 0 
 0 
 0 
 0 
 0 
 0 
 0 
 0 
 0 
 0 
 0 
 0 
 0 
 0 
 0 
 0 
 0 
 0 
 0 
 0 
 0 
 0 
 0 
 0 
 0 
 0 
 0 
 0 
 0 
 0 
 0 
 0 
 0 
 0 
 0 
 0 
 0 
 0 
 0 
 0 
 0 
 0 
 0 
 0 
 0 
 0 
 0 
 0 
 0 
 0 
 0 
 0 
 0 
 0 
 0 
 0 
 0 
 0 
 0 
 0 
 0 
 0 
 0 
 0 
 0 
 0 
 0 
 0 
 0 
 0 
 0 
 0 
 0 
 0 
 0 
 0 
 0 
 0 
 0 
 0 
 0 
 0 
 0 
 0 
 0 
 0 
 0 
 0 
 0 
 0 
 0 
 0 
 0 
 0 
 0 
 0 
 0 
 0 
 0 
 0 
 0 
 0 
 0 
 0 
 0 
 0 
 0 
 0 
 0 
 0 
 0 
 0 
 0 
 0 
 0 
 0 
 0 
 0 
 0 
 0 
 0 
 0 
 0 
 0 
 0 
 0 
 0 
 0 
 0 
 0 
 0 
