 0 
 0 
 0 
 0 
 0 
 0 
 0 
 0 
 0 
 0 
 0 
 0 
 0 
 0 
 0 
 0 
 0 
 0 
 0 
 0 
 0 
 0 
 0 
 0 
 0 
 0 
 0 
 0 
 0 
 0 
 0 
 0 
 0 
 0 
 0 
 0 
 0 
 0 
 0 
 0 
 0 
 0 
 0 
 0 
 0 
 0 
 0 
 0 
 0 
 0 
 0 
 0 
 0 
 0 
 0 
 0 
 0 
 0 
 0 
 0 
 0 
 0 
 0 
 0 
 0 
 0 
 0 
 0 
 0 
 0 
 0 
 0 
 0 
 0 
 0 
 0 
 0 
 0 
 0 
 0 
 0 
 0 
 0 
 0 
 0 
 0 
 0 
 0 
 0 
 0 
 0 
 0 
 0 
 0 
 0 
 0 
 0 
 0 
 0 
 0 
 0 
 0 
 0 
 0 
 0 
 0 
 0 
 0 
 0 
 0 
 0 
 0 
 0 
 0 
 0 
 0 
 0 
 0 
 0 
 0 
 0 
 0 
 0 
 0 
 0 
 0 
 0 
 0 
 0 
 0 
 0 
 0 
 0 
 0 
 0 
 0 
 0 
 0 
 0 
 0 
 0 
 0 
 0 
 0 
 0 
 0 
 0 
 0 
 0 
 0 
 0 
 0 
 0 
 0 
 0 
 0 
 0 
 0 
 0 
 0 
 0 
 0 
 0 
 0 
 0 
 0 
 0 
 0 
 0 
 0 
 0 
 0 
 0 
 0 
 0 
 0 
 0 
 0 
 0 
 0 
 0 
 0 
 0 
 0 
 0 
 0 
 0 
 0 
 0 
 0 
 0 
 0 
 0 
 0 
 0 
 0 
 0 
 0 
 0 
 0 
 0 
 0 
 0 
 0 
 0 
 0 
 0 
 0 
 0 
 0 
 0 
 0 
 0 
 0 
 0 
 0 
 0 
 0 
 0 
 0 
 0 
 0 
 0 
 0 
 0 
 0 
 0 
 0 
 0 
 0 
 0 
 0 
 0 
 0 
 0 
 0 
 0 
 0 
 0 
 0 
 0 
 0 
 0 
 0 
 0 
 0 
 0 
 0 
 0 
 0 
 0 
 0 
 0 
 0 
 0 
 0 
 0 
 0 
 0 
 0 
 0 
 0 
 0 
 0 
 0 
 0 
 0 
 0 
 0 
 0 
 0 
 0 
 0 
 0 
 0 
 0 
 0 
 0 
 0 
 0 
 0 
 0 
 0 
 0 
 0 
 0 
 0 
 0 
 0 
 0 
 0 
 0 
 0 
 0 
 0 
 0 
 0 
 0 
 0 
 0 
 0 
 0 
 0 
 0 
 0 
 0 
 0 
 0 
 0 
 0 
 0 
 0 
 0 
 0 
 0 
 0 
 0 
 0 
 0 
 0 
 0 
 0 
 0 
 0 
 0 
 0 
 0 
 0 
 0 
 0 
 0 
 0 
 0 
 0 
 0 
 0 
 0 
 0 
 0 
 0 
 0 
 0 
 0 
 0 
 0 
 0 
 0 
 0 
 0 
 0 
 0 
 0 
 0 
 0 
 0 
 0 
 0 
 0 
 0 
 0 
 0 
 0 
 0 
 0 
 0 
 0 
 0 
 0 
 0 
 0 
 0 
 0 
 0 
 0 
 0 
 0 
 0 
 0 
 0 
 0 
 0 
 0 
 0 
 0 
 0 
 0 
 0 
 0 
 0 
 0 
 0 
 0 
 0 
 0 
 0 
 0 
 0 
 0 
 0 
 0 
 0 
 0 
 0 
 0 
 0 
 0 
 0 
 0 
 0 
 0 
 0 
 0 
 0 
 0 
 0 
 0 
 0 
 0 
 0 
 0 
 0 
 0 
 0 
 0 
 0 
 0 
 0 
 0 
 0 
 0 
 0 
 0 
 0 
 0 
 8,46740050804403E-04 
 8,46740050804403E-04 
 8,46740050804403E-04 
 1,69348010160881E-03 
 2,54022015241321E-03 
 2,54022015241321E-03 
 3,38696020321761E-03 
 4,23370025402202E-03 
 5,08044030482642E-03 
 6,77392040643522E-03 
 7,62066045723963E-03 
 1,01608806096528E-02 
 1,10076206604572E-02 
 0,012701100762066 
 1,52413209144793E-02 
 9,31414055884843E-03 
 1,01608806096528E-02 
 1,10076206604572E-02 
 2,20152413209145E-02 
 2,11685012701101E-02 
 1,77815410668925E-02 
 1,77815410668925E-02 
 2,37087214225233E-02 
 2,79424216765453E-02 
 3,89500423370025E-02 
 4,31837425910246E-02 
 4,74174428450466E-02 
 4,99576629974598E-02 
 5,33446232006774E-02 
 0,056731583403895 
 5,92718035563082E-02 
 6,26587637595258E-02 
 5,58848433530906E-02 
 3,47163420829805E-02 
 5,75783234546994E-02 
 6,35055038103302E-02 
 6,60457239627434E-02 
 7,02794242167655E-02 
 0,069432684165961 
 7,28196443691787E-02 
 9,39881456392887E-02 
 9,73751058425063E-02 
 0,100762066045724 
 0,104995766299746 
 0,108382726502964 
 0,111769686706181 
 0,116003386960203 
 0,119390347163421 
 0,123624047417443 
 0,12701100762066 
 0,131244707874682 
 0,1346316680779 
 0,138865368331922 
 0,14225232853514 
 0,146486028789162 
 0,149872988992379 
 0,154106689246401 
 0,157493649449619 
 0,161727349703641 
 0,165961049957663 
 0,169348010160881 
 0,173581710414903 
 0,177815410668925 
 0,181202370872142 
 0,185436071126164 
 0,189669771380186 
 0,191363251481795 
 0,195596951735817 
 0,191363251481795 
 0,201524132091448 
 0,204911092294666 
 0,206604572396274 
 0,210838272650296 
 0,215071972904318 
 0,216765453005927 
 0,209144792548688 
 0,207451312447079 
 0,149872988992379 
 0,127857747671465 
 0,127857747671465 
 0,117696867061812 
 0,116850127011008 
 0,11346316680779 
 0,115156646909399 
 0,119390347163421 
 0,116003386960203 
 9,31414055884843E-02 
 9,73751058425063E-02 
 0,101608806096528 
 8,55207451312447E-02 
 7,28196443691787E-02 
 8,21337849280271E-02 
 8,04403048264183E-02 
 8,12870448772227E-02 
 7,95935647756139E-02 
 8,04403048264183E-02 
 8,12870448772227E-02 
 7,95935647756139E-02 
 8,38272650296359E-02 
 8,12870448772227E-02 
 7,87468247248095E-02 
 8,04403048264183E-02 
 8,12870448772227E-02 
 8,21337849280271E-02 
 9,31414055884843E-02 
 0,101608806096528 
 0,102455546147333 
 0,185436071126164 
 0,183742591024555 
 0,364944961896698 
 0,36917866215072 
 0,372565622353937 
 0,376799322607959 
 0,380186282811177 
 0,384419983065199 
 0,388653683319221 
 0,392040643522439 
 0,396274343776461 
 0,399661303979678 
 0,4038950042337 
 0,407281964436918 
 0,41151566469094 
 0,414902624894157 
 0,41913632514818 
 0,422523285351397 
 0,426756985605419 
 0,430143945808637 
 0,434377646062659 
 0,437764606265876 
 0,441998306519898 
 0,445385266723116 
 0,448772226926334 
 0,453005927180356 
 0,456392887383573 
 0,460626587637595 
 0,464013547840813 
 0,46740050804403 
 0,471634208298052 
 0,47502116850127 
 0,478408128704488 
 0,48264182895851 
 0,486028789161727 
 0,489415749364945 
 0,492802709568163 
 0,497036409822185 
 0,500423370025402 
 0,50381033022862 
 0,507197290431837 
 0,225232853513971 
 0,226079593564776 
 0,227773073666384 
 0,23454699407282 
 0,204911092294666 
 0,243014394580864 
 0,372565622353937 
 0,375105842506351 
 0,398814563928874 
 0,401354784081287 
 0,408975444538527 
 0,379339542760373 
 0,480948348856901 
 0,500423370025402 
 0,508890770533446 
 0,506350550381033 
 0,514817950889077 
 0,4614733276884 
 0,452159187129551 
 0,454699407281964 
 0,458086367485182 
 0,465707027942422 
 0,469093988145639 
 0,471634208298052 
 0,474174428450466 
 0,470787468247248 
 0,473327688399661 
 0,511430990685859 
 0,520745131244708 
 0,523285351397121 
 0,519898391193903 
 0,522438611346317 
 0,537679932260796 
 0,54614733276884 
 0,580016934801016 
 0,558001693480102 
 0,554614733276884 
 0,449618966977138 
 0,458086367485182 
 0,325994919559695 
 0,320914479254869 
 0,322607959356478 
 0,330228619813717 
 0,410668924640135 
 0,353090601185436 
 0,342082980524979 
 0,349703640982218 
 0,410668924640135 
 0,486028789161727 
 0,487722269263336 
 0,497036409822185 
 0,498729889923793 
 0,494496189669771 
 0,612193056731583 
 0,621507197290432 
 0,376799322607959 
 0,385266723116003 
 0,297205757832345 
 0,291278577476715 
 0,334462320067739 
 0,370872142252329 
 0,350550381033023 
 0,345469940728196 
 0,339542760372566 
 0,34801016088061 
 0,342082980524979 
 0,342929720575783 
 0,416596104995766 
 0,417442845046571 
 0,455546147332769 
 0,558001693480102 
 0,654530059271804 
 0,649449618966977 
 0,644369178662151 
 0,683319220999153 
 0,700254022015241 
 0,718035563082134 
 0,712955122777307 
 0,714648602878916 
 0,70956816257409 
 0,636748518204911 
 0,646909398814564 
 0,671464860287892 
 0,317527519051651 
 0,333615580016935 
 0,3268416596105 
 0,374259102455546 
 0,397967823878069 
 0,422523285351397 
 0,45385266723116 
 0,625740897544454 
 0,557154953429297 
 0,551227773073666 
 0,661303979678239 
 0,632514817950889 
 0,634208298052498 
 0,643522438611346 
 0,511430990685859 
 0,528365791701948 
 0,561388653683319 
 0,563082133784928 
 0,548687552921253 
 0,796782387806943 
 0,798475867908552 
 0,800169348010161 
 0,697713801862828 
 0,675698560541914 
 0,58848433530906 
 0,8077900084674 
 0,809483488569009 
 0,811176968670618 
 0,813717188823031 
 0,81541066892464 
 0,817104149026249 
 0,818797629127858 
 0,820491109229467 
 0,822184589331075 
 0,740897544453853 
 0,75952582557155 
 0,520745131244708 
 0,513971210838273 
 0,447925486875529 
 0,491109229466554 
 0,499576629974598 
 0,484335309060119 
 0,518204911092295 
 0,552921253175275 
 0,55376799322608 
 0,571549534292972 
 0,614733276883997 
 0,581710414902625 
 0,616426756985605 
 0,550381033022862 
 0,678238780694327 
 0,594411515664691 
 0,612193056731583 
 0,587637595258256 
 0,554614733276884 
 0,469940728196444 
 0,479254868755292 
 0,480101608806097 
 0,566469093988146 
 0,524132091447925 
 0,576629974597799 
 0,619813717188823 
 0,63844199830652 
 0,656223539373412 
 0,535986452159187 
 0,43268416596105 
 0,433530906011854 
 0,477561388653683 
 0,477561388653683 
 0,2692633361558 
 0,296359017781541 
 0,304826418289585 
 0,305673158340389 
 0,305673158340389 
 0,262489415749365 
 0,254022015241321 
 0,280270956816257 
 0,289585097375106 
 0,281117696867062 
 0,298899237933954 
 0,817950889077053 
 0,817950889077053 
 0,845046570702794 
 0,819644369178662 
 0,820491109229467 
 0,388653683319221 
 0,414902624894157 
 0,406435224386113 
 0,406435224386113 
 0,371718882303133 
 0,407281964436918 
 0,398814563928874 
 0,408128704487722 
 0,656223539373412 
 0,762912785774767 
 0,763759525825571 
 0,763759525825571 
 0,817950889077053 
 0,657917019475021 
 0,347163420829805 
 0,347163420829805 
 0,534292972057578 
 0,632514817950889 
 0,561388653683319 
 0,569856054191363 
 0,757832345469941 
 0,356477561388654 
 0,464013547840813 
 0,410668924640135 
 0,401354784081287 
 0,383573243014395 
 0,338696020321761 
 0,338696020321761 
 0,330228619813717 
 0,330228619813717 
 0,34801016088061 
 0,383573243014395 
 0,410668924640135 
 0,410668924640135 
 0,410668924640135 
 0,436917866215072 
 0,642675698560542 
 0,660457239627434 
 0,490262489415749 
 0,508044030482642 
 0,65961049957663 
 0,508044030482642 
 0,606265876375953 
 0,347163420829805 
 0,364944961896698 
 0,427603725656224 
 0,436071126164268 
 0,45385266723116 
 0,471634208298052 
 0,542760372565622 
 0,817950889077053 
 0,781541066892464 
 0,772226926333616 
 0,887383573243014 
 0,887383573243014 
 0,88653683319221 
 0,885690093141406 
 0,885690093141406 
 0,884843353090601 
 0,884843353090601 
 0,883996613039797 
 0,883149872988992 
 0,882303132938188 
 0,87298899237934 
 0,581710414902625 
 0,7307366638442 
 0,721422523285351 
 0,720575783234547 
 0,729043183742591 
 0,728196443691787 
 0,736663844199831 
 0,727349703640982 
 0,577476714648603 
 0,822184589331075 
 0,812023708721422 
 0,75952582557155 
 0,758679085520745 
 0,748518204911092 
 0,747671464860288 
 0,746824724809483 
 0,745977984758679 
 0,745131244707875 
 0,74428450465707 
 0,726502963590178 
 0,742591024555461 
 0,724809483488569 
 0,714648602878916 
 0,713801862828112 
 0,824724809483489 
 0,85774767146486 
 0,856900931414056 
 0,855207451312447 
 0,854360711261643 
 0,853513971210838 
 0,851820491109229 
 0,850127011007621 
 0,849280270956816 
 0,830651989839119 
 0,821337849280271 
 0,819644369178662 
 0,818797629127858 
 0,842506350550381 
 0,840812870448772 
 0,839119390347163 
 0,838272650296359 
 0,83657917019475 
 0,834885690093141 
 0,833192209991533 
 0,557154953429297 
 0,564775613886537 
 0,555461473327688 
 0,570702794242168 
 0,825571549534293 
 0,823878069432684 
 0,616426756985605 
 0,623200677392041 
 0,597798475867909 
 0,342929720575783 
 0,325994919559695 
 0,325148179508891 
 0,341236240474174 
 0,324301439458086 
 0,323454699407282 
 0,330228619813717 
 0,305673158340389 
 0,288738357324301 
 0,287891617273497 
 0,287891617273497 
 0,287044877222693 
 0,293818797629128 
 0,293818797629128 
 0,260795935647756 
 0,252328535139712 
 0,700254022015241 
 0,635901778154107 
 0,696867061812024 
 0,695173581710415 
 0,755292125317528 
 0,745131244707875 
 0,774767146486029 
 0,772226926333616 
 0,770533446232007 
 0,629974597798476 
 0,628281117696867 
 0,625740897544454 
 0,624047417442845 
 0,622353937341236 
 0,620660457239627 
 0,618966977138019 
 0,616426756985605 
 0,629974597798476 
 0,627434377646063 
 0,633361558001693 
 0,586790855207451 
 0,629127857747671 
 0,627434377646063 
 0,602878916172735 
 0,593564775613887 
 0,598645215918713 
 0,596951735817104 
 0,595258255715495 
 0,592718035563082 
 0,698560541913632 
 0,61727349703641 
 0,615580016934801 
 0,370872142252329 
 0,354784081287045 
 0,445385266723116 
 0,451312447078747 
 0,456392887383573 
 0,44030482641829 
 0,44623200677392 
 0,325994919559695 
 0,345469940728196 
 0,351397121083827 
 0,363251481795089 
 0,341236240474174 
 0,3268416596105 
 0,291278577476715 
 0,215918712955123 
 0,208298052497883 
 0,207451312447079 
 0,206604572396274 
 0,198983911939035 
 0,19813717188823 
 0,197290431837426 
 0,196443691786621 
 0,195596951735817 
 0,187976291278577 
 0,187129551227773 
 0,257408975444539 
 0,33276883996613 
 0,343776460626588 
 0,336155800169348 
 0,365791701947502 
 0,38272650296359 
 0,405588484335309 
 0,391193903471634 
 0,475867908552075 
 0,480101608806097 
 0,477561388653683 
 0,402201524132091 
 0,199830651989839 
 0,193056731583404 
 0,191363251481795 
 0,18458933107536 
 0,177815410668925 
 0,182895850973751 
 0,187976291278577 
 0,204064352243861 
 0,191363251481795 
 0,138018628281118 
 0,143099068585944 
 0,14225232853514 
 0,136325148179509 
 0,118543607112616 
 0,246401354784081 
 0,194750211685013 
 0,193903471634208 
 0,176121930567316 
 0,174428450465707 
 0,189669771380186 
 0,188823031329382 
 0,19813717188823 
 0,191363251481795 
 0,259102455546147 
 0,257408975444539 
 0,297205757832345 
 0,29043183742591 
 0,257408975444539 
 0,235393734123624 
 0,248941574936494 
 0,257408975444539 
 0,235393734123624 
 0,21337849280271 
 0,221845893310754 
 0,210838272650296 
 0,223539373412362 
 0,217612193056732 
 0,187129551227773 
 0,185436071126164 
 0,170194750211685 
 0,168501270110076 
 0,166807790008467 
 0,175275190516511 
 0,173581710414903 
 0,117696867061812 
 0,116850127011008 
 9,82218458933107E-02 
 9,73751058425063E-02 
 0,100762066045724 
 9,14479254868755E-02 
 8,63674851820491E-02 
 0,106689246401355 
 0,101608806096528 
 0,104995766299746 
 0,112616426756986 
 0,103302286198137 
 0,10584250635055 
 0,104995766299746 
 0,104149026248942 
 0,106689246401355 
 0,102455546147333 
 0,104995766299746 
 0,104149026248942 
 0,106689246401355 
 0,101608806096528 
 9,73751058425063E-02 
 9,22946655376799E-02 
 9,14479254868755E-02 
 9,39881456392887E-02 
 8,97544453852667E-02 
 9,90685859441152E-02 
 0,108382726502964 
 0,110922946655377 
 0,112616426756986 
 0,108382726502964 
 9,99153259949196E-02 
 9,56816257408975E-02 
 0,107535986452159 
 0,119390347163421 
 0,149872988992379 
 8,46740050804403E-02 
 8,38272650296359E-02 
 7,02794242167655E-02 
 0,10584250635055 
 0,107535986452159 
 0,10584250635055 
 0,107535986452159 
 0,108382726502964 
 0,104149026248942 
 0,15580016934801 
 7,11261642675699E-02 
 7,02794242167655E-02 
 6,68924640135478E-02 
 6,26587637595258E-02 
 5,92718035563082E-02 
 5,58848433530906E-02 
 0,052497883149873 
 5,41913632514818E-02 
 5,33446232006774E-02 
 0,056731583403895 
 6,35055038103302E-02 
 7,11261642675699E-02 
 6,77392040643522E-02 
 7,28196443691787E-02 
 0,069432684165961 
 6,85859441151566E-02 
 0,056731583403895 
 5,33446232006774E-02 
 3,81033022861981E-02 
 3,38696020321761E-02 
 4,06435224386113E-02 
 0,044030482641829 
 4,65707027942422E-02 
 4,74174428450466E-02 
 4,65707027942422E-02 
 4,31837425910246E-02 
 0,044030482641829 
 4,14902624894158E-02 
 3,89500423370025E-02 
 3,64098221845893E-02 
 3,55630821337849E-02 
 0,044030482641829 
 4,57239627434378E-02 
 4,57239627434378E-02 
 4,31837425910246E-02 
 4,14902624894158E-02 
 4,06435224386113E-02 
 4,31837425910246E-02 
 4,31837425910246E-02 
 4,06435224386113E-02 
 3,72565622353937E-02 
 3,04826418289585E-02 
 3,04826418289585E-02 
 2,96359017781541E-02 
 2,54022015241321E-02 
 2,70956816257409E-02 
 2,54022015241321E-02 
 2,03217612193057E-02 
 1,77815410668925E-02 
 1,77815410668925E-02 
 1,69348010160881E-02 
 1,60880609652837E-02 
 1,60880609652837E-02 
 1,43945808636749E-02 
 1,43945808636749E-02 
 1,35478408128704E-02 
 0,012701100762066 
 0,012701100762066 
 0,012701100762066 
 0,012701100762066 
 0,012701100762066 
 0,012701100762066 
 1,18543607112616E-02 
 1,10076206604572E-02 
 1,10076206604572E-02 
 1,01608806096528E-02 
 9,31414055884843E-03 
 8,46740050804403E-03 
 7,62066045723963E-03 
 6,77392040643522E-03 
 5,08044030482642E-03 
 5,92718035563082E-03 
 5,08044030482642E-03 
 4,23370025402202E-03 
 4,23370025402202E-03 
 3,38696020321761E-03 
 2,54022015241321E-03 
 2,54022015241321E-03 
 5,08044030482642E-03 
 3,38696020321761E-03 
 2,54022015241321E-03 
 1,69348010160881E-03 
 1,69348010160881E-03 
 8,46740050804403E-04 
 8,46740050804403E-04 
 8,46740050804403E-04 
 0 
 0 
 0 
 0 
 0 
 0 
 0 
 0 
 0 
 0 
 0 
 0 
 0 
 0 
 0 
 0 
 0 
 0 
 0 
 0 
 0 
 0 
 0 
 0 
 0 
 0 
 0 
 0 
 0 
 0 
 0 
 0 
 0 
 0 
 0 
 0 
 0 
 0 
 0 
 0 
 0 
 0 
 0 
 0 
 0 
 0 
 0 
 0 
 0 
 0 
 0 
 0 
 0 
 0 
 0 
 0 
 0 
 0 
 0 
 0 
 0 
 0 
 0 
 0 
 0 
 0 
 0 
 0 
 0 
 0 
 0 
 0 
 0 
 0 
 0 
 0 
 0 
 0 
 0 
 0 
 0 
 0 
 0 
 0 
 0 
 0 
 0 
 0 
 0 
 0 
 0 
 0 
 0 
 0 
 0 
 0 
 0 
 0 
 0 
 0 
 0 
 0 
 0 
 0 
 0 
 0 
 0 
 0 
 0 
 0 
 0 
 0 
 0 
 0 
 0 
 0 
 0 
 0 
 0 
 0 
 0 
 0 
 0 
 0 
 0 
 0 
 0 
 0 
 0 
 0 
 0 
 0 
 0 
 0 
 0 
 0 
 0 
 0 
 0 
 0 
 0 
 0 
 0 
 0 
 0 
 0 
 0 
 0 
 0 
 0 
 0 
 0 
 0 
 0 
 0 
 0 
 0 
 0 
 0 
 0 
 0 
 0 
 0 
 0 
 0 
 0 
 0 
 0 
 0 
 0 
 0 
 0 
 0 
 0 
 0 
 0 
 0 
 0 
 0 
 0 
 0 
 0 
 0 
 0 
 0 
 0 
 0 
 0 
 0 
 0 
 0 
 0 
 0 
 0 
 0 
 0 
 0 
 0 
 0 
 0 
 0 
 0 
 0 
 0 
 0 
 0 
 0 
 0 
 0 
 0 
 0 
 0 
 0 
 0 
 0 
 0 
 0 
 0 
 0 
 0 
 0 
 0 
 0 
 0 
 0 
 0 
 0 
 0 
 0 
 0 
 0 
 0 
 0 
 0 
 0 
 0 
 0 
 0 
 0 
 0 
 0 
 0 
 0 
 0 
 0 
 0 
 0 
 0 
 0 
 0 
 0 
 0 
 0 
 0 
 0 
 0 
 0 
 0 
 0 
 0 
 0 
 0 
 0 
 0 
 0 
 0 
 0 
 0 
 0 
 0 
 0 
 0 
 0 
 0 
 0 
 0 
 0 
 0 
 0 
 0 
 0 
 0 
 0 
 0 
 0 
 0 
 0 
 0 
 0 
 0 
 0 
 0 
 0 
 0 
 0 
 0 
 0 
 0 
 0 
 0 
 0 
 0 
 0 
 0 
 0 
 0 
 0 
 0 
 0 
 0 
 0 
 0 
