 0 
 0 
 0 
 0 
 0 
 0 
 0 
 0 
 0 
 0 
 0 
 0 
 0 
 0 
 0 
 0 
 0 
 0 
 0 
 0 
 0 
 0 
 0 
 0 
 0 
 0 
 0 
 0 
 0 
 0 
 0 
 0 
 0 
 0 
 0 
 0 
 0 
 0 
 0 
 0 
 0 
 0 
 0 
 0 
 0 
 0 
 0 
 0 
 0 
 0 
 0 
 0 
 0 
 0 
 0 
 0 
 0 
 0 
 0 
 0 
 0 
 0 
 0 
 0 
 0 
 0 
 0 
 0 
 0 
 0 
 0 
 0 
 0 
 0 
 0 
 0 
 0 
 0 
 0 
 0 
 0 
 0 
 0 
 0 
 0 
 0 
 0 
 0 
 0 
 0 
 0 
 0 
 0 
 0 
 0 
 0 
 0 
 0 
 0 
 0 
 0 
 0 
 0 
 0 
 0 
 0 
 0 
 0 
 0 
 0 
 0 
 0 
 0 
 0 
 0 
 0 
 0 
 0 
 0 
 0 
 0 
 0 
 0 
 0 
 0 
 0 
 0 
 0 
 0 
 0 
 0 
 0 
 0 
 0 
 0 
 0 
 0 
 0 
 0 
 0 
 0 
 0 
 0 
 0 
 0 
 0 
 0 
 0 
 0 
 0 
 0 
 0 
 0 
 0 
 0 
 0 
 0 
 0 
 0 
 0 
 0 
 0 
 0 
 0 
 0 
 0 
 0 
 0 
 0 
 0 
 0 
 0 
 0 
 0 
 0 
 0 
 0 
 0 
 0 
 0 
 0 
 0 
 0 
 0 
 0 
 0 
 0 
 0 
 0 
 0 
 0 
 0 
 0 
 0 
 0 
 0 
 0 
 0 
 0 
 0 
 0 
 0 
 0 
 0 
 0 
 0 
 0 
 0 
 0 
 0 
 0 
 0 
 0 
 0 
 0 
 0 
 0 
 0 
 0 
 0 
 0 
 0 
 0 
 0 
 0 
 0 
 0 
 0 
 0 
 0 
 0 
 0 
 0 
 0 
 0 
 0 
 0 
 0 
 0 
 0 
 0 
 0 
 0 
 0 
 0 
 0 
 0 
 0 
 0 
 0 
 0 
 0 
 0 
 0 
 0 
 0 
 0 
 0 
 0 
 0 
 0 
 0 
 0 
 0 
 0 
 0 
 0 
 0 
 0 
 0 
 0 
 0 
 0 
 0 
 0 
 0 
 0 
 0 
 0 
 0 
 0 
 0 
 0 
 0 
 0 
 0 
 0 
 0 
 0 
 0 
 0 
 0 
 0 
 0 
 0 
 0 
 0 
 0 
 0 
 0 
 0 
 0 
 0 
 0 
 0 
 0 
 0 
 0 
 0 
 0 
 0 
 0 
 0 
 0 
 0 
 0 
 0 
 0 
 0 
 0 
 0 
 0 
 0 
 0 
 0 
 0 
 0 
 0 
 0 
 0 
 0 
 0 
 0 
 0 
 0 
 0 
 0 
 0 
 0 
 0 
 0 
 0 
 0 
 0 
 0 
 0 
 0 
 0 
 0 
 0 
 0 
 0 
 0 
 0 
 0 
 0 
 0 
 0 
 0 
 0 
 0 
 0 
 0 
 0 
 0 
 0 
 0 
 0 
 0 
 0 
 0 
 0 
 0 
 0 
 0 
 0 
 0 
 0 
 0 
 0 
 0 
 0 
 0 
 0 
 0 
 0 
 0 
 0 
 0 
 0 
 0 
 0 
 0 
 0 
 0 
 0 
 0 
 0 
 0 
 0 
 0 
 0 
 0 
 0 
 0 
 0 
 0 
 0 
 0 
 0 
 0 
 0 
 0 
 0 
 0 
 0 
 0 
 0 
 0 
 0 
 0 
 0 
 0 
 0 
 0 
 0 
 0 
 0 
 0 
 0 
 0 
 0 
 0 
 0 
 0 
 0 
 8,46740050804403E-04 
 8,46740050804403E-04 
 8,46740050804403E-04 
 1,69348010160881E-03 
 1,69348010160881E-03 
 1,69348010160881E-03 
 2,54022015241321E-03 
 2,54022015241321E-03 
 3,38696020321761E-03 
 9,31414055884843E-03 
 8,46740050804403E-03 
 1,01608806096528E-02 
 1,52413209144793E-02 
 1,43945808636749E-02 
 1,69348010160881E-02 
 1,77815410668925E-02 
 1,69348010160881E-02 
 1,86282811176969E-02 
 2,79424216765453E-02 
 2,96359017781541E-02 
 3,21761219305673E-02 
 3,04826418289585E-02 
 3,47163420829805E-02 
 3,89500423370025E-02 
 3,55630821337849E-02 
 3,30228619813717E-02 
 3,13293818797629E-02 
 3,81033022861981E-02 
 3,97967823878069E-02 
 4,31837425910246E-02 
 4,91109229466554E-02 
 4,91109229466554E-02 
 4,91109229466554E-02 
 4,99576629974598E-02 
 5,33446232006774E-02 
 8,21337849280271E-02 
 8,63674851820491E-02 
 9,06011854360711E-02 
 9,39881456392887E-02 
 9,73751058425063E-02 
 0,100762066045724 
 0,104995766299746 
 0,108382726502964 
 0,110076206604572 
 0,106689246401355 
 0,110076206604572 
 0,056731583403895 
 0,065198983911939 
 0,131244707874682 
 0,118543607112616 
 8,46740050804403E-02 
 8,80609652836579E-02 
 9,06011854360711E-02 
 9,48348856900931E-02 
 9,39881456392887E-02 
 7,28196443691787E-02 
 7,45131244707875E-02 
 9,48348856900931E-02 
 9,65283657917019E-02 
 9,90685859441152E-02 
 9,22946655376799E-02 
 9,39881456392887E-02 
 9,48348856900931E-02 
 6,60457239627434E-02 
 0,069432684165961 
 7,11261642675699E-02 
 7,02794242167655E-02 
 6,35055038103302E-02 
 6,26587637595258E-02 
 6,43522438611346E-02 
 0,065198983911939 
 6,60457239627434E-02 
 6,77392040643522E-02 
 7,11261642675699E-02 
 7,45131244707875E-02 
 8,29805249788315E-02 
 8,21337849280271E-02 
 8,38272650296359E-02 
 7,45131244707875E-02 
 7,36663844199831E-02 
 7,70533446232007E-02 
 7,62066045723963E-02 
 7,45131244707875E-02 
 7,79000846740051E-02 
 7,95935647756139E-02 
 8,63674851820491E-02 
 8,97544453852667E-02 
 8,89077053344623E-02 
 9,22946655376799E-02 
 9,14479254868755E-02 
 8,89077053344623E-02 
 0,175275190516511 
 0,284504657070279 
 0,287891617273497 
 0,291278577476715 
 0,295512277730737 
 0,286198137171888 
 0,289585097375106 
 0,299745977984759 
 0,24047417442845 
 0,222692633361558 
 0,242167654530059 
 0,303979678238781 
 0,310753598645216 
 0,314140558848434 
 0,243014394580864 
 9,73751058425063E-02 
 8,72142252328535E-02 
 8,89077053344623E-02 
 8,97544453852667E-02 
 8,63674851820491E-02 
 8,72142252328535E-02 
 7,28196443691787E-02 
 6,60457239627434E-02 
 6,68924640135478E-02 
 7,95935647756139E-02 
 7,95935647756139E-02 
 7,70533446232007E-02 
 8,12870448772227E-02 
 8,21337849280271E-02 
 8,29805249788315E-02 
 7,95935647756139E-02 
 8,04403048264183E-02 
 8,12870448772227E-02 
 9,48348856900931E-02 
 9,56816257408975E-02 
 9,65283657917019E-02 
 9,73751058425063E-02 
 9,82218458933107E-02 
 8,97544453852667E-02 
 9,06011854360711E-02 
 9,14479254868755E-02 
 9,65283657917019E-02 
 0,102455546147333 
 9,31414055884843E-02 
 9,39881456392887E-02 
 9,99153259949196E-02 
 0,104995766299746 
 0,101608806096528 
 0,111769686706181 
 0,102455546147333 
 0,11346316680779 
 0,109229466553768 
 0,115156646909399 
 0,116003386960203 
 0,121930567315834 
 0,132938187976291 
 0,133784928027096 
 0,1346316680779 
 0,135478408128704 
 0,136325148179509 
 0,137171888230313 
 0,138018628281118 
 0,182049110922947 
 0,172734970364098 
 0,168501270110076 
 0,16342082980525 
 0,170194750211685 
 0,187976291278577 
 0,188823031329382 
 0,190516511430991 
 0,191363251481795 
 0,175275190516511 
 0,165114309906859 
 0,182895850973751 
 0,190516511430991 
 0,185436071126164 
 0,232853513971211 
 0,198983911939035 
 0,200677392040644 
 0,183742591024555 
 0,190516511430991 
 0,233700254022015 
 0,23454699407282 
 0,217612193056732 
 0,21930567315834 
 0,226079593564776 
 0,215071972904318 
 0,481795088907705 
 0,497036409822185 
 0,505503810330229 
 0,495342929720576 
 0,497883149872989 
 0,500423370025402 
 0,470787468247248 
 0,460626587637595 
 0,54614733276884 
 0,548687552921253 
 0,629127857747671 
 0,63844199830652 
 0,654530059271804 
 0,657070279424217 
 0,65961049957663 
 0,662997459779848 
 0,665537679932261 
 0,668924640135478 
 0,671464860287892 
 0,674005080440305 
 0,521591871295512 
 0,523285351397121 
 0,300592718035563 
 0,294665537679932 
 0,303132938187976 
 0,317527519051651 
 0,312447078746825 
 0,313293818797629 
 0,314987298899238 
 0,350550381033023 
 0,352243861134632 
 0,35393734123624 
 0,44030482641829 
 0,640982218458933 
 0,643522438611346 
 0,64606265876376 
 0,612193056731583 
 0,599491955969517 
 0,602032176121931 
 0,596951735817104 
 0,606265876375953 
 0,637595258255716 
 0,632514817950889 
 0,568162574089754 
 0,554614733276884 
 0,563928873835732 
 0,558848433530906 
 0,582557154953429 
 0,584250635055038 
 0,579170194750212 
 0,47502116850127 
 0,325148179508891 
 0,333615580016935 
 0,334462320067739 
 0,328535139712108 
 0,329381879762913 
 0,368331922099915 
 0,36155800169348 
 0,363251481795089 
 0,402201524132091 
 0,426756985605419 
 0,31922099915326 
 0,312447078746825 
 0,313293818797629 
 0,314140558848434 
 0,306519898391194 
 0,259949195596952 
 0,260795935647756 
 0,475867908552075 
 0,53259949195597 
 0,693480101608806 
 0,623200677392041 
 0,632514817950889 
 0,625740897544454 
 0,627434377646063 
 0,629127857747671 
 0,266723116003387 
 0,259102455546147 
 0,267569856054191 
 0,27688399661304 
 0,27688399661304 
 0,2692633361558 
 0,270110076206605 
 0,270956816257409 
 0,270956816257409 
 0,230313293818798 
 0,239627434377646 
 0,265029635901778 
 0,265029635901778 
 0,274343776460627 
 0,274343776460627 
 0,291278577476715 
 0,283657917019475 
 0,292972057578323 
 0,335309060118544 
 0,335309060118544 
 0,344623200677392 
 0,328535139712108 
 0,320914479254869 
 0,312447078746825 
 0,304826418289585 
 0,296359017781541 
 0,288738357324301 
 0,29805249788315 
 0,29805249788315 
 0,281117696867062 
 0,29043183742591 
 0,273497036409822 
 0,282811176968671 
 0,274343776460627 
 0,223539373412362 
 0,223539373412362 
 0,232853513971211 
 0,249788314987299 
 0,224386113463167 
 0,15580016934801 
 0,182049110922947 
 0,190516511430991 
 0,190516511430991 
 0,191363251481795 
 0,191363251481795 
 0,174428450465707 
 0,174428450465707 
 0,192209991532599 
 0,192209991532599 
 0,200677392040644 
 0,55969517358171 
 0,560541913632515 
 0,543607112616427 
 0,640982218458933 
 0,640982218458933 
 0,641828958509738 
 0,633361558001693 
 0,572396274343776 
 0,36155800169348 
 0,291278577476715 
 0,282811176968671 
 0,291278577476715 
 0,309060118543607 
 0,3268416596105 
 0,363251481795089 
 0,35393734123624 
 0,337002540220152 
 0,327688399661304 
 0,328535139712108 
 0,31922099915326 
 0,310753598645216 
 0,302286198137172 
 0,302286198137172 
 0,302286198137172 
 0,355630821337849 
 0,364944961896698 
 0,436071126164268 
 0,498729889923793 
 0,516511430990686 
 0,552074513124471 
 0,561388653683319 
 0,579170194750212 
 0,525825571549534 
 0,51735817104149 
 0,508044030482642 
 0,51735817104149 
 0,535139712108383 
 0,580016934801016 
 0,642675698560542 
 0,651143099068586 
 0,8653683319221 
 0,821337849280271 
 0,829805249788315 
 0,821337849280271 
 0,803556308213379 
 0,892464013547841 
 0,892464013547841 
 0,892464013547841 
 0,891617273497036 
 0,891617273497036 
 0,891617273497036 
 0,820491109229467 
 0,686706181202371 
 0,721422523285351 
 0,721422523285351 
 0,756985605419136 
 0,721422523285351 
 0,827265029635902 
 0,827265029635902 
 0,809483488569009 
 0,729043183742591 
 0,763759525825571 
 0,745977984758679 
 0,745131244707875 
 0,683319220999153 
 0,664690939881456 
 0,682472480948349 
 0,681625740897544 
 0,637595258255716 
 0,636748518204911 
 0,822184589331075 
 0,618120237087214 
 0,644369178662151 
 0,61727349703641 
 0,713801862828112 
 0,686706181202371 
 0,607112616426757 
 0,55376799322608 
 0,624047417442845 
 0,570702794242168 
 0,569856054191363 
 0,639288738357324 
 0,752751905165114 
 0,743437764606266 
 0,751058425063506 
 0,707027942421677 
 0,706181202370872 
 0,740050804403048 
 0,521591871295512 
 0,546994072819644 
 0,451312447078747 
 0,459779847586791 
 0,415749364944962 
 0,449618966977138 
 0,47502116850127 
 0,733276883996613 
 0,732430143945809 
 0,671464860287892 
 0,661303979678239 
 0,643522438611346 
 0,428450465707028 
 0,41913632514818 
 0,392887383573243 
 0,392040643522439 
 0,468247248094835 
 0,433530906011854 
 0,43268416596105 
 0,441151566469094 
 0,44030482641829 
 0,651143099068586 
 0,649449618966977 
 0,648602878916173 
 0,714648602878916 
 0,713801862828112 
 0,712108382726503 
 0,685859441151566 
 0,685012701100762 
 0,691786621507197 
 0,357324301439458 
 0,34038950042337 
 0,323454699407282 
 0,355630821337849 
 0,379339542760373 
 0,35393734123624 
 0,378492802709568 
 0,31160033869602 
 0,31922099915326 
 0,335309060118544 
 0,391193903471634 
 0,309060118543607 
 0,243861134631668 
 0,251481795088908 
 0,250635055038103 
 0,258255715495343 
 0,330228619813717 
 0,337002540220152 
 0,320067739204064 
 0,287891617273497 
 0,294665537679932 
 0,318374259102456 
 0,325148179508891 
 0,34801016088061 
 0,315834038950042 
 0,283657917019475 
 0,29043183742591 
 0,289585097375106 
 0,242167654530059 
 0,226079593564776 
 0,217612193056732 
 0,209144792548688 
 0,185436071126164 
 0,192209991532599 
 0,18458933107536 
 0,183742591024555 
 0,182895850973751 
 0,175275190516511 
 0,166807790008467 
 0,159187129551228 
 0,150719729043184 
 0,158340389500423 
 0,1346316680779 
 0,111769686706181 
 0,119390347163421 
 0,118543607112616 
 0,118543607112616 
 0,110922946655377 
 0,110076206604572 
 0,110076206604572 
 0,102455546147333 
 0,116850127011008 
 0,109229466553768 
 0,101608806096528 
 0,108382726502964 
 0,100762066045724 
 9,31414055884843E-02 
 9,99153259949196E-02 
 9,90685859441152E-02 
 9,90685859441152E-02 
 9,90685859441152E-02 
 9,82218458933107E-02 
 9,82218458933107E-02 
 9,06011854360711E-02 
 8,29805249788315E-02 
 0,103302286198137 
 0,123624047417443 
 0,123624047417443 
 0,129551227773074 
 9,48348856900931E-02 
 9,48348856900931E-02 
 9,48348856900931E-02 
 0,100762066045724 
 0,106689246401355 
 0,106689246401355 
 9,99153259949196E-02 
 9,90685859441152E-02 
 0,104995766299746 
 0,110922946655377 
 0,104149026248942 
 0,104149026248942 
 9,65283657917019E-02 
 0,102455546147333 
 0,108382726502964 
 8,89077053344623E-02 
 0,120237087214225 
 0,126164267569856 
 0,138018628281118 
 0,162574089754445 
 0,154953429297206 
 0,148179508890771 
 0,147332768839966 
 0,128704487722269 
 0,127857747671465 
 0,132938187976291 
 0,144792548687553 
 0,15580016934801 
 0,190516511430991 
 0,21337849280271 
 0,200677392040644 
 0,298899237933954 
 0,331922099915326 
 0,284504657070279 
 0,18458933107536 
 0,206604572396274 
 0,204911092294666 
 0,192209991532599 
 0,191363251481795 
 0,207451312447079 
 0,211685012701101 
 0,220999153259949 
 0,220152413209145 
 0,21337849280271 
 0,200677392040644 
 0,193903471634208 
 0,193056731583404 
 0,149026248941575 
 0,148179508890771 
 0,347163420829805 
 0,308213378492803 
 0,518204911092295 
 0,514817950889077 
 0,511430990685859 
 0,508044030482642 
 0,504657070279424 
 0,500423370025402 
 0,497036409822185 
 0,493649449618967 
 0,490262489415749 
 0,486028789161727 
 0,48264182895851 
 0,479254868755292 
 0,47502116850127 
 0,344623200677392 
 0,388653683319221 
 0,394580863674852 
 0,41913632514818 
 0,420829805249788 
 0,412362404741744 
 0,413209144792549 
 0,342929720575783 
 0,34038950042337 
 0,434377646062659 
 0,430143945808637 
 0,408975444538527 
 0,2692633361558 
 0,266723116003387 
 0,264182895850974 
 0,207451312447079 
 0,263336155800169 
 0,265029635901778 
 0,270956816257409 
 0,276037256562235 
 0,317527519051651 
 0,29805249788315 
 0,365791701947502 
 0,35393734123624 
 0,274343776460627 
 0,293818797629128 
 0,287044877222693 
 0,284504657070279 
 0,200677392040644 
 0,17696867061812 
 0,225232853513971 
 0,183742591024555 
 0,195596951735817 
 0,15580016934801 
 0,157493649449619 
 0,152413209144793 
 0,143945808636749 
 0,300592718035563 
 0,293818797629128 
 0,321761219305673 
 0,318374259102456 
 0,314140558848434 
 0,309906858594412 
 0,306519898391194 
 0,302286198137172 
 0,29805249788315 
 0,293818797629128 
 0,29043183742591 
 0,286198137171888 
 0,281964436917866 
 0,277730736663844 
 0,274343776460627 
 0,270110076206605 
 0,265876375952583 
 0,262489415749365 
 0,258255715495343 
 0,254022015241321 
 0,249788314987299 
 0,246401354784081 
 0,242167654530059 
 0,237933954276037 
 0,233700254022015 
 0,230313293818798 
 0,226079593564776 
 0,221845893310754 
 0,217612193056732 
 0,214225232853514 
 0,209991532599492 
 0,20575783234547 
 0,201524132091448 
 0,19813717188823 
 0,193903471634208 
 0,189669771380186 
 0,186282811176969 
 0,182049110922947 
 0,177815410668925 
 0,174428450465707 
 0,170194750211685 
 0,165961049957663 
 0,162574089754445 
 0,158340389500423 
 0,154106689246401 
 0,150719729043184 
 0,146486028789162 
 0,143099068585944 
 0,138865368331922 
 0,135478408128704 
 0,131244707874682 
 0,127857747671465 
 0,123624047417443 
 0,120237087214225 
 0,102455546147333 
 9,31414055884843E-02 
 8,89077053344623E-02 
 7,95935647756139E-02 
 6,26587637595258E-02 
 5,84250635055038E-02 
 5,58848433530906E-02 
 0,052497883149873 
 5,16511430990686E-02 
 4,74174428450466E-02 
 5,50381033022862E-02 
 5,16511430990686E-02 
 4,65707027942422E-02 
 0,044030482641829 
 4,06435224386113E-02 
 3,21761219305673E-02 
 3,21761219305673E-02 
 2,96359017781541E-02 
 2,70956816257409E-02 
 2,70956816257409E-02 
 4,31837425910246E-02 
 4,14902624894158E-02 
 4,14902624894158E-02 
 3,89500423370025E-02 
 3,64098221845893E-02 
 3,38696020321761E-02 
 3,04826418289585E-02 
 2,79424216765453E-02 
 2,62489415749365E-02 
 2,37087214225233E-02 
 2,11685012701101E-02 
 1,94750211685013E-02 
 1,69348010160881E-02 
 1,52413209144793E-02 
 1,35478408128704E-02 
 1,18543607112616E-02 
 1,01608806096528E-02 
 8,46740050804403E-03 
 6,77392040643522E-03 
 5,92718035563082E-03 
 4,23370025402202E-03 
 3,38696020321761E-03 
 2,54022015241321E-03 
 1,69348010160881E-03 
 1,69348010160881E-03 
 8,46740050804403E-04 
 8,46740050804403E-04 
 0 
 0 
 0 
 0 
 0 
 0 
 0 
 0 
 0 
 0 
 0 
 0 
 0 
 0 
 0 
 0 
 0 
 0 
 0 
 0 
 0 
 0 
 0 
 0 
 0 
 0 
 0 
 0 
 0 
 0 
 0 
 0 
 0 
 0 
 0 
 0 
 0 
 0 
 0 
 0 
 0 
 0 
 0 
 0 
 0 
 0 
 0 
 0 
 0 
 0 
 0 
 0 
 0 
 0 
 0 
 0 
 0 
 0 
 0 
 0 
 0 
 0 
 0 
 0 
 0 
 0 
 0 
 0 
 0 
 0 
 0 
 0 
 0 
 0 
 0 
 0 
 0 
 0 
 0 
 0 
 0 
 0 
 0 
 0 
 0 
 0 
 0 
 0 
 0 
 0 
 0 
 0 
 0 
 0 
 0 
 0 
 0 
 0 
 0 
 0 
 0 
 0 
 0 
 0 
 0 
 0 
 0 
 0 
 0 
 0 
 0 
 0 
 0 
 0 
 0 
 0 
 0 
 0 
 0 
 0 
 0 
 0 
 0 
 0 
 0 
 0 
 0 
 0 
 0 
 0 
 0 
 0 
 0 
 0 
 0 
 0 
 0 
 0 
 0 
 0 
 0 
 0 
 0 
 0 
 0 
 0 
 0 
 0 
 0 
 0 
 0 
 0 
 0 
 0 
 0 
 0 
 0 
 0 
 0 
 0 
 0 
 0 
 0 
 0 
 0 
 0 
 0 
 0 
 0 
 0 
 0 
 0 
 0 
 0 
 0 
 0 
 0 
 0 
 0 
 0 
 0 
 0 
 0 
 0 
 0 
 0 
 0 
 0 
 0 
 0 
 0 
 0 
 0 
 0 
 0 
 0 
 0 
 0 
 0 
 0 
 0 
 0 
 0 
 0 
 0 
 0 
 0 
 0 
 0 
 0 
 0 
 0 
 0 
 0 
 0 
 0 
 0 
 0 
 0 
 0 
 0 
 0 
 0 
 0 
 0 
 0 
 0 
 0 
 0 
 0 
 0 
 0 
 0 
 0 
 0 
 0 
 0 
 0 
 0 
 0 
 0 
 0 
 0 
 0 
 0 
 0 
 0 
 0 
 0 
 0 
 0 
 0 
 0 
 0 
 0 
 0 
 0 
 0 
 0 
 0 
 0 
 0 
 0 
 0 
 0 
 0 
 0 
 0 
 0 
 0 
 0 
 0 
 0 
 0 
 0 
 0 
 0 
 0 
 0 
 0 
 0 
 0 
 0 
 0 
 0 
 0 
 0 
 0 
 0 
 0 
 0 
 0 
 0 
 0 
 0 
 0 
 0 
 0 
 0 
 0 
 0 
 0 
 0 
 0 
 0 
 0 
 0 
 0 
 0 
 0 
 0 
