 0 
 0 
 0 
 0 
 0 
 0 
 0 
 0 
 0 
 0 
 0 
 0 
 0 
 0 
 0 
 0 
 0 
 0 
 0 
 0 
 0 
 0 
 0 
 0 
 0 
 0 
 0 
 0 
 0 
 0 
 0 
 0 
 0 
 0 
 0 
 0 
 0 
 0 
 0 
 0 
 0 
 0 
 0 
 0 
 0 
 0 
 0 
 0 
 0 
 0 
 0 
 0 
 0 
 0 
 0 
 0 
 0 
 0 
 0 
 0 
 0 
 0 
 0 
 0 
 0 
 0 
 0 
 0 
 0 
 0 
 0 
 0 
 0 
 0 
 0 
 0 
 0 
 0 
 0 
 0 
 0 
 0 
 0 
 0 
 0 
 0 
 0 
 0 
 0 
 0 
 0 
 0 
 0 
 0 
 0 
 0 
 0 
 0 
 0 
 0 
 0 
 0 
 0 
 0 
 0 
 0 
 0 
 0 
 0 
 0 
 0 
 0 
 0 
 0 
 0 
 0 
 0 
 0 
 0 
 0 
 0 
 0 
 0 
 0 
 0 
 0 
 0 
 0 
 0 
 0 
 0 
 0 
 0 
 0 
 0 
 0 
 0 
 0 
 0 
 0 
 0 
 0 
 0 
 0 
 0 
 0 
 0 
 0 
 0 
 0 
 0 
 0 
 0 
 0 
 0 
 0 
 0 
 0 
 0 
 0 
 0 
 0 
 0 
 0 
 0 
 0 
 0 
 0 
 0 
 0 
 0 
 0 
 0 
 0 
 0 
 0 
 0 
 0 
 0 
 0 
 0 
 0 
 0 
 0 
 0 
 0 
 0 
 0 
 0 
 0 
 0 
 0 
 0 
 0 
 0 
 0 
 0 
 0 
 0 
 0 
 0 
 0 
 0 
 0 
 0 
 0 
 0 
 0 
 0 
 0 
 0 
 0 
 0 
 0 
 0 
 0 
 0 
 0 
 0 
 0 
 0 
 0 
 0 
 0 
 0 
 0 
 0 
 0 
 0 
 0 
 0 
 0 
 0 
 0 
 0 
 0 
 0 
 0 
 0 
 0 
 0 
 0 
 0 
 0 
 0 
 0 
 0 
 0 
 0 
 0 
 0 
 0 
 0 
 0 
 0 
 0 
 0 
 0 
 0 
 0 
 0 
 0 
 0 
 0 
 0 
 0 
 0 
 0 
 0 
 0 
 0 
 0 
 0 
 0 
 0 
 0 
 0 
 0 
 0 
 0 
 0 
 0 
 0 
 0 
 0 
 0 
 0 
 0 
 0 
 0 
 0 
 0 
 0 
 0 
 0 
 0 
 0 
 0 
 0 
 0 
 0 
 0 
 0 
 0 
 0 
 0 
 0 
 0 
 0 
 0 
 0 
 0 
 0 
 0 
 0 
 0 
 0 
 0 
 0 
 0 
 0 
 0 
 0 
 0 
 0 
 0 
 0 
 0 
 0 
 0 
 0 
 0 
 0 
 0 
 0 
 0 
 0 
 0 
 0 
 0 
 0 
 0 
 0 
 0 
 0 
 0 
 0 
 0 
 0 
 0 
 0 
 0 
 0 
 0 
 0 
 0 
 0 
 0 
 0 
 0 
 0 
 0 
 0 
 0 
 0 
 0 
 0 
 0 
 0 
 0 
 0 
 0 
 0 
 0 
 0 
 0 
 0 
 0 
 0 
 0 
 0 
 0 
 0 
 0 
 0 
 0 
 0 
 0 
 0 
 0 
 0 
 0 
 0 
 0 
 0 
 0 
 0 
 0 
 0 
 0 
 0 
 0 
 0 
 0 
 0 
 0 
 0 
 0 
 0 
 0 
 0 
 0 
 0 
 0 
 0 
 0 
 0 
 0 
 0 
 0 
 0 
 0 
 0 
 0 
 0 
 0 
 0 
 0 
 0 
 0 
 0 
 0 
 0 
 0 
 0 
 0 
 0 
 0 
 0 
 0 
 8,46740050804403E-04 
 8,46740050804403E-04 
 8,46740050804403E-04 
 8,46740050804403E-04 
 8,46740050804403E-04 
 1,69348010160881E-03 
 1,69348010160881E-03 
 1,69348010160881E-03 
 1,69348010160881E-03 
 2,54022015241321E-03 
 4,23370025402202E-03 
 4,23370025402202E-03 
 4,23370025402202E-03 
 5,08044030482642E-03 
 5,08044030482642E-03 
 5,08044030482642E-03 
 5,92718035563082E-03 
 6,77392040643522E-03 
 5,92718035563082E-03 
 6,77392040643522E-03 
 6,77392040643522E-03 
 8,46740050804403E-03 
 9,31414055884843E-03 
 1,01608806096528E-02 
 0,012701100762066 
 1,35478408128704E-02 
 0,012701100762066 
 1,35478408128704E-02 
 1,43945808636749E-02 
 1,43945808636749E-02 
 1,52413209144793E-02 
 1,77815410668925E-02 
 2,03217612193057E-02 
 1,77815410668925E-02 
 2,03217612193057E-02 
 2,20152413209145E-02 
 2,28619813717189E-02 
 2,37087214225233E-02 
 2,20152413209145E-02 
 2,20152413209145E-02 
 2,20152413209145E-02 
 2,37087214225233E-02 
 2,37087214225233E-02 
 2,45554614733277E-02 
 2,37087214225233E-02 
 2,45554614733277E-02 
 2,45554614733277E-02 
 2,11685012701101E-02 
 2,03217612193057E-02 
 2,11685012701101E-02 
 2,28619813717189E-02 
 2,54022015241321E-02 
 2,62489415749365E-02 
 2,45554614733277E-02 
 2,70956816257409E-02 
 2,62489415749365E-02 
 2,62489415749365E-02 
 2,70956816257409E-02 
 2,62489415749365E-02 
 2,62489415749365E-02 
 2,54022015241321E-02 
 2,37087214225233E-02 
 2,45554614733277E-02 
 2,45554614733277E-02 
 2,54022015241321E-02 
 2,37087214225233E-02 
 2,20152413209145E-02 
 2,03217612193057E-02 
 1,77815410668925E-02 
 2,28619813717189E-02 
 2,37087214225233E-02 
 2,11685012701101E-02 
 2,45554614733277E-02 
 2,20152413209145E-02 
 2,70956816257409E-02 
 3,04826418289585E-02 
 3,13293818797629E-02 
 2,87891617273497E-02 
 2,96359017781541E-02 
 2,96359017781541E-02 
 3,04826418289585E-02 
 3,30228619813717E-02 
 3,13293818797629E-02 
 2,54022015241321E-02 
 2,28619813717189E-02 
 2,37087214225233E-02 
 2,11685012701101E-02 
 2,11685012701101E-02 
 2,11685012701101E-02 
 2,20152413209145E-02 
 2,20152413209145E-02 
 2,20152413209145E-02 
 2,28619813717189E-02 
 2,62489415749365E-02 
 1,94750211685013E-02 
 2,03217612193057E-02 
 2,03217612193057E-02 
 2,03217612193057E-02 
 2,03217612193057E-02 
 3,13293818797629E-02 
 3,55630821337849E-02 
 2,87891617273497E-02 
 3,64098221845893E-02 
 3,97967823878069E-02 
 3,72565622353937E-02 
 3,72565622353937E-02 
 3,72565622353937E-02 
 3,81033022861981E-02 
 4,99576629974598E-02 
 4,65707027942422E-02 
 4,74174428450466E-02 
 5,16511430990686E-02 
 5,16511430990686E-02 
 0,060965283657917 
 0,069432684165961 
 7,79000846740051E-02 
 8,72142252328535E-02 
 8,80609652836579E-02 
 8,46740050804403E-02 
 8,12870448772227E-02 
 0,107535986452159 
 0,104149026248942 
 0,109229466553768 
 0,110076206604572 
 8,04403048264183E-02 
 7,62066045723963E-02 
 7,70533446232007E-02 
 7,28196443691787E-02 
 7,36663844199831E-02 
 7,45131244707875E-02 
 7,95935647756139E-02 
 8,46740050804403E-02 
 8,04403048264183E-02 
 7,62066045723963E-02 
 7,70533446232007E-02 
 7,79000846740051E-02 
 7,79000846740051E-02 
 7,87468247248095E-02 
 7,95935647756139E-02 
 8,97544453852667E-02 
 8,55207451312447E-02 
 9,14479254868755E-02 
 9,22946655376799E-02 
 9,22946655376799E-02 
 9,31414055884843E-02 
 9,90685859441152E-02 
 9,99153259949196E-02 
 0,10584250635055 
 0,111769686706181 
 0,117696867061812 
 0,123624047417443 
 0,124470787468247 
 0,114309906858594 
 9,90685859441152E-02 
 0,110922946655377 
 9,99153259949196E-02 
 9,48348856900931E-02 
 0,101608806096528 
 0,101608806096528 
 0,102455546147333 
 9,73751058425063E-02 
 9,82218458933107E-02 
 9,82218458933107E-02 
 9,90685859441152E-02 
 9,39881456392887E-02 
 0,111769686706181 
 0,106689246401355 
 0,107535986452159 
 0,107535986452159 
 0,108382726502964 
 0,115156646909399 
 0,116003386960203 
 0,128704487722269 
 0,203217612193057 
 0,209991532599492 
 0,204911092294666 
 0,20575783234547 
 0,21337849280271 
 0,554614733276884 
 0,493649449618967 
 0,502963590177815 
 0,498729889923793 
 0,584250635055038 
 0,509737510584251 
 0,505503810330229 
 0,573243014394581 
 0,654530059271804 
 0,657070279424217 
 0,65961049957663 
 0,497036409822185 
 0,486028789161727 
 0,487722269263336 
 0,38272650296359 
 0,505503810330229 
 0,508044030482642 
 0,489415749364945 
 0,477561388653683 
 0,418289585097375 
 0,530059271803556 
 0,607959356477561 
 0,478408128704488 
 0,278577476714649 
 0,279424216765453 
 0,533446232006774 
 0,704487722269263 
 0,707027942421677 
 0,70956816257409 
 0,712108382726503 
 0,714648602878916 
 0,717188823031329 
 0,719729043183743 
 0,722269263336156 
 0,724809483488569 
 0,727349703640982 
 0,729889923793395 
 0,732430143945809 
 0,734970364098222 
 0,737510584250635 
 0,740050804403048 
 0,742591024555461 
 0,745131244707875 
 0,746824724809483 
 0,749364944961897 
 0,75190516511431 
 0,754445385266723 
 0,696020321761219 
 0,705334462320068 
 0,745977984758679 
 0,747671464860288 
 0,742591024555461 
 0,760372565622354 
 0,746824724809483 
 0,748518204911092 
 0,766299745977985 
 0,729889923793395 
 0,723962743437765 
 0,710414902624894 
 0,712108382726503 
 0,627434377646063 
 0,629127857747671 
 0,63082133784928 
 0,663844199830652 
 0,657917019475021 
 0,66723116003387 
 0,661303979678239 
 0,726502963590178 
 0,712108382726503 
 0,706181202370872 
 0,723962743437765 
 0,741744284504657 
 0,743437764606266 
 0,769686706181202 
 0,762912785774767 
 0,77307366638442 
 0,757832345469941 
 0,75190516511431 
 0,761219305673158 
 0,574089754445385 
 0,575783234546994 
 0,370872142252329 
 0,404741744284505 
 0,397121083827265 
 0,546994072819644 
 0,530906011854361 
 0,507197290431837 
 0,466553767993226 
 0,46740050804403 
 0,418289585097375 
 0,41913632514818 
 0,394580863674852 
 0,4038950042337 
 0,497036409822185 
 0,489415749364945 
 0,507197290431837 
 0,65198983911939 
 0,762912785774767 
 0,763759525825571 
 0,72311600338696 
 0,723962743437765 
 0,724809483488569 
 0,734970364098222 
 0,701100762066046 
 0,685012701100762 
 0,686706181202371 
 0,584250635055038 
 0,593564775613887 
 0,602878916172735 
 0,698560541913632 
 0,5961049957663 
 0,492802709568163 
 0,485182049110923 
 0,355630821337849 
 0,364098221845893 
 0,364944961896698 
 0,356477561388654 
 0,469940728196444 
 0,470787468247248 
 0,45385266723116 
 0,724809483488569 
 0,734123624047417 
 0,726502963590178 
 0,876375952582557 
 0,876375952582557 
 0,877222692633362 
 0,878069432684166 
 0,84419983065199 
 0,879762912785775 
 0,880609652836579 
 0,881456392887384 
 0,882303132938188 
 0,882303132938188 
 0,706181202370872 
 0,742591024555461 
 0,734123624047417 
 0,734123624047417 
 0,743437764606266 
 0,735817104149026 
 0,74428450465707 
 0,745131244707875 
 0,612193056731583 
 0,639288738357324 
 0,63082133784928 
 0,835732430143946 
 0,827265029635902 
 0,835732430143946 
 0,854360711261643 
 0,881456392887384 
 0,579170194750212 
 0,587637595258256 
 0,534292972057578 
 0,436917866215072 
 0,463166807790008 
 0,481795088907705 
 0,490262489415749 
 0,41913632514818 
 0,41913632514818 
 0,34801016088061 
 0,330228619813717 
 0,41913632514818 
 0,473327688399661 
 0,535139712108383 
 0,633361558001693 
 0,597798475867909 
 0,580016934801016 
 0,571549534292972 
 0,552921253175275 
 0,562235393734124 
 0,892464013547841 
 0,508044030482642 
 0,454699407281964 
 0,472480948348857 
 0,525825571549534 
 0,31160033869602 
 0,677392040643522 
 0,695173581710415 
 0,685859441151566 
 0,668077900084674 
 0,685012701100762 
 0,702794242167655 
 0,702794242167655 
 0,711261642675699 
 0,666384419983065 
 0,666384419983065 
 0,647756138865368 
 0,629974597798476 
 0,63844199830652 
 0,593564775613887 
 0,611346316680779 
 0,602032176121931 
 0,583403895004234 
 0,57493649449619 
 0,565622353937341 
 0,564775613886537 
 0,573243014394581 
 0,625740897544454 
 0,624894157493649 
 0,651143099068586 
 0,650296359017781 
 0,650296359017781 
 0,649449618966977 
 0,692633361558002 
 0,683319220999153 
 0,691786621507197 
 0,874682472480948 
 0,873835732430144 
 0,87298899237934 
 0,871295512277731 
 0,870448772226926 
 0,869602032176122 
 0,868755292125318 
 0,867908552074513 
 0,867061812023709 
 0,866215071972904 
 0,864521591871296 
 0,863674851820491 
 0,862828111769687 
 0,447925486875529 
 0,464860287891617 
 0,447078746824725 
 0,403048264182896 
 0,428450465707028 
 0,427603725656224 
 0,4614733276884 
 0,443691786621507 
 0,442845046570703 
 0,441998306519898 
 0,407281964436918 
 0,398814563928874 
 0,626587637595258 
 0,668077900084674 
 0,674851820491109 
 0,699407281964437 
 0,697713801862828 
 0,705334462320068 
 0,703640982218459 
 0,702794242167655 
 0,701100762066046 
 0,724809483488569 
 0,76545300592718 
 0,789161727349704 
 0,795935647756139 
 0,695173581710415 
 0,693480101608806 
 0,684165961049958 
 0,674005080440305 
 0,6731583403895 
 0,679932260795936 
 0,514817950889077 
 0,513971210838273 
 0,520745131244708 
 0,502963590177815 
 0,68839966130398 
 0,686706181202371 
 0,734123624047417 
 0,740050804403048 
 0,762912785774767 
 0,768839966130398 
 0,679085520745131 
 0,677392040643522 
 0,715495342929721 
 0,713801862828112 
 0,712108382726503 
 0,670618120237087 
 0,668924640135478 
 0,518204911092295 
 0,508890770533446 
 0,507197290431837 
 0,490262489415749 
 0,489415749364945 
 0,487722269263336 
 0,478408128704488 
 0,469940728196444 
 0,460626587637595 
 0,666384419983065 
 0,663844199830652 
 0,662150719729043 
 0,652836579170195 
 0,651143099068586 
 0,679085520745131 
 0,420829805249788 
 0,435224386113463 
 0,523285351397121 
 0,513971210838273 
 0,683319220999153 
 0,696020321761219 
 0,701100762066046 
 0,706181202370872 
 0,703640982218459 
 0,72311600338696 
 0,706181202370872 
 0,703640982218459 
 0,441151566469094 
 0,447078746824725 
 0,689246401354784 
 0,579170194750212 
 0,577476714648603 
 0,425910245554615 
 0,459779847586791 
 0,458086367485182 
 0,435224386113463 
 0,370872142252329 
 0,313293818797629 
 0,298899237933954 
 0,2692633361558 
 0,268416596104996 
 0,232853513971211 
 0,245554614733277 
 0,244707874682472 
 0,243861134631668 
 0,236240474174428 
 0,228619813717189 
 0,220999153259949 
 0,21337849280271 
 0,20575783234547 
 0,204911092294666 
 0,183742591024555 
 0,170194750211685 
 0,162574089754445 
 0,15580016934801 
 0,161727349703641 
 0,166807790008467 
 0,165961049957663 
 0,165114309906859 
 0,165114309906859 
 0,164267569856054 
 0,143945808636749 
 0,137171888230313 
 0,136325148179509 
 0,129551227773074 
 0,129551227773074 
 0,128704487722269 
 0,127857747671465 
 0,132938187976291 
 0,138865368331922 
 0,15580016934801 
 0,154953429297206 
 0,154106689246401 
 0,141405588484335 
 0,140558848433531 
 0,139712108382726 
 0,132938187976291 
 0,132938187976291 
 0,132091447925487 
 0,125317527519052 
 0,136325148179509 
 0,129551227773074 
 0,1346316680779 
 0,127857747671465 
 0,12701100762066 
 0,12108382726503 
 0,131244707874682 
 0,141405588484335 
 0,124470787468247 
 0,123624047417443 
 0,122777307366638 
 0,121930567315834 
 0,12108382726503 
 9,39881456392887E-02 
 9,82218458933107E-02 
 0,133784928027096 
 0,138018628281118 
 0,137171888230313 
 0,136325148179509 
 0,130397967823878 
 0,1346316680779 
 0,143099068585944 
 0,244707874682472 
 0,228619813717189 
 0,232006773920406 
 0,239627434377646 
 0,270956816257409 
 0,264182895850974 
 0,281117696867062 
 0,343776460626588 
 0,3268416596105 
 0,320067739204064 
 0,321761219305673 
 0,342082980524979 
 0,44623200677392 
 0,441998306519898 
 0,438611346316681 
 0,434377646062659 
 0,430990685859441 
 0,426756985605419 
 0,423370025402202 
 0,41913632514818 
 0,415749364944962 
 0,41151566469094 
 0,399661303979678 
 0,169348010160881 
 0,171888230313294 
 0,166807790008467 
 0,180355630821338 
 0,214225232853514 
 0,242167654530059 
 0,225232853513971 
 0,218458933107536 
 0,209144792548688 
 0,287891617273497 
 0,281117696867062 
 0,270956816257409 
 0,268416596104996 
 0,265029635901778 
 0,349703640982218 
 0,345469940728196 
 0,342082980524979 
 0,337849280270957 
 0,333615580016935 
 0,330228619813717 
 0,325994919559695 
 0,321761219305673 
 0,318374259102456 
 0,314140558848434 
 0,309906858594412 
 0,306519898391194 
 0,302286198137172 
 0,29805249788315 
 0,293818797629128 
 0,29043183742591 
 0,286198137171888 
 0,281964436917866 
 0,277730736663844 
 0,274343776460627 
 0,270110076206605 
 0,265876375952583 
 0,262489415749365 
 0,258255715495343 
 0,254022015241321 
 0,249788314987299 
 0,246401354784081 
 0,242167654530059 
 0,237933954276037 
 0,233700254022015 
 0,230313293818798 
 0,226079593564776 
 0,221845893310754 
 0,217612193056732 
 0,198983911939035 
 0,199830651989839 
 0,193903471634208 
 0,193903471634208 
 0,187976291278577 
 9,14479254868755E-02 
 0,114309906858594 
 0,11346316680779 
 0,109229466553768 
 0,127857747671465 
 0,133784928027096 
 0,138018628281118 
 0,1346316680779 
 0,132938187976291 
 0,131244707874682 
 0,127857747671465 
 0,126164267569856 
 0,124470787468247 
 0,122777307366638 
 0,121930567315834 
 0,120237087214225 
 0,118543607112616 
 0,112616426756986 
 0,109229466553768 
 9,99153259949196E-02 
 9,65283657917019E-02 
 9,48348856900931E-02 
 9,14479254868755E-02 
 8,80609652836579E-02 
 8,63674851820491E-02 
 0,044030482641829 
 4,31837425910246E-02 
 3,89500423370025E-02 
 4,23370025402202E-02 
 3,81033022861981E-02 
 3,21761219305673E-02 
 2,45554614733277E-02 
 2,45554614733277E-02 
 2,28619813717189E-02 
 2,20152413209145E-02 
 2,37087214225233E-02 
 2,20152413209145E-02 
 2,11685012701101E-02 
 3,89500423370025E-02 
 3,47163420829805E-02 
 3,97967823878069E-02 
 3,72565622353937E-02 
 3,47163420829805E-02 
 3,30228619813717E-02 
 2,96359017781541E-02 
 2,96359017781541E-02 
 2,70956816257409E-02 
 2,45554614733277E-02 
 2,20152413209145E-02 
 2,03217612193057E-02 
 1,77815410668925E-02 
 1,69348010160881E-02 
 1,52413209144793E-02 
 1,43945808636749E-02 
 9,31414055884843E-03 
 7,62066045723963E-03 
 5,92718035563082E-03 
 5,08044030482642E-03 
 5,92718035563082E-03 
 5,08044030482642E-03 
 4,23370025402202E-03 
 3,38696020321761E-03 
 2,54022015241321E-03 
 1,69348010160881E-03 
 1,69348010160881E-03 
 8,46740050804403E-04 
 8,46740050804403E-04 
 0 
 0 
 0 
 0 
 0 
 0 
 0 
 0 
 0 
 0 
 0 
 0 
 0 
 0 
 0 
 0 
 0 
 0 
 0 
 0 
 0 
 0 
 0 
 0 
 0 
 0 
 0 
 0 
 0 
 0 
 0 
 0 
 0 
 0 
 0 
 0 
 0 
 0 
 0 
 0 
 0 
 0 
 0 
 0 
 0 
 0 
 0 
 0 
 0 
 0 
 0 
 0 
 0 
 0 
 0 
 0 
 0 
 0 
 0 
 0 
 0 
 0 
 0 
 0 
 0 
 0 
 0 
 0 
 0 
 0 
 0 
 0 
 0 
 0 
 0 
 0 
 0 
 0 
 0 
 0 
 0 
 0 
 0 
 0 
 0 
 0 
 0 
 0 
 0 
 0 
 0 
 0 
 0 
 0 
 0 
 0 
 0 
 0 
 0 
 0 
 0 
 0 
 0 
 0 
 0 
 0 
 0 
 0 
 0 
 0 
 0 
 0 
 0 
 0 
 0 
 0 
 0 
 0 
 0 
 0 
 0 
 0 
 0 
 0 
 0 
 0 
 0 
 0 
 0 
 0 
 0 
 0 
 0 
 0 
 0 
 0 
 0 
 0 
 0 
 0 
 0 
 0 
 0 
 0 
 0 
 0 
 0 
 0 
 0 
 0 
 0 
 0 
 0 
 0 
 0 
 0 
 0 
 0 
 0 
 0 
 0 
 0 
 0 
 0 
 0 
 0 
 0 
 0 
 0 
 0 
 0 
 0 
 0 
 0 
 0 
 0 
 0 
 0 
 0 
 0 
 0 
 0 
 0 
 0 
 0 
 0 
 0 
 0 
 0 
 0 
 0 
 0 
 0 
 0 
 0 
 0 
 0 
 0 
 0 
 0 
 0 
 0 
 0 
 0 
 0 
 0 
 0 
 0 
 0 
 0 
 0 
 0 
 0 
 0 
 0 
 0 
 0 
 0 
 0 
 0 
 0 
 0 
 0 
 0 
 0 
 0 
 0 
 0 
 0 
 0 
 0 
 0 
 0 
 0 
 0 
 0 
 0 
 0 
 0 
 0 
 0 
 0 
 0 
 0 
 0 
 0 
 0 
 0 
 0 
 0 
 0 
 0 
 0 
 0 
 0 
 0 
 0 
 0 
 0 
 0 
 0 
 0 
 0 
 0 
 0 
 0 
 0 
 0 
 0 
 0 
 0 
 0 
 0 
 0 
 0 
 0 
 0 
 0 
 0 
 0 
 0 
 0 
 0 
 0 
 0 
 0 
 0 
 0 
 0 
 0 
 0 
 0 
 0 
 0 
 0 
 0 
 0 
 0 
 0 
 0 
 0 
 0 
 0 
 0 
 0 
 0 
 0 
 0 
 0 
 0 
 0 
