 0 
 0 
 0 
 0 
 0 
 0 
 0 
 0 
 0 
 0 
 0 
 0 
 0 
 0 
 0 
 0 
 0 
 0 
 0 
 0 
 0 
 0 
 0 
 0 
 0 
 0 
 0 
 0 
 0 
 0 
 0 
 0 
 0 
 0 
 0 
 0 
 0 
 0 
 0 
 0 
 0 
 0 
 0 
 0 
 0 
 0 
 0 
 0 
 0 
 0 
 0 
 0 
 0 
 0 
 0 
 0 
 0 
 0 
 0 
 0 
 0 
 0 
 0 
 0 
 0 
 0 
 0 
 0 
 0 
 0 
 0 
 0 
 0 
 0 
 0 
 0 
 0 
 0 
 0 
 0 
 0 
 0 
 0 
 0 
 0 
 0 
 0 
 0 
 0 
 0 
 0 
 0 
 0 
 0 
 0 
 0 
 0 
 0 
 0 
 0 
 0 
 0 
 0 
 0 
 0 
 0 
 0 
 0 
 0 
 0 
 0 
 0 
 0 
 0 
 0 
 0 
 0 
 0 
 0 
 0 
 0 
 0 
 0 
 0 
 0 
 0 
 0 
 0 
 0 
 0 
 0 
 0 
 0 
 0 
 0 
 0 
 0 
 0 
 0 
 0 
 0 
 0 
 0 
 0 
 0 
 0 
 0 
 0 
 0 
 0 
 0 
 0 
 0 
 0 
 0 
 0 
 0 
 0 
 0 
 0 
 0 
 0 
 0 
 0 
 0 
 0 
 0 
 0 
 0 
 0 
 0 
 0 
 0 
 0 
 0 
 0 
 0 
 0 
 0 
 0 
 0 
 0 
 0 
 0 
 0 
 0 
 0 
 0 
 0 
 0 
 0 
 0 
 0 
 0 
 0 
 0 
 0 
 0 
 0 
 0 
 0 
 0 
 0 
 0 
 0 
 0 
 0 
 0 
 0 
 0 
 0 
 0 
 0 
 0 
 0 
 0 
 0 
 0 
 0 
 0 
 0 
 0 
 0 
 0 
 0 
 0 
 0 
 0 
 0 
 0 
 0 
 0 
 0 
 0 
 0 
 0 
 0 
 0 
 0 
 0 
 0 
 0 
 0 
 0 
 0 
 0 
 0 
 0 
 0 
 0 
 0 
 0 
 0 
 0 
 0 
 0 
 0 
 0 
 0 
 0 
 0 
 0 
 0 
 0 
 0 
 0 
 0 
 0 
 0 
 0 
 0 
 0 
 0 
 0 
 0 
 0 
 0 
 0 
 0 
 0 
 0 
 0 
 0 
 0 
 0 
 0 
 0 
 0 
 0 
 0 
 0 
 0 
 0 
 0 
 0 
 0 
 0 
 0 
 0 
 0 
 0 
 0 
 0 
 0 
 0 
 0 
 0 
 0 
 0 
 0 
 0 
 0 
 0 
 0 
 0 
 0 
 0 
 0 
 0 
 0 
 0 
 0 
 0 
 0 
 0 
 0 
 0 
 0 
 0 
 0 
 0 
 0 
 0 
 0 
 0 
 0 
 0 
 0 
 0 
 0 
 0 
 0 
 0 
 0 
 0 
 0 
 0 
 0 
 0 
 0 
 0 
 0 
 0 
 0 
 0 
 0 
 0 
 0 
 0 
 0 
 0 
 0 
 0 
 0 
 0 
 0 
 0 
 0 
 0 
 0 
 0 
 0 
 0 
 0 
 0 
 0 
 0 
 0 
 0 
 0 
 0 
 0 
 0 
 0 
 0 
 0 
 0 
 0 
 0 
 0 
 0 
 0 
 0 
 0 
 0 
 0 
 0 
 0 
 0 
 0 
 0 
 0 
 0 
 0 
 0 
 0 
 0 
 0 
 0 
 0 
 0 
 0 
 0 
 0 
 0 
 0 
 0 
 0 
 0 
 0 
 0 
 0 
 0 
 0 
 0 
 0 
 0 
 0 
 0 
 0 
 0 
 0 
 0 
 0 
 0 
 0 
 0 
 8,46740050804403E-04 
 8,46740050804403E-04 
 8,46740050804403E-04 
 8,46740050804403E-04 
 1,69348010160881E-03 
 1,69348010160881E-03 
 1,69348010160881E-03 
 2,54022015241321E-03 
 2,54022015241321E-03 
 2,54022015241321E-03 
 3,38696020321761E-03 
 3,38696020321761E-03 
 4,23370025402202E-03 
 5,08044030482642E-03 
 4,23370025402202E-03 
 4,23370025402202E-03 
 5,08044030482642E-03 
 5,08044030482642E-03 
 6,77392040643522E-03 
 6,77392040643522E-03 
 8,46740050804403E-03 
 8,46740050804403E-03 
 9,31414055884843E-03 
 1,01608806096528E-02 
 1,01608806096528E-02 
 1,10076206604572E-02 
 1,10076206604572E-02 
 1,18543607112616E-02 
 1,18543607112616E-02 
 1,10076206604572E-02 
 1,43945808636749E-02 
 1,86282811176969E-02 
 1,94750211685013E-02 
 2,03217612193057E-02 
 2,20152413209145E-02 
 2,20152413209145E-02 
 1,94750211685013E-02 
 2,37087214225233E-02 
 2,45554614733277E-02 
 3,04826418289585E-02 
 3,04826418289585E-02 
 4,23370025402202E-02 
 0,048264182895851 
 5,08044030482642E-02 
 0,104149026248942 
 0,102455546147333 
 0,106689246401355 
 0,110076206604572 
 0,106689246401355 
 8,97544453852667E-02 
 8,97544453852667E-02 
 9,06011854360711E-02 
 0,133784928027096 
 0,137171888230313 
 0,135478408128704 
 0,138865368331922 
 0,140558848433531 
 0,160880609652837 
 0,160033869602032 
 0,158340389500423 
 0,166807790008467 
 0,172734970364098 
 0,176121930567316 
 0,176121930567316 
 7,70533446232007E-02 
 0,102455546147333 
 0,100762066045724 
 0,144792548687553 
 0,136325148179509 
 0,145639288738357 
 0,159187129551228 
 0,218458933107536 
 0,222692633361558 
 0,116850127011008 
 0,130397967823878 
 0,132938187976291 
 0,1346316680779 
 0,139712108382726 
 0,14225232853514 
 0,131244707874682 
 0,125317527519052 
 0,124470787468247 
 0,137171888230313 
 0,144792548687553 
 0,15580016934801 
 0,188823031329382 
 0,197290431837426 
 0,193903471634208 
 0,187976291278577 
 0,273497036409822 
 0,129551227773074 
 0,140558848433531 
 0,157493649449619 
 0,237933954276037 
 0,241320914479255 
 0,244707874682472 
 0,241320914479255 
 0,263336155800169 
 0,266723116003387 
 0,270110076206605 
 0,273497036409822 
 0,279424216765453 
 0,282811176968671 
 0,286198137171888 
 0,285351397121084 
 0,296359017781541 
 0,298899237933954 
 0,302286198137172 
 0,276037256562235 
 0,241320914479255 
 0,216765453005927 
 0,215071972904318 
 0,303132938187976 
 0,388653683319221 
 0,392040643522439 
 0,267569856054191 
 0,294665537679932 
 0,293818797629128 
 0,304826418289585 
 0,315834038950042 
 0,318374259102456 
 0,422523285351397 
 0,426756985605419 
 0,430143945808637 
 0,434377646062659 
 0,437764606265876 
 0,441998306519898 
 0,445385266723116 
 0,448772226926334 
 0,453005927180356 
 0,456392887383573 
 0,460626587637595 
 0,464013547840813 
 0,448772226926334 
 0,471634208298052 
 0,418289585097375 
 0,425910245554615 
 0,472480948348857 
 0,486028789161727 
 0,489415749364945 
 0,492802709568163 
 0,497036409822185 
 0,500423370025402 
 0,50381033022862 
 0,507197290431837 
 0,510584250635055 
 0,514817950889077 
 0,518204911092295 
 0,521591871295512 
 0,52497883149873 
 0,364944961896698 
 0,27688399661304 
 0,294665537679932 
 0,301439458086367 
 0,29805249788315 
 0,229466553767993 
 0,197290431837426 
 0,193056731583404 
 0,194750211685013 
 0,195596951735817 
 0,185436071126164 
 0,181202370872142 
 0,171041490262489 
 0,171888230313294 
 0,172734970364098 
 0,179508890770533 
 0,180355630821338 
 0,187129551227773 
 0,147332768839966 
 0,165961049957663 
 0,214225232853514 
 0,215918712955123 
 0,379339542760373 
 0,393734123624047 
 0,437764606265876 
 0,44623200677392 
 0,614733276883997 
 0,618120237087214 
 0,620660457239627 
 0,624047417442845 
 0,627434377646063 
 0,629974597798476 
 0,633361558001693 
 0,635901778154107 
 0,639288738357324 
 0,642675698560542 
 0,645215918712955 
 0,648602878916173 
 0,651143099068586 
 0,654530059271804 
 0,657070279424217 
 0,65961049957663 
 0,642675698560542 
 0,665537679932261 
 0,668924640135478 
 0,671464860287892 
 0,674005080440305 
 0,677392040643522 
 0,679932260795936 
 0,682472480948349 
 0,685859441151566 
 0,68839966130398 
 0,690939881456393 
 0,693480101608806 
 0,696867061812024 
 0,699407281964437 
 0,70194750211685 
 0,704487722269263 
 0,707027942421677 
 0,70956816257409 
 0,712108382726503 
 0,714648602878916 
 0,717188823031329 
 0,719729043183743 
 0,722269263336156 
 0,724809483488569 
 0,727349703640982 
 0,729889923793395 
 0,732430143945809 
 0,734970364098222 
 0,737510584250635 
 0,740050804403048 
 0,742591024555461 
 0,745131244707875 
 0,746824724809483 
 0,749364944961897 
 0,75190516511431 
 0,746824724809483 
 0,748518204911092 
 0,758679085520745 
 0,761219305673158 
 0,762912785774767 
 0,76545300592718 
 0,767993226079594 
 0,769686706181202 
 0,772226926333616 
 0,773920406435224 
 0,745131244707875 
 0,778154106689246 
 0,78069432684166 
 0,782387806943268 
 0,784928027095682 
 0,78662150719729 
 0,789161727349704 
 0,790855207451312 
 0,792548687552921 
 0,795088907705334 
 0,788314987298899 
 0,790855207451312 
 0,560541913632515 
 0,481795088907705 
 0,370025402201524 
 0,443691786621507 
 0,4038950042337 
 0,436917866215072 
 0,438611346316681 
 0,455546147332769 
 0,456392887383573 
 0,457239627434378 
 0,671464860287892 
 0,672311600338696 
 0,674005080440305 
 0,700254022015241 
 0,676545300592718 
 0,661303979678239 
 0,521591871295512 
 0,539373412362405 
 0,507197290431837 
 0,516511430990686 
 0,534292972057578 
 0,569009314140559 
 0,552921253175275 
 0,696867061812024 
 0,697713801862828 
 0,707027942421677 
 0,708721422523285 
 0,692633361558002 
 0,728196443691787 
 0,737510584250635 
 0,729889923793395 
 0,731583403895004 
 0,715495342929721 
 0,750211685012701 
 0,623200677392041 
 0,761219305673158 
 0,762066045723963 
 0,763759525825571 
 0,824724809483489 
 0,834038950042337 
 0,835732430143946 
 0,853513971210838 
 0,855207451312447 
 0,856054191363251 
 0,856900931414056 
 0,736663844199831 
 0,720575783234547 
 0,712108382726503 
 0,712955122777307 
 0,722269263336156 
 0,714648602878916 
 0,707027942421677 
 0,707874682472481 
 0,734123624047417 
 0,734970364098222 
 0,753598645215919 
 0,631668077900085 
 0,649449618966977 
 0,570702794242168 
 0,465707027942422 
 0,47502116850127 
 0,528365791701948 
 0,713801862828112 
 0,705334462320068 
 0,706181202370872 
 0,697713801862828 
 0,698560541913632 
 0,707874682472481 
 0,761219305673158 
 0,433530906011854 
 0,416596104995766 
 0,408128704487722 
 0,674005080440305 
 0,674851820491109 
 0,701100762066046 
 0,692633361558002 
 0,63082133784928 
 0,586790855207451 
 0,622353937341236 
 0,712108382726503 
 0,712108382726503 
 0,712108382726503 
 0,695173581710415 
 0,695173581710415 
 0,704487722269263 
 0,695173581710415 
 0,695173581710415 
 0,696020321761219 
 0,696020321761219 
 0,767146486028789 
 0,72311600338696 
 0,758679085520745 
 0,767146486028789 
 0,776460626587638 
 0,767146486028789 
 0,758679085520745 
 0,767146486028789 
 0,767146486028789 
 0,758679085520745 
 0,705334462320068 
 0,597798475867909 
 0,552921253175275 
 0,570702794242168 
 0,749364944961897 
 0,570702794242168 
 0,561388653683319 
 0,535139712108383 
 0,472480948348857 
 0,427603725656224 
 0,392040643522439 
 0,374259102455546 
 0,364944961896698 
 0,38272650296359 
 0,408975444538527 
 0,426756985605419 
 0,248941574936494 
 0,239627434377646 
 0,24809483488569 
 0,230313293818798 
 0,221845893310754 
 0,221845893310754 
 0,238780694326842 
 0,238780694326842 
 0,230313293818798 
 0,229466553767993 
 0,229466553767993 
 0,229466553767993 
 0,229466553767993 
 0,220152413209145 
 0,220152413209145 
 0,210838272650296 
 0,210838272650296 
 0,193056731583404 
 0,175275190516511 
 0,175275190516511 
 0,175275190516511 
 0,175275190516511 
 0,175275190516511 
 0,192209991532599 
 0,218458933107536 
 0,22692633361558 
 0,235393734123624 
 0,243861134631668 
 0,243014394580864 
 0,243014394580864 
 0,243014394580864 
 0,251481795088908 
 0,250635055038103 
 0,242167654530059 
 0,241320914479255 
 0,249788314987299 
 0,275190516511431 
 0,275190516511431 
 0,292125317527519 
 0,299745977984759 
 0,342082980524979 
 0,342082980524979 
 0,349703640982218 
 0,323454699407282 
 0,323454699407282 
 0,322607959356478 
 0,364944961896698 
 0,389500423370025 
 0,422523285351397 
 0,303979678238781 
 0,303132938187976 
 0,252328535139712 
 0,22692633361558 
 0,23454699407282 
 0,23454699407282 
 0,233700254022015 
 0,225232853513971 
 0,232853513971211 
 0,357324301439458 
 0,364944961896698 
 0,405588484335309 
 0,363251481795089 
 0,346316680779001 
 0,501270110076207 
 0,51735817104149 
 0,53259949195597 
 0,743437764606266 
 0,750211685012701 
 0,756985605419136 
 0,795935647756139 
 0,777307366638442 
 0,775613886536833 
 0,766299745977985 
 0,740050804403048 
 0,738357324301439 
 0,712955122777307 
 0,718882303132938 
 0,77307366638442 
 0,779000846740051 
 0,523285351397121 
 0,522438611346317 
 0,646909398814564 
 0,629974597798476 
 0,628281117696867 
 0,44623200677392 
 0,414055884843353 
 0,420829805249788 
 0,426756985605419 
 0,558001693480102 
 0,548687552921253 
 0,577476714648603 
 0,545300592718036 
 0,535986452159187 
 0,526672311600339 
 0,51735817104149 
 0,455546147332769 
 0,22692633361558 
 0,226079593564776 
 0,225232853513971 
 0,225232853513971 
 0,201524132091448 
 0,201524132091448 
 0,208298052497883 
 0,199830651989839 
 0,198983911939035 
 0,198983911939035 
 0,23454699407282 
 0,21930567315834 
 0,174428450465707 
 0,174428450465707 
 0,151566469093988 
 0,158340389500423 
 0,150719729043184 
 0,157493649449619 
 0,149872988992379 
 0,149026248941575 
 0,148179508890771 
 0,148179508890771 
 0,147332768839966 
 0,139712108382726 
 0,139712108382726 
 0,138865368331922 
 0,152413209144793 
 0,158340389500423 
 0,150719729043184 
 0,164267569856054 
 0,16342082980525 
 0,15580016934801 
 0,148179508890771 
 0,160880609652837 
 0,160880609652837 
 0,173581710414903 
 0,192209991532599 
 0,224386113463167 
 0,223539373412362 
 0,209144792548688 
 0,221845893310754 
 0,220152413209145 
 0,226079593564776 
 0,211685012701101 
 0,19813717188823 
 0,191363251481795 
 0,189669771380186 
 0,188823031329382 
 0,194750211685013 
 0,193903471634208 
 0,192209991532599 
 0,19813717188823 
 0,196443691786621 
 0,195596951735817 
 0,17696867061812 
 0,169348010160881 
 0,168501270110076 
 0,167654530059272 
 0,166807790008467 
 0,165961049957663 
 0,171041490262489 
 0,146486028789162 
 0,145639288738357 
 0,150719729043184 
 0,143945808636749 
 0,149026248941575 
 0,148179508890771 
 0,147332768839966 
 0,146486028789162 
 0,145639288738357 
 0,149872988992379 
 0,143945808636749 
 0,187129551227773 
 0,174428450465707 
 0,179508890770533 
 0,177815410668925 
 0,17696867061812 
 0,154106689246401 
 0,148179508890771 
 0,14225232853514 
 0,146486028789162 
 0,144792548687553 
 0,128704487722269 
 0,138018628281118 
 0,132091447925487 
 0,126164267569856 
 0,120237087214225 
 0,109229466553768 
 0,108382726502964 
 9,82218458933107E-02 
 9,22946655376799E-02 
 0,101608806096528 
 0,110076206604572 
 0,109229466553768 
 0,108382726502964 
 0,107535986452159 
 0,102455546147333 
 9,65283657917019E-02 
 8,21337849280271E-02 
 8,63674851820491E-02 
 8,97544453852667E-02 
 9,39881456392887E-02 
 8,80609652836579E-02 
 8,29805249788315E-02 
 8,29805249788315E-02 
 8,21337849280271E-02 
 9,39881456392887E-02 
 9,31414055884843E-02 
 0,109229466553768 
 0,108382726502964 
 7,79000846740051E-02 
 8,12870448772227E-02 
 8,04403048264183E-02 
 8,04403048264183E-02 
 7,95935647756139E-02 
 7,45131244707875E-02 
 8,55207451312447E-02 
 8,46740050804403E-02 
 8,04403048264183E-02 
 8,29805249788315E-02 
 8,55207451312447E-02 
 8,46740050804403E-02 
 8,04403048264183E-02 
 6,85859441151566E-02 
 7,11261642675699E-02 
 7,11261642675699E-02 
 7,02794242167655E-02 
 0,069432684165961 
 0,065198983911939 
 0,060965283657917 
 5,33446232006774E-02 
 5,58848433530906E-02 
 0,052497883149873 
 0,048264182895851 
 4,74174428450466E-02 
 4,99576629974598E-02 
 4,99576629974598E-02 
 4,91109229466554E-02 
 4,57239627434378E-02 
 4,48772226926334E-02 
 4,99576629974598E-02 
 4,91109229466554E-02 
 5,41913632514818E-02 
 5,33446232006774E-02 
 4,99576629974598E-02 
 4,91109229466554E-02 
 4,31837425910246E-02 
 4,48772226926334E-02 
 4,74174428450466E-02 
 4,91109229466554E-02 
 0,048264182895851 
 4,23370025402202E-02 
 3,89500423370025E-02 
 3,89500423370025E-02 
 3,55630821337849E-02 
 3,30228619813717E-02 
 3,47163420829805E-02 
 3,64098221845893E-02 
 3,55630821337849E-02 
 3,47163420829805E-02 
 3,64098221845893E-02 
 3,81033022861981E-02 
 3,72565622353937E-02 
 3,81033022861981E-02 
 3,72565622353937E-02 
 3,72565622353937E-02 
 3,38696020321761E-02 
 3,72565622353937E-02 
 3,47163420829805E-02 
 3,21761219305673E-02 
 3,13293818797629E-02 
 3,38696020321761E-02 
 3,30228619813717E-02 
 3,21761219305673E-02 
 3,13293818797629E-02 
 3,38696020321761E-02 
 3,30228619813717E-02 
 3,38696020321761E-02 
 3,30228619813717E-02 
 2,87891617273497E-02 
 2,96359017781541E-02 
 3,04826418289585E-02 
 2,79424216765453E-02 
 2,87891617273497E-02 
 3,21761219305673E-02 
 2,87891617273497E-02 
 2,45554614733277E-02 
 2,54022015241321E-02 
 2,70956816257409E-02 
 3,04826418289585E-02 
 3,13293818797629E-02 
 2,70956816257409E-02 
 2,62489415749365E-02 
 2,28619813717189E-02 
 2,11685012701101E-02 
 3,13293818797629E-02 
 2,96359017781541E-02 
 3,55630821337849E-02 
 3,38696020321761E-02 
 3,13293818797629E-02 
 2,87891617273497E-02 
 2,87891617273497E-02 
 3,21761219305673E-02 
 3,04826418289585E-02 
 2,96359017781541E-02 
 2,70956816257409E-02 
 2,28619813717189E-02 
 2,03217612193057E-02 
 1,94750211685013E-02 
 1,43945808636749E-02 
 1,35478408128704E-02 
 0,012701100762066 
 1,10076206604572E-02 
 1,01608806096528E-02 
 7,62066045723963E-03 
 6,77392040643522E-03 
 5,92718035563082E-03 
 5,92718035563082E-03 
 5,92718035563082E-03 
 4,23370025402202E-03 
 3,38696020321761E-03 
 3,38696020321761E-03 
 2,54022015241321E-03 
 1,69348010160881E-03 
 1,69348010160881E-03 
 8,46740050804403E-04 
 8,46740050804403E-04 
 8,46740050804403E-04 
 8,46740050804403E-04 
 0 
 0 
 0 
 0 
 0 
 0 
 0 
 0 
 0 
 0 
 0 
 0 
 0 
 0 
 0 
 0 
 0 
 0 
 0 
 0 
 0 
 0 
 0 
 0 
 0 
 0 
 0 
 0 
 0 
 0 
 0 
 0 
 0 
 0 
 0 
 0 
 0 
 0 
 0 
 0 
 0 
 0 
 0 
 0 
 0 
 0 
 0 
 0 
 0 
 0 
 0 
 0 
 0 
 0 
 0 
 0 
 0 
 0 
 0 
 0 
 0 
 0 
 0 
 0 
 0 
 0 
 0 
 0 
 0 
 0 
 0 
 0 
 0 
 0 
 0 
 0 
 0 
 0 
 0 
 0 
 0 
 0 
 0 
 0 
 0 
 0 
 0 
 0 
 0 
 0 
 0 
 0 
 0 
 0 
 0 
 0 
 0 
 0 
 0 
 0 
 0 
 0 
 0 
 0 
 0 
 0 
 0 
 0 
 0 
 0 
 0 
 0 
 0 
 0 
 0 
 0 
 0 
 0 
 0 
 0 
 0 
 0 
 0 
 0 
 0 
 0 
 0 
 0 
 0 
 0 
 0 
 0 
 0 
 0 
 0 
 0 
 0 
 0 
 0 
 0 
 0 
 0 
 0 
 0 
 0 
 0 
 0 
 0 
 0 
 0 
 0 
 0 
 0 
 0 
 0 
 0 
 0 
 0 
 0 
 0 
 0 
 0 
 0 
 0 
 0 
 0 
 0 
 0 
 0 
 0 
 0 
 0 
 0 
 0 
 0 
 0 
 0 
 0 
 0 
 0 
 0 
 0 
 0 
 0 
 0 
 0 
 0 
 0 
 0 
 0 
 0 
 0 
 0 
 0 
 0 
 0 
 0 
 0 
 0 
 0 
 0 
 0 
 0 
 0 
 0 
 0 
 0 
 0 
 0 
 0 
 0 
 0 
 0 
 0 
 0 
 0 
 0 
 0 
 0 
 0 
 0 
 0 
 0 
 0 
 0 
 0 
 0 
 0 
 0 
 0 
 0 
 0 
 0 
 0 
 0 
 0 
 0 
 0 
 0 
 0 
 0 
 0 
 0 
 0 
 0 
 0 
 0 
 0 
 0 
 0 
 0 
 0 
 0 
 0 
 0 
 0 
 0 
 0 
 0 
 0 
 0 
 0 
 0 
 0 
 0 
 0 
 0 
 0 
 0 
 0 
 0 
 0 
 0 
 0 
 0 
 0 
 0 
 0 
 0 
 0 
 0 
 0 
 0 
 0 
 0 
 0 
 0 
 0 
 0 
 0 
 0 
 0 
 0 
 0 
 0 
 0 
 0 
 0 
 0 
 0 
 0 
 0 
 0 
 0 
 0 
 0 
 0 
 0 
 0 
 0 
 0 
 0 
 0 
 0 
