 0 
 0 
 0 
 0 
 0 
 0 
 0 
 0 
 0 
 0 
 0 
 0 
 0 
 0 
 0 
 0 
 0 
 0 
 0 
 0 
 0 
 0 
 0 
 0 
 0 
 0 
 0 
 0 
 0 
 0 
 0 
 0 
 0 
 0 
 0 
 0 
 0 
 0 
 0 
 0 
 0 
 0 
 0 
 0 
 0 
 0 
 0 
 0 
 0 
 0 
 0 
 0 
 0 
 0 
 0 
 0 
 0 
 0 
 0 
 0 
 0 
 0 
 0 
 0 
 0 
 0 
 0 
 0 
 0 
 0 
 0 
 0 
 0 
 0 
 0 
 0 
 0 
 0 
 0 
 0 
 0 
 0 
 0 
 0 
 0 
 0 
 0 
 0 
 0 
 0 
 0 
 0 
 0 
 0 
 0 
 0 
 0 
 0 
 0 
 0 
 0 
 0 
 0 
 0 
 0 
 0 
 0 
 0 
 0 
 0 
 0 
 0 
 0 
 0 
 0 
 0 
 0 
 0 
 0 
 0 
 0 
 0 
 0 
 0 
 0 
 0 
 0 
 0 
 0 
 0 
 0 
 0 
 0 
 0 
 0 
 0 
 0 
 0 
 0 
 0 
 0 
 0 
 0 
 0 
 0 
 0 
 0 
 0 
 0 
 0 
 0 
 0 
 0 
 0 
 0 
 0 
 0 
 0 
 0 
 0 
 0 
 0 
 0 
 0 
 0 
 0 
 0 
 0 
 0 
 0 
 0 
 0 
 0 
 0 
 0 
 0 
 0 
 0 
 0 
 0 
 0 
 0 
 0 
 0 
 0 
 0 
 0 
 0 
 0 
 0 
 0 
 0 
 0 
 0 
 0 
 0 
 0 
 0 
 0 
 0 
 0 
 0 
 0 
 0 
 0 
 0 
 0 
 0 
 0 
 0 
 0 
 0 
 0 
 0 
 0 
 0 
 0 
 0 
 0 
 0 
 0 
 0 
 0 
 0 
 0 
 0 
 0 
 0 
 0 
 0 
 0 
 0 
 0 
 0 
 0 
 0 
 0 
 0 
 0 
 0 
 0 
 0 
 0 
 0 
 0 
 0 
 0 
 0 
 0 
 0 
 0 
 0 
 0 
 0 
 0 
 0 
 0 
 0 
 0 
 0 
 0 
 0 
 0 
 0 
 0 
 0 
 0 
 0 
 0 
 0 
 0 
 0 
 0 
 0 
 0 
 0 
 0 
 0 
 0 
 0 
 0 
 0 
 0 
 0 
 0 
 0 
 0 
 0 
 0 
 0 
 0 
 0 
 0 
 0 
 0 
 0 
 0 
 0 
 0 
 0 
 0 
 0 
 0 
 0 
 0 
 0 
 0 
 0 
 0 
 0 
 0 
 0 
 0 
 0 
 0 
 0 
 0 
 0 
 0 
 0 
 0 
 0 
 0 
 0 
 0 
 0 
 0 
 0 
 0 
 0 
 0 
 0 
 0 
 0 
 0 
 0 
 0 
 0 
 0 
 0 
 0 
 0 
 0 
 0 
 0 
 0 
 0 
 0 
 0 
 0 
 0 
 0 
 0 
 0 
 0 
 0 
 0 
 0 
 0 
 0 
 0 
 0 
 0 
 0 
 0 
 0 
 0 
 0 
 0 
 0 
 0 
 0 
 0 
 0 
 0 
 0 
 0 
 0 
 0 
 0 
 0 
 0 
 0 
 0 
 0 
 0 
 0 
 0 
 0 
 0 
 0 
 0 
 0 
 0 
 0 
 0 
 0 
 0 
 0 
 0 
 0 
 0 
 0 
 0 
 0 
 0 
 0 
 0 
 0 
 0 
 0 
 0 
 0 
 0 
 0 
 0 
 0 
 0 
 0 
 0 
 0 
 0 
 0 
 0 
 0 
 0 
 0 
 0 
 0 
 0 
 0 
 0 
 0 
 0 
 8,46740050804403E-04 
 8,46740050804403E-04 
 8,46740050804403E-04 
 8,46740050804403E-04 
 1,69348010160881E-03 
 1,69348010160881E-03 
 3,38696020321761E-03 
 3,38696020321761E-03 
 4,23370025402202E-03 
 6,77392040643522E-03 
 7,62066045723963E-03 
 8,46740050804403E-03 
 0,012701100762066 
 1,43945808636749E-02 
 1,69348010160881E-02 
 1,18543607112616E-02 
 0,012701100762066 
 1,43945808636749E-02 
 1,01608806096528E-02 
 1,18543607112616E-02 
 0,012701100762066 
 0,012701100762066 
 1,35478408128704E-02 
 1,52413209144793E-02 
 1,69348010160881E-02 
 1,77815410668925E-02 
 1,86282811176969E-02 
 2,03217612193057E-02 
 2,03217612193057E-02 
 2,54022015241321E-02 
 2,96359017781541E-02 
 3,04826418289585E-02 
 3,81033022861981E-02 
 3,89500423370025E-02 
 6,68924640135478E-02 
 6,77392040643522E-02 
 7,02794242167655E-02 
 7,02794242167655E-02 
 7,36663844199831E-02 
 7,45131244707875E-02 
 7,79000846740051E-02 
 8,38272650296359E-02 
 8,72142252328535E-02 
 8,97544453852667E-02 
 9,22946655376799E-02 
 0,101608806096528 
 0,107535986452159 
 0,110076206604572 
 0,114309906858594 
 0,118543607112616 
 0,121930567315834 
 0,12701100762066 
 0,130397967823878 
 0,132091447925487 
 0,118543607112616 
 9,14479254868755E-02 
 9,06011854360711E-02 
 6,35055038103302E-02 
 6,35055038103302E-02 
 6,43522438611346E-02 
 6,26587637595258E-02 
 6,26587637595258E-02 
 6,60457239627434E-02 
 6,68924640135478E-02 
 7,02794242167655E-02 
 7,19729043183743E-02 
 8,12870448772227E-02 
 7,87468247248095E-02 
 8,04403048264183E-02 
 8,38272650296359E-02 
 8,55207451312447E-02 
 0,149026248941575 
 0,148179508890771 
 0,150719729043184 
 0,101608806096528 
 0,100762066045724 
 0,102455546147333 
 0,109229466553768 
 0,12108382726503 
 0,122777307366638 
 0,164267569856054 
 0,215918712955123 
 0,229466553767993 
 0,198983911939035 
 0,201524132091448 
 0,191363251481795 
 0,204911092294666 
 0,147332768839966 
 0,149026248941575 
 0,131244707874682 
 0,136325148179509 
 0,138018628281118 
 0,137171888230313 
 0,148179508890771 
 0,161727349703641 
 0,204064352243861 
 0,235393734123624 
 0,241320914479255 
 0,215071972904318 
 0,211685012701101 
 0,200677392040644 
 0,209991532599492 
 0,178662150719729 
 0,187976291278577 
 0,193056731583404 
 0,209144792548688 
 0,183742591024555 
 0,196443691786621 
 0,360711261642676 
 0,364944961896698 
 0,36917866215072 
 0,339542760372566 
 0,275190516511431 
 0,292972057578323 
 0,280270956816257 
 0,310753598645216 
 0,314140558848434 
 0,312447078746825 
 0,264182895850974 
 0,254022015241321 
 0,220152413209145 
 0,230313293818798 
 0,248941574936494 
 0,251481795088908 
 0,198983911939035 
 0,204911092294666 
 0,227773073666384 
 0,238780694326842 
 0,24047417442845 
 0,251481795088908 
 0,445385266723116 
 0,448772226926334 
 0,447925486875529 
 0,452159187129551 
 0,451312447078747 
 0,464013547840813 
 0,46740050804403 
 0,471634208298052 
 0,441998306519898 
 0,478408128704488 
 0,48264182895851 
 0,486028789161727 
 0,489415749364945 
 0,492802709568163 
 0,497036409822185 
 0,500423370025402 
 0,50381033022862 
 0,380186282811177 
 0,408975444538527 
 0,468247248094835 
 0,481795088907705 
 0,485182049110923 
 0,488569009314141 
 0,497036409822185 
 0,505503810330229 
 0,535139712108383 
 0,5385266723116 
 0,542760372565622 
 0,54614733276884 
 0,549534292972058 
 0,552921253175275 
 0,556308213378493 
 0,55969517358171 
 0,563082133784928 
 0,566469093988146 
 0,569009314140559 
 0,572396274343776 
 0,575783234546994 
 0,579170194750212 
 0,582557154953429 
 0,562235393734124 
 0,518204911092295 
 0,480101608806097 
 0,506350550381033 
 0,508890770533446 
 0,463166807790008 
 0,465707027942422 
 0,468247248094835 
 0,483488569009314 
 0,491955969517358 
 0,494496189669771 
 0,497036409822185 
 0,511430990685859 
 0,469940728196444 
 0,466553767993226 
 0,367485182049111 
 0,318374259102456 
 0,403048264182896 
 0,404741744284505 
 0,386960203217612 
 0,317527519051651 
 0,325994919559695 
 0,320914479254869 
 0,552074513124471 
 0,561388653683319 
 0,569856054191363 
 0,565622353937341 
 0,568162574089754 
 0,570702794242168 
 0,573243014394581 
 0,541913632514818 
 0,571549534292972 
 0,573243014394581 
 0,575783234546994 
 0,598645215918713 
 0,677392040643522 
 0,679932260795936 
 0,696867061812024 
 0,699407281964437 
 0,70194750211685 
 0,704487722269263 
 0,707027942421677 
 0,70956816257409 
 0,712108382726503 
 0,714648602878916 
 0,717188823031329 
 0,42506350550381 
 0,447925486875529 
 0,594411515664691 
 0,596951735817104 
 0,591871295512278 
 0,601185436071126 
 0,61727349703641 
 0,582557154953429 
 0,584250635055038 
 0,490262489415749 
 0,431837425910246 
 0,425910245554615 
 0,441998306519898 
 0,436071126164268 
 0,376799322607959 
 0,378492802709568 
 0,674851820491109 
 0,677392040643522 
 0,679085520745131 
 0,344623200677392 
 0,307366638441998 
 0,346316680779001 
 0,347163420829805 
 0,371718882303133 
 0,426756985605419 
 0,428450465707028 
 0,453005927180356 
 0,524132091447925 
 0,564775613886537 
 0,582557154953429 
 0,599491955969517 
 0,608806096528366 
 0,602878916172735 
 0,603725656223539 
 0,605419136325148 
 0,399661303979678 
 0,44030482641829 
 0,433530906011854 
 0,450465707027942 
 0,451312447078747 
 0,444538526672312 
 0,4614733276884 
 0,44623200677392 
 0,268416596104996 
 0,260795935647756 
 0,318374259102456 
 0,310753598645216 
 0,31160033869602 
 0,312447078746825 
 0,296359017781541 
 0,297205757832345 
 0,54614733276884 
 0,521591871295512 
 0,29043183742591 
 0,315834038950042 
 0,316680779000847 
 0,309060118543607 
 0,276037256562235 
 0,259949195596952 
 0,259949195596952 
 0,2692633361558 
 0,294665537679932 
 0,270110076206605 
 0,295512277730737 
 0,296359017781541 
 0,287891617273497 
 0,280270956816257 
 0,280270956816257 
 0,281117696867062 
 0,281117696867062 
 0,281964436917866 
 0,281964436917866 
 0,299745977984759 
 0,309060118543607 
 0,309060118543607 
 0,3268416596105 
 0,344623200677392 
 0,336155800169348 
 0,310753598645216 
 0,302286198137172 
 0,328535139712108 
 0,355630821337849 
 0,373412362404742 
 0,373412362404742 
 0,226079593564776 
 0,243861134631668 
 0,243861134631668 
 0,235393734123624 
 0,244707874682472 
 0,244707874682472 
 0,236240474174428 
 0,227773073666384 
 0,21930567315834 
 0,21930567315834 
 0,237087214225233 
 0,228619813717189 
 0,220152413209145 
 0,193903471634208 
 0,185436071126164 
 0,176121930567316 
 0,167654530059272 
 0,167654530059272 
 0,194750211685013 
 0,194750211685013 
 0,212531752751905 
 0,256562235393734 
 0,230313293818798 
 0,257408975444539 
 0,257408975444539 
 0,239627434377646 
 0,221845893310754 
 0,221845893310754 
 0,248941574936494 
 0,248941574936494 
 0,248941574936494 
 0,258255715495343 
 0,276037256562235 
 0,285351397121084 
 0,276037256562235 
 0,267569856054191 
 0,267569856054191 
 0,276037256562235 
 0,267569856054191 
 0,267569856054191 
 0,285351397121084 
 0,285351397121084 
 0,303132938187976 
 0,303132938187976 
 0,320914479254869 
 0,330228619813717 
 0,27688399661304 
 0,249788314987299 
 0,214225232853514 
 0,214225232853514 
 0,232006773920406 
 0,232006773920406 
 0,232006773920406 
 0,232006773920406 
 0,222692633361558 
 0,222692633361558 
 0,196443691786621 
 0,196443691786621 
 0,187129551227773 
 0,169348010160881 
 0,177815410668925 
 0,187129551227773 
 0,14225232853514 
 0,160033869602032 
 0,151566469093988 
 0,106689246401355 
 0,115156646909399 
 0,150719729043184 
 0,14225232853514 
 0,14225232853514 
 0,14225232853514 
 0,132938187976291 
 0,106689246401355 
 0,106689246401355 
 0,10584250635055 
 9,73751058425063E-02 
 8,80609652836579E-02 
 7,95935647756139E-02 
 7,95935647756139E-02 
 7,95935647756139E-02 
 8,80609652836579E-02 
 8,80609652836579E-02 
 7,02794242167655E-02 
 6,18120237087214E-02 
 0,052497883149873 
 0,044030482641829 
 0,044030482641829 
 0,044030482641829 
 0,060965283657917 
 0,060965283657917 
 9,56816257408975E-02 
 9,56816257408975E-02 
 9,56816257408975E-02 
 0,11346316680779 
 0,11346316680779 
 0,104149026248942 
 0,112616426756986 
 0,104149026248942 
 0,129551227773074 
 9,48348856900931E-02 
 9,48348856900931E-02 
 0,111769686706181 
 0,111769686706181 
 0,111769686706181 
 0,111769686706181 
 0,120237087214225 
 0,111769686706181 
 0,119390347163421 
 0,119390347163421 
 0,110922946655377 
 0,110922946655377 
 0,110922946655377 
 0,12701100762066 
 0,12701100762066 
 0,118543607112616 
 0,12701100762066 
 0,118543607112616 
 0,126164267569856 
 0,126164267569856 
 0,126164267569856 
 0,133784928027096 
 0,133784928027096 
 0,133784928027096 
 0,116850127011008 
 0,108382726502964 
 0,116003386960203 
 0,116003386960203 
 0,116003386960203 
 0,123624047417443 
 0,123624047417443 
 0,123624047417443 
 9,82218458933107E-02 
 9,82218458933107E-02 
 0,10584250635055 
 0,114309906858594 
 0,121930567315834 
 0,121930567315834 
 0,11346316680779 
 0,104995766299746 
 0,104995766299746 
 0,104995766299746 
 0,112616426756986 
 0,120237087214225 
 0,120237087214225 
 0,103302286198137 
 0,103302286198137 
 9,48348856900931E-02 
 9,48348856900931E-02 
 8,63674851820491E-02 
 8,63674851820491E-02 
 9,39881456392887E-02 
 9,39881456392887E-02 
 8,55207451312447E-02 
 8,55207451312447E-02 
 8,55207451312447E-02 
 0,100762066045724 
 0,100762066045724 
 8,46740050804403E-02 
 7,70533446232007E-02 
 7,62066045723963E-02 
 6,85859441151566E-02 
 7,62066045723963E-02 
 7,62066045723963E-02 
 7,53598645215919E-02 
 7,53598645215919E-02 
 6,77392040643522E-02 
 6,77392040643522E-02 
 6,01185436071126E-02 
 5,92718035563082E-02 
 5,16511430990686E-02 
 5,16511430990686E-02 
 5,16511430990686E-02 
 5,84250635055038E-02 
 5,16511430990686E-02 
 3,64098221845893E-02 
 2,87891617273497E-02 
 2,87891617273497E-02 
 3,64098221845893E-02 
 4,31837425910246E-02 
 4,31837425910246E-02 
 2,87891617273497E-02 
 3,55630821337849E-02 
 3,55630821337849E-02 
 3,55630821337849E-02 
 3,55630821337849E-02 
 2,79424216765453E-02 
 2,79424216765453E-02 
 2,79424216765453E-02 
 2,11685012701101E-02 
 2,79424216765453E-02 
 2,79424216765453E-02 
 2,70956816257409E-02 
 2,70956816257409E-02 
 2,03217612193057E-02 
 2,03217612193057E-02 
 2,03217612193057E-02 
 2,03217612193057E-02 
 2,03217612193057E-02 
 2,03217612193057E-02 
 2,03217612193057E-02 
 1,94750211685013E-02 
 1,94750211685013E-02 
 2,62489415749365E-02 
 2,62489415749365E-02 
 3,21761219305673E-02 
 3,21761219305673E-02 
 3,21761219305673E-02 
 3,81033022861981E-02 
 3,21761219305673E-02 
 3,13293818797629E-02 
 3,13293818797629E-02 
 3,13293818797629E-02 
 3,13293818797629E-02 
 2,45554614733277E-02 
 2,45554614733277E-02 
 3,04826418289585E-02 
 2,45554614733277E-02 
 2,45554614733277E-02 
 2,45554614733277E-02 
 2,37087214225233E-02 
 2,37087214225233E-02 
 2,96359017781541E-02 
 2,96359017781541E-02 
 2,96359017781541E-02 
 2,96359017781541E-02 
 3,47163420829805E-02 
 4,06435224386113E-02 
 4,06435224386113E-02 
 3,97967823878069E-02 
 3,97967823878069E-02 
 3,38696020321761E-02 
 3,38696020321761E-02 
 3,38696020321761E-02 
 3,89500423370025E-02 
 3,30228619813717E-02 
 3,30228619813717E-02 
 3,81033022861981E-02 
 3,81033022861981E-02 
 3,81033022861981E-02 
 4,31837425910246E-02 
 3,72565622353937E-02 
 4,23370025402202E-02 
 4,74174428450466E-02 
 4,65707027942422E-02 
 4,14902624894158E-02 
 3,04826418289585E-02 
 2,54022015241321E-02 
 2,54022015241321E-02 
 2,54022015241321E-02 
 2,54022015241321E-02 
 2,96359017781541E-02 
 2,96359017781541E-02 
 3,47163420829805E-02 
 3,38696020321761E-02 
 3,38696020321761E-02 
 2,87891617273497E-02 
 2,87891617273497E-02 
 2,79424216765453E-02 
 3,30228619813717E-02 
 2,79424216765453E-02 
 2,28619813717189E-02 
 2,28619813717189E-02 
 2,28619813717189E-02 
 2,70956816257409E-02 
 2,70956816257409E-02 
 2,62489415749365E-02 
 3,04826418289585E-02 
 3,47163420829805E-02 
 3,89500423370025E-02 
 3,81033022861981E-02 
 4,23370025402202E-02 
 4,23370025402202E-02 
 3,72565622353937E-02 
 3,30228619813717E-02 
 3,64098221845893E-02 
 4,06435224386113E-02 
 3,97967823878069E-02 
 3,97967823878069E-02 
 3,55630821337849E-02 
 3,89500423370025E-02 
 3,47163420829805E-02 
 3,81033022861981E-02 
 4,48772226926334E-02 
 4,48772226926334E-02 
 0,044030482641829 
 4,74174428450466E-02 
 4,74174428450466E-02 
 4,99576629974598E-02 
 4,57239627434378E-02 
 4,57239627434378E-02 
 4,48772226926334E-02 
 3,72565622353937E-02 
 3,38696020321761E-02 
 3,30228619813717E-02 
 3,30228619813717E-02 
 3,55630821337849E-02 
 3,89500423370025E-02 
 4,48772226926334E-02 
 3,81033022861981E-02 
 3,38696020321761E-02 
 3,97967823878069E-02 
 4,23370025402202E-02 
 4,48772226926334E-02 
 0,044030482641829 
 4,65707027942422E-02 
 3,97967823878069E-02 
 3,97967823878069E-02 
 3,64098221845893E-02 
 3,81033022861981E-02 
 3,81033022861981E-02 
 3,47163420829805E-02 
 3,64098221845893E-02 
 3,64098221845893E-02 
 3,81033022861981E-02 
 3,72565622353937E-02 
 3,89500423370025E-02 
 4,14902624894158E-02 
 4,06435224386113E-02 
 3,97967823878069E-02 
 4,14902624894158E-02 
 4,06435224386113E-02 
 3,55630821337849E-02 
 3,72565622353937E-02 
 3,81033022861981E-02 
 3,97967823878069E-02 
 3,72565622353937E-02 
 3,81033022861981E-02 
 3,72565622353937E-02 
 4,06435224386113E-02 
 3,97967823878069E-02 
 3,89500423370025E-02 
 3,64098221845893E-02 
 3,38696020321761E-02 
 4,48772226926334E-02 
 3,89500423370025E-02 
 3,47163420829805E-02 
 3,38696020321761E-02 
 3,64098221845893E-02 
 3,97967823878069E-02 
 3,89500423370025E-02 
 0,048264182895851 
 0,048264182895851 
 4,57239627434378E-02 
 4,48772226926334E-02 
 4,31837425910246E-02 
 3,97967823878069E-02 
 4,23370025402202E-02 
 3,97967823878069E-02 
 3,81033022861981E-02 
 8,63674851820491E-02 
 8,38272650296359E-02 
 8,72142252328535E-02 
 7,62066045723963E-02 
 8,21337849280271E-02 
 7,79000846740051E-02 
 7,36663844199831E-02 
 7,02794242167655E-02 
 8,04403048264183E-02 
 7,79000846740051E-02 
 7,28196443691787E-02 
 6,85859441151566E-02 
 6,77392040643522E-02 
 0,065198983911939 
 6,26587637595258E-02 
 5,92718035563082E-02 
 5,08044030482642E-02 
 0,048264182895851 
 4,57239627434378E-02 
 1,94750211685013E-02 
 3,47163420829805E-02 
 3,30228619813717E-02 
 2,87891617273497E-02 
 2,45554614733277E-02 
 2,03217612193057E-02 
 2,03217612193057E-02 
 1,86282811176969E-02 
 1,69348010160881E-02 
 1,52413209144793E-02 
 0,012701100762066 
 1,10076206604572E-02 
 8,46740050804403E-03 
 7,62066045723963E-03 
 6,77392040643522E-03 
 5,92718035563082E-03 
 5,08044030482642E-03 
 4,23370025402202E-03 
 3,38696020321761E-03 
 2,54022015241321E-03 
 2,54022015241321E-03 
 1,69348010160881E-03 
 1,69348010160881E-03 
 8,46740050804403E-04 
 8,46740050804403E-04 
 8,46740050804403E-04 
 8,46740050804403E-04 
 0 
 0 
 0 
 0 
 0 
 0 
 0 
 0 
 0 
 0 
 0 
 0 
 0 
 0 
 0 
 0 
 0 
 0 
 0 
 0 
 0 
 0 
 0 
 0 
 0 
 0 
 0 
 0 
 0 
 0 
 0 
 0 
 0 
 0 
 0 
 0 
 0 
 0 
 0 
 0 
 0 
 0 
 0 
 0 
 0 
 0 
 0 
 0 
 0 
 0 
 0 
 0 
 0 
 0 
 0 
 0 
 0 
 0 
 0 
 0 
 0 
 0 
 0 
 0 
 0 
 0 
 0 
 0 
 0 
 0 
 0 
 0 
 0 
 0 
 0 
 0 
 0 
 0 
 0 
 0 
 0 
 0 
 0 
 0 
 0 
 0 
 0 
 0 
 0 
 0 
 0 
 0 
 0 
 0 
 0 
 0 
 0 
 0 
 0 
 0 
 0 
 0 
 0 
 0 
 0 
 0 
 0 
 0 
 0 
 0 
 0 
 0 
 0 
 0 
 0 
 0 
 0 
 0 
 0 
 0 
 0 
 0 
 0 
 0 
 0 
 0 
 0 
 0 
 0 
 0 
 0 
 0 
 0 
 0 
 0 
 0 
 0 
 0 
 0 
 0 
 0 
 0 
 0 
 0 
 0 
 0 
 0 
 0 
 0 
 0 
 0 
 0 
 0 
 0 
 0 
 0 
 0 
 0 
 0 
 0 
 0 
 0 
 0 
 0 
 0 
 0 
 0 
 0 
 0 
 0 
 0 
 0 
 0 
 0 
 0 
 0 
 0 
 0 
 0 
 0 
 0 
 0 
 0 
 0 
 0 
 0 
 0 
 0 
 0 
 0 
 0 
 0 
 0 
 0 
 0 
 0 
 0 
 0 
 0 
 0 
 0 
 0 
 0 
 0 
 0 
 0 
 0 
 0 
 0 
 0 
 0 
 0 
 0 
 0 
 0 
 0 
 0 
 0 
 0 
 0 
 0 
 0 
 0 
 0 
 0 
 0 
 0 
 0 
 0 
 0 
 0 
 0 
 0 
 0 
 0 
 0 
 0 
 0 
 0 
 0 
 0 
 0 
 0 
 0 
 0 
 0 
 0 
 0 
 0 
 0 
 0 
 0 
 0 
 0 
 0 
 0 
 0 
 0 
 0 
 0 
 0 
 0 
 0 
 0 
 0 
 0 
 0 
 0 
 0 
 0 
 0 
 0 
 0 
 0 
 0 
 0 
 0 
 0 
 0 
 0 
 0 
 0 
 0 
 0 
 0 
 0 
 0 
 0 
 0 
 0 
 0 
 0 
 0 
 0 
 0 
 0 
 0 
 0 
 0 
 0 
 0 
 0 
 0 
 0 
 0 
 0 
 0 
 0 
 0 
 0 
 0 
