 0 
 0 
 0 
 0 
 0 
 0 
 0 
 0 
 0 
 0 
 0 
 0 
 0 
 0 
 0 
 0 
 0 
 0 
 0 
 0 
 0 
 0 
 0 
 0 
 0 
 0 
 0 
 0 
 0 
 0 
 0 
 0 
 0 
 0 
 0 
 0 
 0 
 0 
 0 
 0 
 0 
 0 
 0 
 0 
 0 
 0 
 0 
 0 
 0 
 0 
 0 
 0 
 0 
 0 
 0 
 0 
 0 
 0 
 0 
 0 
 0 
 0 
 0 
 0 
 0 
 0 
 0 
 0 
 0 
 0 
 0 
 0 
 0 
 0 
 0 
 0 
 0 
 0 
 0 
 0 
 0 
 0 
 0 
 0 
 0 
 0 
 0 
 0 
 0 
 0 
 0 
 0 
 0 
 0 
 0 
 0 
 0 
 0 
 0 
 0 
 0 
 0 
 0 
 0 
 0 
 0 
 0 
 0 
 0 
 0 
 0 
 0 
 0 
 0 
 0 
 0 
 0 
 0 
 0 
 0 
 0 
 0 
 0 
 0 
 0 
 0 
 0 
 0 
 0 
 0 
 0 
 0 
 0 
 0 
 0 
 0 
 0 
 0 
 0 
 0 
 0 
 0 
 0 
 0 
 0 
 0 
 0 
 0 
 0 
 0 
 0 
 0 
 0 
 0 
 0 
 0 
 0 
 0 
 0 
 0 
 0 
 0 
 0 
 0 
 0 
 0 
 0 
 0 
 0 
 0 
 0 
 0 
 0 
 0 
 0 
 0 
 0 
 0 
 0 
 0 
 0 
 0 
 0 
 0 
 0 
 0 
 0 
 0 
 0 
 0 
 0 
 0 
 0 
 0 
 0 
 0 
 0 
 0 
 0 
 0 
 0 
 0 
 0 
 0 
 0 
 0 
 0 
 0 
 0 
 0 
 0 
 0 
 0 
 0 
 0 
 0 
 0 
 0 
 0 
 0 
 0 
 0 
 0 
 0 
 0 
 0 
 0 
 0 
 0 
 0 
 0 
 0 
 0 
 0 
 0 
 0 
 0 
 0 
 0 
 0 
 0 
 0 
 0 
 0 
 0 
 0 
 0 
 0 
 0 
 0 
 0 
 0 
 0 
 0 
 0 
 0 
 0 
 0 
 0 
 0 
 0 
 0 
 0 
 0 
 0 
 0 
 0 
 0 
 0 
 0 
 0 
 0 
 0 
 0 
 0 
 0 
 0 
 0 
 0 
 0 
 0 
 0 
 0 
 0 
 0 
 0 
 0 
 0 
 0 
 0 
 0 
 0 
 0 
 0 
 0 
 0 
 0 
 0 
 0 
 0 
 0 
 0 
 0 
 0 
 0 
 0 
 0 
 0 
 0 
 0 
 0 
 0 
 0 
 0 
 0 
 0 
 0 
 0 
 0 
 0 
 0 
 0 
 0 
 0 
 0 
 0 
 0 
 0 
 0 
 0 
 0 
 0 
 0 
 0 
 0 
 0 
 0 
 0 
 0 
 0 
 0 
 0 
 0 
 0 
 0 
 0 
 0 
 0 
 0 
 0 
 0 
 0 
 0 
 0 
 0 
 0 
 0 
 0 
 0 
 0 
 0 
 0 
 0 
 0 
 0 
 0 
 0 
 0 
 0 
 0 
 0 
 0 
 0 
 0 
 0 
 0 
 0 
 0 
 0 
 0 
 0 
 0 
 0 
 0 
 0 
 0 
 0 
 0 
 0 
 0 
 0 
 0 
 0 
 0 
 0 
 0 
 0 
 0 
 0 
 0 
 0 
 0 
 0 
 0 
 0 
 0 
 0 
 0 
 0 
 0 
 0 
 0 
 0 
 0 
 0 
 0 
 0 
 0 
 0 
 0 
 0 
 0 
 0 
 0 
 0 
 0 
 0 
 0 
 0 
 0 
 0 
 0 
 0 
 0 
 0 
 8,46740050804403E-04 
 8,46740050804403E-04 
 1,69348010160881E-03 
 1,69348010160881E-03 
 2,54022015241321E-03 
 3,38696020321761E-03 
 3,38696020321761E-03 
 4,23370025402202E-03 
 5,08044030482642E-03 
 6,77392040643522E-03 
 7,62066045723963E-03 
 8,46740050804403E-03 
 0,012701100762066 
 1,01608806096528E-02 
 1,43945808636749E-02 
 1,60880609652837E-02 
 1,86282811176969E-02 
 2,11685012701101E-02 
 2,28619813717189E-02 
 2,54022015241321E-02 
 2,79424216765453E-02 
 3,38696020321761E-02 
 3,47163420829805E-02 
 2,03217612193057E-02 
 2,03217612193057E-02 
 2,20152413209145E-02 
 2,11685012701101E-02 
 2,11685012701101E-02 
 2,03217612193057E-02 
 2,20152413209145E-02 
 2,28619813717189E-02 
 2,54022015241321E-02 
 2,87891617273497E-02 
 3,13293818797629E-02 
 3,04826418289585E-02 
 3,04826418289585E-02 
 3,13293818797629E-02 
 3,21761219305673E-02 
 3,30228619813717E-02 
 3,97967823878069E-02 
 4,14902624894158E-02 
 7,95935647756139E-02 
 7,95935647756139E-02 
 8,12870448772227E-02 
 8,89077053344623E-02 
 0,11346316680779 
 0,116003386960203 
 0,119390347163421 
 0,12701100762066 
 0,127857747671465 
 9,31414055884843E-02 
 0,100762066045724 
 0,125317527519052 
 0,146486028789162 
 0,149872988992379 
 0,135478408128704 
 9,90685859441152E-02 
 0,137171888230313 
 0,136325148179509 
 0,138865368331922 
 0,143945808636749 
 0,145639288738357 
 0,132091447925487 
 0,137171888230313 
 0,12108382726503 
 0,125317527519052 
 0,112616426756986 
 0,137171888230313 
 0,138018628281118 
 0,173581710414903 
 0,179508890770533 
 0,182895850973751 
 0,192209991532599 
 0,193903471634208 
 0,181202370872142 
 0,182049110922947 
 0,192209991532599 
 0,19813717188823 
 0,201524132091448 
 0,204911092294666 
 0,253175275190517 
 0,257408975444539 
 0,261642675698561 
 0,265876375952583 
 0,2692633361558 
 0,273497036409822 
 0,277730736663844 
 0,281964436917866 
 0,285351397121084 
 0,289585097375106 
 0,293818797629128 
 0,29805249788315 
 0,301439458086367 
 0,2692633361558 
 0,278577476714649 
 0,310753598645216 
 0,298899237933954 
 0,302286198137172 
 0,305673158340389 
 0,309906858594412 
 0,303132938187976 
 0,27688399661304 
 0,280270956816257 
 0,282811176968671 
 0,282811176968671 
 0,289585097375106 
 0,246401354784081 
 0,248941574936494 
 0,215071972904318 
 0,291278577476715 
 0,29805249788315 
 0,301439458086367 
 0,304826418289585 
 0,314987298899238 
 0,322607959356478 
 0,325148179508891 
 0,325148179508891 
 0,315834038950042 
 0,209991532599492 
 0,207451312447079 
 0,217612193056732 
 0,194750211685013 
 0,188823031329382 
 0,190516511430991 
 0,192209991532599 
 0,193903471634208 
 0,312447078746825 
 0,320067739204064 
 0,3268416596105 
 0,320914479254869 
 0,292125317527519 
 0,348856900931414 
 0,447078746824725 
 0,451312447078747 
 0,458933107535986 
 0,425910245554615 
 0,424216765453006 
 0,422523285351397 
 0,44030482641829 
 0,434377646062659 
 0,456392887383573 
 0,489415749364945 
 0,492802709568163 
 0,497036409822185 
 0,500423370025402 
 0,50381033022862 
 0,507197290431837 
 0,510584250635055 
 0,514817950889077 
 0,518204911092295 
 0,521591871295512 
 0,52497883149873 
 0,528365791701948 
 0,531752751905165 
 0,535139712108383 
 0,5385266723116 
 0,542760372565622 
 0,502116850127011 
 0,516511430990686 
 0,502963590177815 
 0,46740050804403 
 0,458933107535986 
 0,342929720575783 
 0,373412362404742 
 0,518204911092295 
 0,521591871295512 
 0,518204911092295 
 0,515664690939881 
 0,524132091447925 
 0,480101608806097 
 0,483488569009314 
 0,57493649449619 
 0,55969517358171 
 0,563082133784928 
 0,55969517358171 
 0,563082133784928 
 0,55969517358171 
 0,562235393734124 
 0,565622353937341 
 0,556308213378493 
 0,620660457239627 
 0,624047417442845 
 0,627434377646063 
 0,629974597798476 
 0,633361558001693 
 0,635901778154107 
 0,639288738357324 
 0,642675698560542 
 0,645215918712955 
 0,648602878916173 
 0,651143099068586 
 0,654530059271804 
 0,657070279424217 
 0,65961049957663 
 0,662997459779848 
 0,665537679932261 
 0,668924640135478 
 0,671464860287892 
 0,674005080440305 
 0,677392040643522 
 0,679932260795936 
 0,675698560541914 
 0,685859441151566 
 0,68839966130398 
 0,690939881456393 
 0,693480101608806 
 0,696867061812024 
 0,699407281964437 
 0,70194750211685 
 0,704487722269263 
 0,707027942421677 
 0,70956816257409 
 0,712108382726503 
 0,714648602878916 
 0,717188823031329 
 0,719729043183743 
 0,722269263336156 
 0,602032176121931 
 0,654530059271804 
 0,649449618966977 
 0,732430143945809 
 0,734970364098222 
 0,737510584250635 
 0,740050804403048 
 0,742591024555461 
 0,745131244707875 
 0,746824724809483 
 0,749364944961897 
 0,75190516511431 
 0,565622353937341 
 0,711261642675699 
 0,43268416596105 
 0,425910245554615 
 0,397121083827265 
 0,405588484335309 
 0,368331922099915 
 0,36917866215072 
 0,486028789161727 
 0,433530906011854 
 0,380186282811177 
 0,373412362404742 
 0,38272650296359 
 0,375952582557155 
 0,384419983065199 
 0,385266723116003 
 0,402201524132091 
 0,34038950042337 
 0,316680779000847 
 0,325994919559695 
 0,3268416596105 
 0,343776460626588 
 0,312447078746825 
 0,304826418289585 
 0,289585097375106 
 0,306519898391194 
 0,298899237933954 
 0,315834038950042 
 0,308213378492803 
 0,325148179508891 
 0,325994919559695 
 0,335309060118544 
 0,327688399661304 
 0,336155800169348 
 0,386113463166808 
 0,428450465707028 
 0,437764606265876 
 0,364098221845893 
 0,34801016088061 
 0,348856900931414 
 0,457239627434378 
 0,408128704487722 
 0,392040643522439 
 0,435224386113463 
 0,443691786621507 
 0,436071126164268 
 0,487722269263336 
 0,505503810330229 
 0,590177815410669 
 0,70956816257409 
 0,719729043183743 
 0,720575783234547 
 0,577476714648603 
 0,799322607959357 
 0,809483488569009 
 0,784928027095682 
 0,79424216765453 
 0,795935647756139 
 0,480101608806097 
 0,44623200677392 
 0,455546147332769 
 0,455546147332769 
 0,516511430990686 
 0,620660457239627 
 0,621507197290432 
 0,562235393734124 
 0,563082133784928 
 0,537679932260796 
 0,520745131244708 
 0,651143099068586 
 0,61727349703641 
 0,713801862828112 
 0,714648602878916 
 0,715495342929721 
 0,838272650296359 
 0,856900931414056 
 0,831498729889924 
 0,832345469940728 
 0,833192209991533 
 0,842506350550381 
 0,843353090601185 
 0,808636748518205 
 0,598645215918713 
 0,598645215918713 
 0,299745977984759 
 0,299745977984759 
 0,299745977984759 
 0,247248094834886 
 0,238780694326842 
 0,230313293818798 
 0,238780694326842 
 0,309906858594412 
 0,265876375952583 
 0,283657917019475 
 0,283657917019475 
 0,265876375952583 
 0,310753598645216 
 0,550381033022862 
 0,569009314140559 
 0,560541913632515 
 0,533446232006774 
 0,373412362404742 
 0,374259102455546 
 0,38272650296359 
 0,356477561388654 
 0,338696020321761 
 0,293818797629128 
 0,249788314987299 
 0,249788314987299 
 0,232006773920406 
 0,696020321761219 
 0,892464013547841 
 0,892464013547841 
 0,892464013547841 
 0,892464013547841 
 0,892464013547841 
 0,892464013547841 
 0,892464013547841 
 0,892464013547841 
 0,892464013547841 
 0,892464013547841 
 0,892464013547841 
 0,892464013547841 
 0,892464013547841 
 0,891617273497036 
 0,891617273497036 
 0,891617273497036 
 0,891617273497036 
 0,891617273497036 
 0,890770533446232 
 0,890770533446232 
 0,890770533446232 
 0,889923793395428 
 0,889923793395428 
 0,889923793395428 
 0,889077053344623 
 0,889077053344623 
 0,666384419983065 
 0,63082133784928 
 0,425910245554615 
 0,434377646062659 
 0,443691786621507 
 0,442845046570703 
 0,433530906011854 
 0,530906011854361 
 0,486875529212532 
 0,50381033022862 
 0,476714648602879 
 0,608806096528366 
 0,61727349703641 
 0,634208298052498 
 0,642675698560542 
 0,65961049957663 
 0,633361558001693 
 0,395427603725656 
 0,377646062658764 
 0,386113463166808 
 0,376799322607959 
 0,437764606265876 
 0,419983065198984 
 0,209991532599492 
 0,22692633361558 
 0,235393734123624 
 0,226079593564776 
 0,217612193056732 
 0,243014394580864 
 0,23454699407282 
 0,251481795088908 
 0,285351397121084 
 0,293818797629128 
 0,293818797629128 
 0,292972057578323 
 0,292972057578323 
 0,275190516511431 
 0,266723116003387 
 0,248941574936494 
 0,24809483488569 
 0,24809483488569 
 0,24809483488569 
 0,238780694326842 
 0,272650296359018 
 0,280270956816257 
 0,280270956816257 
 0,287891617273497 
 0,304826418289585 
 0,303979678238781 
 0,295512277730737 
 0,412362404741744 
 0,45385266723116 
 0,444538526672312 
 0,436071126164268 
 0,426756985605419 
 0,434377646062659 
 0,466553767993226 
 0,407281964436918 
 0,381879762912786 
 0,372565622353937 
 0,372565622353937 
 0,338696020321761 
 0,346316680779001 
 0,296359017781541 
 0,295512277730737 
 0,278577476714649 
 0,2692633361558 
 0,415749364944962 
 0,423370025402202 
 0,422523285351397 
 0,413209144792549 
 0,469093988145639 
 0,427603725656224 
 0,410668924640135 
 0,36917866215072 
 0,360711261642676 
 0,415749364944962 
 0,430143945808637 
 0,413209144792549 
 0,452159187129551 
 0,426756985605419 
 0,433530906011854 
 0,456392887383573 
 0,439458086367485 
 0,45385266723116 
 0,397967823878069 
 0,3268416596105 
 0,349703640982218 
 0,356477561388654 
 0,339542760372566 
 0,338696020321761 
 0,414902624894157 
 0,596951735817104 
 0,595258255715495 
 0,593564775613887 
 0,591871295512278 
 0,635901778154107 
 0,633361558001693 
 0,639288738357324 
 0,637595258255716 
 0,642675698560542 
 0,648602878916173 
 0,63844199830652 
 0,636748518204911 
 0,627434377646063 
 0,624894157493649 
 0,623200677392041 
 0,613886536833192 
 0,647756138865368 
 0,64606265876376 
 0,635901778154107 
 0,626587637595258 
 0,631668077900085 
 0,643522438611346 
 0,541913632514818 
 0,4614733276884 
 0,431837425910246 
 0,415749364944962 
 0,414055884843353 
 0,55969517358171 
 0,557154953429297 
 0,562235393734124 
 0,55969517358171 
 0,585097375105842 
 0,575783234546994 
 0,574089754445385 
 0,571549534292972 
 0,569009314140559 
 0,55969517358171 
 0,356477561388654 
 0,374259102455546 
 0,379339542760373 
 0,397967823878069 
 0,316680779000847 
 0,289585097375106 
 0,301439458086367 
 0,292972057578323 
 0,246401354784081 
 0,245554614733277 
 0,250635055038103 
 0,262489415749365 
 0,204064352243861 
 0,196443691786621 
 0,220999153259949 
 0,21930567315834 
 0,224386113463167 
 0,236240474174428 
 0,228619813717189 
 0,430143945808637 
 0,415749364944962 
 0,511430990685859 
 0,508890770533446 
 0,506350550381033 
 0,502963590177815 
 0,500423370025402 
 0,497883149872989 
 0,495342929720576 
 0,492802709568163 
 0,495342929720576 
 0,510584250635055 
 0,449618966977138 
 0,447078746824725 
 0,455546147332769 
 0,458933107535986 
 0,444538526672312 
 0,45385266723116 
 0,473327688399661 
 0,464860287891617 
 0,472480948348857 
 0,47502116850127 
 0,412362404741744 
 0,409822184589331 
 0,402201524132091 
 0,409822184589331 
 0,333615580016935 
 0,188823031329382 
 0,193056731583404 
 0,285351397121084 
 0,282811176968671 
 0,327688399661304 
 0,345469940728196 
 0,337849280270957 
 0,325148179508891 
 0,308213378492803 
 0,286198137171888 
 0,274343776460627 
 0,267569856054191 
 0,260795935647756 
 0,23454699407282 
 0,237933954276037 
 0,24047417442845 
 0,210838272650296 
 0,218458933107536 
 0,170194750211685 
 0,173581710414903 
 0,181202370872142 
 0,175275190516511 
 0,169348010160881 
 0,181202370872142 
 0,188823031329382 
 0,173581710414903 
 0,167654530059272 
 0,162574089754445 
 0,190516511430991 
 0,188823031329382 
 0,199830651989839 
 0,251481795088908 
 0,228619813717189 
 0,145639288738357 
 0,143945808636749 
 0,146486028789162 
 0,156646909398815 
 0,15580016934801 
 0,169348010160881 
 0,118543607112616 
 0,116850127011008 
 0,116003386960203 
 0,121930567315834 
 0,116850127011008 
 0,350550381033023 
 0,347163420829805 
 0,339542760372566 
 0,122777307366638 
 0,124470787468247 
 0,126164267569856 
 0,111769686706181 
 0,143945808636749 
 0,148179508890771 
 0,153259949195597 
 0,157493649449619 
 0,104995766299746 
 0,103302286198137 
 0,102455546147333 
 0,100762066045724 
 0,10584250635055 
 0,119390347163421 
 0,114309906858594 
 0,11346316680779 
 0,180355630821338 
 6,18120237087214E-02 
 6,43522438611346E-02 
 7,36663844199831E-02 
 7,02794242167655E-02 
 0,069432684165961 
 0,065198983911939 
 0,069432684165961 
 0,060965283657917 
 7,28196443691787E-02 
 7,36663844199831E-02 
 0,118543607112616 
 0,126164267569856 
 0,114309906858594 
 0,110076206604572 
 0,146486028789162 
 0,135478408128704 
 0,102455546147333 
 8,12870448772227E-02 
 7,95935647756139E-02 
 7,62066045723963E-02 
 7,70533446232007E-02 
 7,53598645215919E-02 
 7,36663844199831E-02 
 7,36663844199831E-02 
 6,85859441151566E-02 
 0,069432684165961 
 6,60457239627434E-02 
 0,060965283657917 
 5,92718035563082E-02 
 5,84250635055038E-02 
 5,50381033022862E-02 
 5,41913632514818E-02 
 6,60457239627434E-02 
 6,35055038103302E-02 
 5,84250635055038E-02 
 5,84250635055038E-02 
 5,58848433530906E-02 
 5,50381033022862E-02 
 5,92718035563082E-02 
 5,84250635055038E-02 
 3,97967823878069E-02 
 3,72565622353937E-02 
 3,64098221845893E-02 
 3,47163420829805E-02 
 5,08044030482642E-02 
 4,91109229466554E-02 
 4,91109229466554E-02 
 4,57239627434378E-02 
 5,58848433530906E-02 
 5,33446232006774E-02 
 3,89500423370025E-02 
 3,72565622353937E-02 
 3,72565622353937E-02 
 3,55630821337849E-02 
 3,55630821337849E-02 
 4,91109229466554E-02 
 4,48772226926334E-02 
 0,044030482641829 
 3,55630821337849E-02 
 2,79424216765453E-02 
 2,87891617273497E-02 
 3,04826418289585E-02 
 2,70956816257409E-02 
 2,54022015241321E-02 
 2,37087214225233E-02 
 1,77815410668925E-02 
 1,43945808636749E-02 
 1,35478408128704E-02 
 0,012701100762066 
 1,18543607112616E-02 
 1,77815410668925E-02 
 1,94750211685013E-02 
 1,77815410668925E-02 
 1,52413209144793E-02 
 1,01608806096528E-02 
 1,43945808636749E-02 
 0,012701100762066 
 1,18543607112616E-02 
 1,01608806096528E-02 
 8,46740050804403E-03 
 6,77392040643522E-03 
 5,92718035563082E-03 
 4,23370025402202E-03 
 2,54022015241321E-03 
 2,54022015241321E-03 
 1,69348010160881E-03 
 8,46740050804403E-04 
 8,46740050804403E-04 
 8,46740050804403E-04 
 0 
 0 
 0 
 0 
 0 
 0 
 0 
 0 
 0 
 0 
 0 
 0 
 0 
 0 
 0 
 0 
 0 
 0 
 0 
 0 
 0 
 0 
 0 
 0 
 0 
 0 
 0 
 0 
 0 
 0 
 0 
 0 
 0 
 0 
 0 
 0 
 0 
 0 
 0 
 0 
 0 
 0 
 0 
 0 
 0 
 0 
 0 
 0 
 0 
 0 
 0 
 0 
 0 
 0 
 0 
 0 
 0 
 0 
 0 
 0 
 0 
 0 
 0 
 0 
 0 
 0 
 0 
 0 
 0 
 0 
 0 
 0 
 0 
 0 
 0 
 0 
 0 
 0 
 0 
 0 
 0 
 0 
 0 
 0 
 0 
 0 
 0 
 0 
 0 
 0 
 0 
 0 
 0 
 0 
 0 
 0 
 0 
 0 
 0 
 0 
 0 
 0 
 0 
 0 
 0 
 0 
 0 
 0 
 0 
 0 
 0 
 0 
 0 
 0 
 0 
 0 
 0 
 0 
 0 
 0 
 0 
 0 
 0 
 0 
 0 
 0 
 0 
 0 
 0 
 0 
 0 
 0 
 0 
 0 
 0 
 0 
 0 
 0 
 0 
 0 
 0 
 0 
 0 
 0 
 0 
 0 
 0 
 0 
 0 
 0 
 0 
 0 
 0 
 0 
 0 
 0 
 0 
 0 
 0 
 0 
 0 
 0 
 0 
 0 
 0 
 0 
 0 
 0 
 0 
 0 
 0 
 0 
 0 
 0 
 0 
 0 
 0 
 0 
 0 
 0 
 0 
 0 
 0 
 0 
 0 
 0 
 0 
 0 
 0 
 0 
 0 
 0 
 0 
 0 
 0 
 0 
 0 
 0 
 0 
 0 
 0 
 0 
 0 
 0 
 0 
 0 
 0 
 0 
 0 
 0 
 0 
 0 
 0 
 0 
 0 
 0 
 0 
 0 
 0 
 0 
 0 
 0 
 0 
 0 
 0 
 0 
 0 
 0 
 0 
 0 
 0 
 0 
 0 
 0 
 0 
 0 
 0 
 0 
 0 
 0 
 0 
 0 
 0 
 0 
 0 
 0 
 0 
 0 
 0 
 0 
 0 
 0 
 0 
 0 
 0 
 0 
 0 
 0 
 0 
 0 
 0 
 0 
 0 
 0 
 0 
 0 
 0 
 0 
 0 
 0 
 0 
 0 
 0 
 0 
 0 
 0 
 0 
 0 
 0 
 0 
 0 
 0 
 0 
 0 
 0 
 0 
 0 
 0 
 0 
 0 
 0 
 0 
 0 
 0 
 0 
 0 
 0 
 0 
 0 
 0 
 0 
 0 
 0 
 0 
 0 
 0 
 0 
 0 
 0 
 0 
 0 
