 0 
 0 
 0 
 0 
 0 
 0 
 0 
 0 
 0 
 0 
 0 
 0 
 0 
 0 
 0 
 0 
 0 
 0 
 0 
 0 
 0 
 0 
 0 
 0 
 0 
 0 
 0 
 0 
 0 
 0 
 0 
 0 
 0 
 0 
 0 
 0 
 0 
 0 
 0 
 0 
 0 
 0 
 0 
 0 
 0 
 0 
 0 
 0 
 0 
 0 
 0 
 0 
 0 
 0 
 0 
 0 
 0 
 0 
 0 
 0 
 0 
 0 
 0 
 0 
 0 
 0 
 0 
 0 
 0 
 0 
 0 
 0 
 0 
 0 
 0 
 0 
 0 
 0 
 0 
 0 
 0 
 0 
 0 
 0 
 0 
 0 
 0 
 0 
 0 
 0 
 0 
 0 
 0 
 0 
 0 
 0 
 0 
 0 
 0 
 0 
 0 
 0 
 0 
 0 
 0 
 0 
 0 
 0 
 0 
 0 
 0 
 0 
 0 
 0 
 0 
 0 
 0 
 0 
 0 
 0 
 0 
 0 
 0 
 0 
 0 
 0 
 0 
 0 
 0 
 0 
 0 
 0 
 0 
 0 
 0 
 0 
 0 
 0 
 0 
 0 
 0 
 0 
 0 
 0 
 0 
 0 
 0 
 0 
 0 
 0 
 0 
 0 
 0 
 0 
 0 
 0 
 0 
 0 
 0 
 0 
 0 
 0 
 0 
 0 
 0 
 0 
 0 
 0 
 0 
 0 
 0 
 0 
 0 
 0 
 0 
 0 
 0 
 0 
 0 
 0 
 0 
 0 
 0 
 0 
 0 
 0 
 0 
 0 
 0 
 0 
 0 
 0 
 0 
 0 
 0 
 0 
 0 
 0 
 0 
 0 
 0 
 0 
 0 
 0 
 0 
 0 
 0 
 0 
 0 
 0 
 0 
 0 
 0 
 0 
 0 
 0 
 0 
 0 
 0 
 0 
 0 
 0 
 0 
 0 
 0 
 0 
 0 
 0 
 0 
 0 
 0 
 0 
 0 
 0 
 0 
 0 
 0 
 0 
 0 
 0 
 0 
 0 
 0 
 0 
 0 
 0 
 0 
 0 
 0 
 0 
 0 
 0 
 0 
 0 
 0 
 0 
 0 
 0 
 0 
 0 
 0 
 0 
 0 
 0 
 0 
 0 
 0 
 0 
 0 
 0 
 0 
 0 
 0 
 0 
 0 
 0 
 0 
 0 
 0 
 0 
 0 
 0 
 0 
 0 
 0 
 0 
 0 
 0 
 0 
 0 
 0 
 0 
 0 
 0 
 0 
 0 
 0 
 0 
 0 
 0 
 0 
 0 
 0 
 0 
 0 
 0 
 0 
 0 
 0 
 0 
 0 
 0 
 0 
 0 
 0 
 0 
 0 
 0 
 0 
 0 
 0 
 0 
 0 
 0 
 0 
 0 
 0 
 0 
 0 
 0 
 0 
 0 
 0 
 0 
 0 
 0 
 0 
 0 
 0 
 0 
 0 
 0 
 0 
 0 
 0 
 0 
 0 
 0 
 0 
 0 
 0 
 0 
 0 
 0 
 0 
 0 
 0 
 0 
 0 
 0 
 0 
 0 
 0 
 0 
 0 
 0 
 0 
 0 
 0 
 0 
 0 
 0 
 0 
 0 
 0 
 0 
 0 
 0 
 0 
 0 
 0 
 0 
 0 
 0 
 0 
 0 
 0 
 0 
 0 
 0 
 0 
 0 
 0 
 0 
 0 
 0 
 0 
 0 
 0 
 0 
 0 
 0 
 0 
 0 
 0 
 0 
 0 
 0 
 0 
 0 
 0 
 0 
 0 
 0 
 0 
 0 
 0 
 0 
 0 
 0 
 0 
 0 
 0 
 0 
 0 
 0 
 0 
 0 
 0 
 0 
 0 
 0 
 0 
 0 
 0 
 8,46740050804403E-04 
 8,46740050804403E-04 
 8,46740050804403E-04 
 1,69348010160881E-03 
 1,69348010160881E-03 
 2,54022015241321E-03 
 2,54022015241321E-03 
 3,38696020321761E-03 
 4,23370025402202E-03 
 4,23370025402202E-03 
 5,08044030482642E-03 
 5,92718035563082E-03 
 8,46740050804403E-03 
 9,31414055884843E-03 
 1,10076206604572E-02 
 0,012701100762066 
 1,35478408128704E-02 
 1,60880609652837E-02 
 1,69348010160881E-02 
 1,77815410668925E-02 
 2,45554614733277E-02 
 2,70956816257409E-02 
 2,87891617273497E-02 
 2,79424216765453E-02 
 3,04826418289585E-02 
 3,64098221845893E-02 
 3,04826418289585E-02 
 3,13293818797629E-02 
 3,13293818797629E-02 
 2,37087214225233E-02 
 2,28619813717189E-02 
 2,37087214225233E-02 
 2,54022015241321E-02 
 2,62489415749365E-02 
 2,70956816257409E-02 
 3,04826418289585E-02 
 2,70956816257409E-02 
 2,11685012701101E-02 
 2,20152413209145E-02 
 2,11685012701101E-02 
 2,11685012701101E-02 
 2,20152413209145E-02 
 2,20152413209145E-02 
 2,20152413209145E-02 
 2,11685012701101E-02 
 2,20152413209145E-02 
 2,28619813717189E-02 
 2,20152413209145E-02 
 2,70956816257409E-02 
 3,13293818797629E-02 
 3,21761219305673E-02 
 3,30228619813717E-02 
 3,55630821337849E-02 
 3,64098221845893E-02 
 3,47163420829805E-02 
 3,72565622353937E-02 
 3,81033022861981E-02 
 3,89500423370025E-02 
 3,97967823878069E-02 
 4,06435224386113E-02 
 4,14902624894158E-02 
 4,65707027942422E-02 
 4,14902624894158E-02 
 3,89500423370025E-02 
 3,97967823878069E-02 
 3,47163420829805E-02 
 4,91109229466554E-02 
 4,99576629974598E-02 
 5,75783234546994E-02 
 6,26587637595258E-02 
 7,02794242167655E-02 
 0,108382726502964 
 0,104149026248942 
 0,119390347163421 
 0,123624047417443 
 0,158340389500423 
 0,164267569856054 
 8,72142252328535E-02 
 9,82218458933107E-02 
 0,052497883149873 
 5,58848433530906E-02 
 0,056731583403895 
 5,75783234546994E-02 
 5,58848433530906E-02 
 6,18120237087214E-02 
 6,26587637595258E-02 
 6,35055038103302E-02 
 6,77392040643522E-02 
 0,120237087214225 
 0,121930567315834 
 0,126164267569856 
 0,125317527519052 
 0,129551227773074 
 0,1346316680779 
 0,139712108382726 
 0,138018628281118 
 0,143099068585944 
 0,148179508890771 
 0,156646909398815 
 0,148179508890771 
 0,143099068585944 
 0,144792548687553 
 0,156646909398815 
 0,148179508890771 
 0,129551227773074 
 0,148179508890771 
 0,149872988992379 
 0,151566469093988 
 0,153259949195597 
 0,162574089754445 
 0,104149026248942 
 0,10584250635055 
 0,106689246401355 
 0,111769686706181 
 0,112616426756986 
 0,117696867061812 
 0,118543607112616 
 9,56816257408975E-02 
 9,65283657917019E-02 
 9,39881456392887E-02 
 9,90685859441152E-02 
 9,56816257408975E-02 
 8,38272650296359E-02 
 8,46740050804403E-02 
 8,97544453852667E-02 
 9,48348856900931E-02 
 9,14479254868755E-02 
 9,22946655376799E-02 
 9,31414055884843E-02 
 8,89077053344623E-02 
 9,39881456392887E-02 
 9,48348856900931E-02 
 9,14479254868755E-02 
 9,65283657917019E-02 
 0,102455546147333 
 0,102455546147333 
 0,103302286198137 
 0,104149026248942 
 0,104995766299746 
 0,10584250635055 
 0,111769686706181 
 0,107535986452159 
 0,108382726502964 
 0,109229466553768 
 0,115156646909399 
 0,116003386960203 
 0,279424216765453 
 0,281117696867062 
 0,190516511430991 
 0,202370872142252 
 0,370025402201524 
 0,414902624894157 
 0,412362404741744 
 0,414902624894157 
 0,423370025402202 
 0,436917866215072 
 0,471634208298052 
 0,486028789161727 
 0,4614733276884 
 0,47502116850127 
 0,494496189669771 
 0,55969517358171 
 0,563082133784928 
 0,566469093988146 
 0,569009314140559 
 0,572396274343776 
 0,575783234546994 
 0,434377646062659 
 0,337849280270957 
 0,439458086367485 
 0,294665537679932 
 0,308213378492803 
 0,339542760372566 
 0,377646062658764 
 0,373412362404742 
 0,132938187976291 
 0,127857747671465 
 0,128704487722269 
 0,122777307366638 
 0,129551227773074 
 0,124470787468247 
 0,118543607112616 
 0,119390347163421 
 0,119390347163421 
 0,120237087214225 
 0,12108382726503 
 0,12108382726503 
 0,1346316680779 
 0,135478408128704 
 0,136325148179509 
 0,116850127011008 
 0,124470787468247 
 0,118543607112616 
 0,125317527519052 
 0,10584250635055 
 9,31414055884843E-02 
 9,39881456392887E-02 
 9,39881456392887E-02 
 8,80609652836579E-02 
 8,80609652836579E-02 
 8,80609652836579E-02 
 0,102455546147333 
 0,102455546147333 
 0,110076206604572 
 0,110922946655377 
 0,104149026248942 
 0,104149026248942 
 0,104995766299746 
 0,104995766299746 
 0,10584250635055 
 0,11346316680779 
 0,11346316680779 
 0,114309906858594 
 9,99153259949196E-02 
 0,107535986452159 
 0,108382726502964 
 0,108382726502964 
 0,108382726502964 
 0,109229466553768 
 0,131244707874682 
 0,124470787468247 
 0,139712108382726 
 0,132938187976291 
 0,132938187976291 
 0,133784928027096 
 0,133784928027096 
 0,12701100762066 
 0,1346316680779 
 0,127857747671465 
 0,143099068585944 
 0,143945808636749 
 0,128704487722269 
 0,129551227773074 
 0,137171888230313 
 0,130397967823878 
 0,115156646909399 
 0,115156646909399 
 0,123624047417443 
 0,139712108382726 
 0,171041490262489 
 0,171041490262489 
 0,179508890770533 
 0,195596951735817 
 0,204064352243861 
 0,251481795088908 
 0,252328535139712 
 0,308213378492803 
 0,292972057578323 
 0,302286198137172 
 0,374259102455546 
 0,383573243014395 
 0,368331922099915 
 0,376799322607959 
 0,241320914479255 
 0,258255715495343 
 0,250635055038103 
 0,267569856054191 
 0,267569856054191 
 0,252328535139712 
 0,236240474174428 
 0,212531752751905 
 0,171888230313294 
 0,171888230313294 
 0,164267569856054 
 0,165114309906859 
 0,156646909398815 
 0,165114309906859 
 0,173581710414903 
 0,174428450465707 
 0,165961049957663 
 0,158340389500423 
 0,14225232853514 
 0,150719729043184 
 0,159187129551228 
 0,150719729043184 
 0,18458933107536 
 0,193903471634208 
 0,193903471634208 
 0,194750211685013 
 0,177815410668925 
 0,169348010160881 
 0,161727349703641 
 0,161727349703641 
 0,127857747671465 
 0,136325148179509 
 0,127857747671465 
 0,128704487722269 
 0,111769686706181 
 0,111769686706181 
 0,111769686706181 
 0,120237087214225 
 0,120237087214225 
 0,12108382726503 
 0,112616426756986 
 0,112616426756986 
 0,112616426756986 
 0,112616426756986 
 0,112616426756986 
 0,112616426756986 
 0,130397967823878 
 0,139712108382726 
 0,156646909398815 
 0,174428450465707 
 0,174428450465707 
 0,183742591024555 
 0,183742591024555 
 0,201524132091448 
 0,21930567315834 
 0,237087214225233 
 0,210838272650296 
 0,210838272650296 
 0,18458933107536 
 0,264182895850974 
 0,264182895850974 
 0,25571549534293 
 0,25571549534293 
 0,273497036409822 
 0,300592718035563 
 0,371718882303133 
 0,397967823878069 
 0,398814563928874 
 0,770533446232007 
 0,762066045723963 
 0,887383573243014 
 0,887383573243014 
 0,888230313293819 
 0,888230313293819 
 0,889077053344623 
 0,685012701100762 
 0,702794242167655 
 0,702794242167655 
 0,66723116003387 
 0,676545300592718 
 0,677392040643522 
 0,624047417442845 
 0,624047417442845 
 0,596951735817104 
 0,820491109229467 
 0,820491109229467 
 0,820491109229467 
 0,829805249788315 
 0,696020321761219 
 0,731583403895004 
 0,740897544453853 
 0,740897544453853 
 0,731583403895004 
 0,731583403895004 
 0,72311600338696 
 0,749364944961897 
 0,758679085520745 
 0,642675698560542 
 0,562235393734124 
 0,338696020321761 
 0,338696020321761 
 0,330228619813717 
 0,285351397121084 
 0,303132938187976 
 0,338696020321761 
 0,320914479254869 
 0,338696020321761 
 0,338696020321761 
 0,356477561388654 
 0,355630821337849 
 0,355630821337849 
 0,320067739204064 
 0,320067739204064 
 0,320067739204064 
 0,310753598645216 
 0,479254868755292 
 0,425910245554615 
 0,416596104995766 
 0,42506350550381 
 0,416596104995766 
 0,318374259102456 
 0,3268416596105 
 0,309060118543607 
 0,309060118543607 
 0,291278577476715 
 0,309060118543607 
 0,29043183742591 
 0,272650296359018 
 0,264182895850974 
 0,264182895850974 
 0,307366638441998 
 0,307366638441998 
 0,29805249788315 
 0,314987298899238 
 0,367485182049111 
 0,358171041490262 
 0,358171041490262 
 0,375105842506351 
 0,365791701947502 
 0,4614733276884 
 0,478408128704488 
 0,712108382726503 
 0,711261642675699 
 0,70194750211685 
 0,701100762066046 
 0,700254022015241 
 0,337002540220152 
 0,336155800169348 
 0,301439458086367 
 0,258255715495343 
 0,317527519051651 
 0,360711261642676 
 0,359864521591871 
 0,367485182049111 
 0,427603725656224 
 0,435224386113463 
 0,502963590177815 
 0,493649449618967 
 0,535139712108383 
 0,576629974597799 
 0,846740050804403 
 0,845046570702794 
 0,843353090601185 
 0,842506350550381 
 0,840812870448772 
 0,839119390347163 
 0,838272650296359 
 0,83657917019475 
 0,834885690093141 
 0,833192209991533 
 0,832345469940728 
 0,830651989839119 
 0,828958509737511 
 0,827265029635902 
 0,817104149026249 
 0,8077900084674 
 0,822184589331075 
 0,787468247248095 
 0,753598645215919 
 0,75190516511431 
 0,766299745977985 
 0,764606265876376 
 0,519898391193903 
 0,518204911092295 
 0,541913632514818 
 0,58086367485182 
 0,619813717188823 
 0,618120237087214 
 0,616426756985605 
 0,614733276883997 
 0,605419136325148 
 0,683319220999153 
 0,681625740897544 
 0,68839966130398 
 0,710414902624894 
 0,676545300592718 
 0,690939881456393 
 0,704487722269263 
 0,647756138865368 
 0,64606265876376 
 0,65198983911939 
 0,642675698560542 
 0,648602878916173 
 0,646909398814564 
 0,637595258255716 
 0,628281117696867 
 0,633361558001693 
 0,631668077900085 
 0,622353937341236 
 0,552074513124471 
 0,626587637595258 
 0,624047417442845 
 0,622353937341236 
 0,635055038103302 
 0,58848433530906 
 0,586790855207451 
 0,585097375105842 
 0,590177815410669 
 0,58848433530906 
 0,593564775613887 
 0,569856054191363 
 0,625740897544454 
 0,457239627434378 
 0,477561388653683 
 0,388653683319221 
 0,387806943268417 
 0,393734123624047 
 0,406435224386113 
 0,41151566469094 
 0,389500423370025 
 0,331075359864522 
 0,322607959356478 
 0,321761219305673 
 0,578323454699407 
 0,575783234546994 
 0,56731583403895 
 0,358171041490262 
 0,247248094834886 
 0,266723116003387 
 0,170194750211685 
 0,15580016934801 
 0,161727349703641 
 0,167654530059272 
 0,167654530059272 
 0,179508890770533 
 0,185436071126164 
 0,18458933107536 
 0,190516511430991 
 0,189669771380186 
 0,208298052497883 
 0,200677392040644 
 0,193903471634208 
 0,20575783234547 
 0,210838272650296 
 0,204064352243861 
 0,196443691786621 
 0,195596951735817 
 0,176121930567316 
 0,193903471634208 
 0,198983911939035 
 0,204064352243861 
 0,209144792548688 
 0,299745977984759 
 0,322607959356478 
 0,266723116003387 
 0,270956816257409 
 0,276037256562235 
 0,268416596104996 
 0,284504657070279 
 0,383573243014395 
 0,381033022861981 
 0,431837425910246 
 0,278577476714649 
 0,282811176968671 
 0,275190516511431 
 0,387806943268417 
 0,334462320067739 
 0,320914479254869 
 0,313293818797629 
 0,317527519051651 
 0,342929720575783 
 0,346316680779001 
 0,322607959356478 
 0,309060118543607 
 0,307366638441998 
 0,305673158340389 
 0,281964436917866 
 0,402201524132091 
 0,393734123624047 
 0,506350550381033 
 0,502963590177815 
 0,417442845046571 
 0,408975444538527 
 0,401354784081287 
 0,252328535139712 
 0,29043183742591 
 0,43268416596105 
 0,429297205757832 
 0,401354784081287 
 0,398814563928874 
 0,395427603725656 
 0,436071126164268 
 0,337849280270957 
 0,315834038950042 
 0,318374259102456 
 0,413209144792549 
 0,414902624894157 
 0,406435224386113 
 0,403048264182896 
 0,391193903471634 
 0,370025402201524 
 0,362404741744284 
 0,354784081287045 
 0,34801016088061 
 0,344623200677392 
 0,350550381033023 
 0,338696020321761 
 0,335309060118544 
 0,328535139712108 
 0,325148179508891 
 0,395427603725656 
 0,392040643522439 
 0,356477561388654 
 0,348856900931414 
 0,337849280270957 
 0,334462320067739 
 0,331075359864522 
 0,331922099915326 
 0,331922099915326 
 0,291278577476715 
 0,328535139712108 
 0,318374259102456 
 0,314140558848434 
 0,125317527519052 
 0,131244707874682 
 0,126164267569856 
 0,117696867061812 
 0,112616426756986 
 0,115156646909399 
 0,116850127011008 
 0,118543607112616 
 0,120237087214225 
 0,109229466553768 
 0,110922946655377 
 0,110076206604572 
 0,108382726502964 
 0,238780694326842 
 0,235393734123624 
 0,29805249788315 
 0,293818797629128 
 0,29043183742591 
 0,286198137171888 
 0,281964436917866 
 0,277730736663844 
 0,274343776460627 
 0,270110076206605 
 0,265876375952583 
 0,262489415749365 
 0,258255715495343 
 0,254022015241321 
 0,249788314987299 
 0,246401354784081 
 0,242167654530059 
 0,237933954276037 
 0,233700254022015 
 0,230313293818798 
 0,193903471634208 
 0,188823031329382 
 0,185436071126164 
 0,183742591024555 
 0,187129551227773 
 0,181202370872142 
 0,182049110922947 
 0,174428450465707 
 0,168501270110076 
 0,159187129551228 
 0,156646909398815 
 0,150719729043184 
 0,145639288738357 
 0,144792548687553 
 0,151566469093988 
 0,11346316680779 
 0,108382726502964 
 9,48348856900931E-02 
 0,110076206604572 
 0,108382726502964 
 0,146486028789162 
 0,143099068585944 
 0,138865368331922 
 0,135478408128704 
 0,131244707874682 
 0,127857747671465 
 0,123624047417443 
 0,110076206604572 
 9,99153259949196E-02 
 9,82218458933107E-02 
 9,48348856900931E-02 
 9,22946655376799E-02 
 0,101608806096528 
 9,82218458933107E-02 
 9,39881456392887E-02 
 8,89077053344623E-02 
 7,70533446232007E-02 
 0,065198983911939 
 5,33446232006774E-02 
 3,89500423370025E-02 
 3,64098221845893E-02 
 0,044030482641829 
 4,23370025402202E-02 
 3,97967823878069E-02 
 3,21761219305673E-02 
 3,04826418289585E-02 
 1,69348010160881E-02 
 1,69348010160881E-02 
 1,52413209144793E-02 
 1,35478408128704E-02 
 0,012701100762066 
 1,18543607112616E-02 
 1,18543607112616E-02 
 1,10076206604572E-02 
 9,31414055884843E-03 
 8,46740050804403E-03 
 9,31414055884843E-03 
 9,31414055884843E-03 
 7,62066045723963E-03 
 6,77392040643522E-03 
 5,92718035563082E-03 
 5,08044030482642E-03 
 5,08044030482642E-03 
 4,23370025402202E-03 
 5,08044030482642E-03 
 4,23370025402202E-03 
 1,69348010160881E-03 
 1,69348010160881E-03 
 1,69348010160881E-03 
 8,46740050804403E-04 
 8,46740050804403E-04 
 1,69348010160881E-03 
 8,46740050804403E-04 
 8,46740050804403E-04 
 8,46740050804403E-04 
 0 
 0 
 0 
 0 
 0 
 0 
 0 
 0 
 0 
 0 
 0 
 0 
 0 
 0 
 0 
 0 
 0 
 0 
 0 
 0 
 0 
 0 
 0 
 0 
 0 
 0 
 0 
 0 
 0 
 0 
 0 
 0 
 0 
 0 
 0 
 0 
 0 
 0 
 0 
 0 
 0 
 0 
 0 
 0 
 0 
 0 
 0 
 0 
 0 
 0 
 0 
 0 
 0 
 0 
 0 
 0 
 0 
 0 
 0 
 0 
 0 
 0 
 0 
 0 
 0 
 0 
 0 
 0 
 0 
 0 
 0 
 0 
 0 
 0 
 0 
 0 
 0 
 0 
 0 
 0 
 0 
 0 
 0 
 0 
 0 
 0 
 0 
 0 
 0 
 0 
 0 
 0 
 0 
 0 
 0 
 0 
 0 
 0 
 0 
 0 
 0 
 0 
 0 
 0 
 0 
 0 
 0 
 0 
 0 
 0 
 0 
 0 
 0 
 0 
 0 
 0 
 0 
 0 
 0 
 0 
 0 
 0 
 0 
 0 
 0 
 0 
 0 
 0 
 0 
 0 
 0 
 0 
 0 
 0 
 0 
 0 
 0 
 0 
 0 
 0 
 0 
 0 
 0 
 0 
 0 
 0 
 0 
 0 
 0 
 0 
 0 
 0 
 0 
 0 
 0 
 0 
 0 
 0 
 0 
 0 
 0 
 0 
 0 
 0 
 0 
 0 
 0 
 0 
 0 
 0 
 0 
 0 
 0 
 0 
 0 
 0 
 0 
 0 
 0 
 0 
 0 
 0 
 0 
 0 
 0 
 0 
 0 
 0 
 0 
 0 
 0 
 0 
 0 
 0 
 0 
 0 
 0 
 0 
 0 
 0 
 0 
 0 
 0 
 0 
 0 
 0 
 0 
 0 
 0 
 0 
 0 
 0 
 0 
 0 
 0 
 0 
 0 
 0 
 0 
 0 
 0 
 0 
 0 
 0 
 0 
 0 
 0 
 0 
 0 
 0 
 0 
 0 
 0 
 0 
 0 
 0 
 0 
 0 
 0 
 0 
 0 
 0 
 0 
 0 
 0 
 0 
 0 
 0 
 0 
 0 
 0 
 0 
 0 
 0 
 0 
 0 
 0 
 0 
 0 
 0 
 0 
 0 
 0 
 0 
 0 
 0 
 0 
 0 
 0 
 0 
 0 
 0 
 0 
 0 
 0 
 0 
 0 
 0 
 0 
 0 
 0 
 0 
 0 
 0 
 0 
 0 
 0 
 0 
 0 
 0 
 0 
 0 
 0 
 0 
 0 
 0 
 0 
 0 
 0 
 0 
 0 
 0 
 0 
 0 
 0 
 0 
 0 
 0 
 0 
 0 
 0 
