 0 
 0 
 0 
 0 
 0 
 0 
 0 
 0 
 0 
 0 
 0 
 0 
 0 
 0 
 0 
 0 
 0 
 0 
 0 
 0 
 0 
 0 
 0 
 0 
 0 
 0 
 0 
 0 
 0 
 0 
 0 
 0 
 0 
 0 
 0 
 0 
 0 
 0 
 0 
 0 
 0 
 0 
 0 
 0 
 0 
 0 
 0 
 0 
 0 
 0 
 0 
 0 
 0 
 0 
 0 
 0 
 0 
 0 
 0 
 0 
 0 
 0 
 0 
 0 
 0 
 0 
 0 
 0 
 0 
 0 
 0 
 0 
 0 
 0 
 0 
 0 
 0 
 0 
 0 
 0 
 0 
 0 
 0 
 0 
 0 
 0 
 0 
 0 
 0 
 0 
 0 
 0 
 0 
 0 
 0 
 0 
 0 
 0 
 0 
 0 
 0 
 0 
 0 
 0 
 0 
 0 
 0 
 0 
 0 
 0 
 0 
 0 
 0 
 0 
 0 
 0 
 0 
 0 
 0 
 0 
 0 
 0 
 0 
 0 
 0 
 0 
 0 
 0 
 0 
 0 
 0 
 0 
 0 
 0 
 0 
 0 
 0 
 0 
 0 
 0 
 0 
 0 
 0 
 0 
 0 
 0 
 0 
 0 
 0 
 0 
 0 
 0 
 0 
 0 
 0 
 0 
 0 
 0 
 0 
 0 
 0 
 0 
 0 
 0 
 0 
 0 
 0 
 0 
 0 
 0 
 0 
 0 
 0 
 0 
 0 
 0 
 0 
 0 
 0 
 0 
 0 
 0 
 0 
 0 
 0 
 0 
 0 
 0 
 0 
 0 
 0 
 0 
 0 
 0 
 0 
 0 
 0 
 0 
 0 
 0 
 0 
 0 
 0 
 0 
 0 
 0 
 0 
 0 
 0 
 0 
 0 
 0 
 0 
 0 
 0 
 0 
 0 
 0 
 0 
 0 
 0 
 0 
 0 
 0 
 0 
 0 
 0 
 0 
 0 
 0 
 0 
 0 
 0 
 0 
 0 
 0 
 0 
 0 
 0 
 0 
 0 
 0 
 0 
 0 
 0 
 0 
 0 
 0 
 0 
 0 
 0 
 0 
 0 
 0 
 0 
 0 
 0 
 0 
 0 
 0 
 0 
 0 
 0 
 0 
 0 
 0 
 0 
 0 
 0 
 0 
 0 
 0 
 0 
 0 
 0 
 0 
 0 
 0 
 0 
 0 
 0 
 0 
 0 
 0 
 0 
 0 
 0 
 0 
 0 
 0 
 0 
 0 
 0 
 0 
 0 
 0 
 0 
 0 
 0 
 0 
 0 
 0 
 0 
 0 
 0 
 0 
 0 
 0 
 0 
 0 
 0 
 0 
 0 
 0 
 0 
 0 
 0 
 0 
 0 
 0 
 0 
 0 
 0 
 0 
 0 
 0 
 0 
 0 
 0 
 0 
 0 
 0 
 0 
 0 
 0 
 0 
 0 
 0 
 0 
 0 
 0 
 0 
 0 
 0 
 0 
 0 
 0 
 0 
 0 
 0 
 0 
 0 
 0 
 0 
 0 
 0 
 0 
 0 
 0 
 0 
 0 
 0 
 0 
 0 
 0 
 0 
 0 
 0 
 0 
 0 
 0 
 0 
 0 
 0 
 0 
 0 
 0 
 0 
 0 
 0 
 0 
 0 
 0 
 0 
 0 
 0 
 0 
 0 
 0 
 0 
 0 
 0 
 0 
 0 
 0 
 0 
 0 
 0 
 0 
 0 
 0 
 0 
 0 
 0 
 0 
 0 
 0 
 0 
 0 
 0 
 0 
 0 
 0 
 0 
 0 
 0 
 0 
 0 
 0 
 0 
 0 
 0 
 0 
 0 
 0 
 0 
 0 
 0 
 0 
 0 
 0 
 0 
 0 
 0 
 0 
 0 
 8,46740050804403E-04 
 8,46740050804403E-04 
 8,46740050804403E-04 
 8,46740050804403E-04 
 1,69348010160881E-03 
 1,69348010160881E-03 
 1,69348010160881E-03 
 2,54022015241321E-03 
 3,38696020321761E-03 
 3,38696020321761E-03 
 4,23370025402202E-03 
 5,08044030482642E-03 
 1,18543607112616E-02 
 1,86282811176969E-02 
 2,11685012701101E-02 
 2,28619813717189E-02 
 2,54022015241321E-02 
 2,79424216765453E-02 
 2,79424216765453E-02 
 3,04826418289585E-02 
 3,30228619813717E-02 
 3,47163420829805E-02 
 2,45554614733277E-02 
 2,54022015241321E-02 
 3,04826418289585E-02 
 3,21761219305673E-02 
 3,64098221845893E-02 
 3,89500423370025E-02 
 0,044030482641829 
 4,57239627434378E-02 
 0,048264182895851 
 5,16511430990686E-02 
 5,92718035563082E-02 
 6,18120237087214E-02 
 6,43522438611346E-02 
 6,85859441151566E-02 
 7,19729043183743E-02 
 7,45131244707875E-02 
 5,84250635055038E-02 
 0,060965283657917 
 0,052497883149873 
 4,57239627434378E-02 
 4,65707027942422E-02 
 4,74174428450466E-02 
 0,052497883149873 
 0,052497883149873 
 5,33446232006774E-02 
 5,33446232006774E-02 
 5,33446232006774E-02 
 6,18120237087214E-02 
 6,26587637595258E-02 
 0,12108382726503 
 0,124470787468247 
 0,128704487722269 
 0,109229466553768 
 0,107535986452159 
 0,108382726502964 
 0,117696867061812 
 0,123624047417443 
 0,128704487722269 
 0,1346316680779 
 0,138018628281118 
 0,143099068585944 
 0,157493649449619 
 0,171888230313294 
 0,176121930567316 
 0,175275190516511 
 0,178662150719729 
 0,180355630821338 
 0,185436071126164 
 0,187129551227773 
 0,192209991532599 
 0,196443691786621 
 0,206604572396274 
 0,207451312447079 
 6,85859441151566E-02 
 7,02794242167655E-02 
 7,11261642675699E-02 
 0,137171888230313 
 0,121930567315834 
 0,128704487722269 
 8,63674851820491E-02 
 7,95935647756139E-02 
 7,28196443691787E-02 
 7,11261642675699E-02 
 7,19729043183743E-02 
 7,28196443691787E-02 
 7,70533446232007E-02 
 8,12870448772227E-02 
 7,62066045723963E-02 
 7,70533446232007E-02 
 7,87468247248095E-02 
 7,36663844199831E-02 
 7,45131244707875E-02 
 8,12870448772227E-02 
 8,29805249788315E-02 
 8,97544453852667E-02 
 8,80609652836579E-02 
 7,62066045723963E-02 
 8,04403048264183E-02 
 8,12870448772227E-02 
 7,87468247248095E-02 
 8,29805249788315E-02 
 7,70533446232007E-02 
 7,45131244707875E-02 
 7,53598645215919E-02 
 7,62066045723963E-02 
 7,70533446232007E-02 
 7,36663844199831E-02 
 7,11261642675699E-02 
 6,43522438611346E-02 
 5,33446232006774E-02 
 5,75783234546994E-02 
 5,08044030482642E-02 
 5,08044030482642E-02 
 5,16511430990686E-02 
 5,58848433530906E-02 
 0,060965283657917 
 0,060965283657917 
 6,60457239627434E-02 
 7,02794242167655E-02 
 7,53598645215919E-02 
 8,46740050804403E-02 
 9,82218458933107E-02 
 9,90685859441152E-02 
 0,104149026248942 
 0,109229466553768 
 0,123624047417443 
 0,124470787468247 
 0,107535986452159 
 0,339542760372566 
 0,342082980524979 
 0,423370025402202 
 0,422523285351397 
 0,444538526672312 
 0,442845046570703 
 0,47502116850127 
 0,478408128704488 
 0,48264182895851 
 0,486028789161727 
 0,489415749364945 
 0,492802709568163 
 0,497036409822185 
 0,495342929720576 
 0,50381033022862 
 0,507197290431837 
 0,510584250635055 
 0,514817950889077 
 0,518204911092295 
 0,521591871295512 
 0,52497883149873 
 0,528365791701948 
 0,531752751905165 
 0,52497883149873 
 0,528365791701948 
 0,520745131244708 
 0,419983065198984 
 0,422523285351397 
 0,464013547840813 
 0,472480948348857 
 0,480948348856901 
 0,331922099915326 
 0,322607959356478 
 0,336155800169348 
 0,435224386113463 
 0,414902624894157 
 0,41151566469094 
 0,471634208298052 
 0,480101608806097 
 0,483488569009314 
 0,480101608806097 
 0,476714648602879 
 0,4614733276884 
 0,469940728196444 
 0,49618966977138 
 0,498729889923793 
 0,483488569009314 
 0,516511430990686 
 0,519051651143099 
 0,453005927180356 
 0,4614733276884 
 0,627434377646063 
 0,629974597798476 
 0,633361558001693 
 0,635901778154107 
 0,639288738357324 
 0,642675698560542 
 0,645215918712955 
 0,648602878916173 
 0,651143099068586 
 0,654530059271804 
 0,657070279424217 
 0,65961049957663 
 0,662997459779848 
 0,665537679932261 
 0,668924640135478 
 0,671464860287892 
 0,674005080440305 
 0,677392040643522 
 0,679932260795936 
 0,682472480948349 
 0,685859441151566 
 0,68839966130398 
 0,690939881456393 
 0,569009314140559 
 0,696867061812024 
 0,699407281964437 
 0,70194750211685 
 0,704487722269263 
 0,707027942421677 
 0,70956816257409 
 0,712108382726503 
 0,714648602878916 
 0,717188823031329 
 0,719729043183743 
 0,722269263336156 
 0,724809483488569 
 0,727349703640982 
 0,729889923793395 
 0,732430143945809 
 0,734970364098222 
 0,737510584250635 
 0,740050804403048 
 0,719729043183743 
 0,745131244707875 
 0,746824724809483 
 0,749364944961897 
 0,75190516511431 
 0,693480101608806 
 0,711261642675699 
 0,697713801862828 
 0,578323454699407 
 0,625740897544454 
 0,635055038103302 
 0,636748518204911 
 0,631668077900085 
 0,640982218458933 
 0,541913632514818 
 0,325994919559695 
 0,342929720575783 
 0,343776460626588 
 0,352243861134632 
 0,29043183742591 
 0,298899237933954 
 0,480948348856901 
 0,450465707027942 
 0,452159187129551 
 0,365791701947502 
 0,3268416596105 
 0,327688399661304 
 0,336155800169348 
 0,344623200677392 
 0,248941574936494 
 0,41913632514818 
 0,387806943268417 
 0,397121083827265 
 0,405588484335309 
 0,423370025402202 
 0,456392887383573 
 0,457239627434378 
 0,343776460626588 
 0,328535139712108 
 0,386113463166808 
 0,568162574089754 
 0,363251481795089 
 0,44623200677392 
 0,314987298899238 
 0,24047417442845 
 0,249788314987299 
 0,258255715495343 
 0,266723116003387 
 0,292972057578323 
 0,27688399661304 
 0,268416596104996 
 0,277730736663844 
 0,277730736663844 
 0,278577476714649 
 0,278577476714649 
 0,228619813717189 
 0,220152413209145 
 0,237933954276037 
 0,280270956816257 
 0,289585097375106 
 0,281117696867062 
 0,614733276883997 
 0,633361558001693 
 0,625740897544454 
 0,635055038103302 
 0,635901778154107 
 0,662150719729043 
 0,379339542760373 
 0,422523285351397 
 0,405588484335309 
 0,397967823878069 
 0,397967823878069 
 0,268416596104996 
 0,294665537679932 
 0,295512277730737 
 0,303979678238781 
 0,313293818797629 
 0,304826418289585 
 0,305673158340389 
 0,323454699407282 
 0,314987298899238 
 0,288738357324301 
 0,288738357324301 
 0,21930567315834 
 0,227773073666384 
 0,21930567315834 
 0,254868755292125 
 0,254868755292125 
 0,246401354784081 
 0,25571549534293 
 0,25571549534293 
 0,265029635901778 
 0,265029635901778 
 0,256562235393734 
 0,256562235393734 
 0,24809483488569 
 0,265876375952583 
 0,274343776460627 
 0,275190516511431 
 0,275190516511431 
 0,24809483488569 
 0,160033869602032 
 0,186282811176969 
 0,204064352243861 
 0,195596951735817 
 0,187129551227773 
 0,187129551227773 
 0,187129551227773 
 0,187129551227773 
 0,222692633361558 
 0,232006773920406 
 0,24047417442845 
 0,232006773920406 
 0,222692633361558 
 0,232006773920406 
 0,294665537679932 
 0,285351397121084 
 0,294665537679932 
 0,285351397121084 
 0,27688399661304 
 0,320914479254869 
 0,320914479254869 
 0,312447078746825 
 0,303132938187976 
 0,357324301439458 
 0,357324301439458 
 0,357324301439458 
 0,34801016088061 
 0,34801016088061 
 0,383573243014395 
 0,374259102455546 
 0,606265876375953 
 0,624047417442845 
 0,65961049957663 
 0,775613886536833 
 0,774767146486029 
 0,810330228619814 
 0,889923793395428 
 0,889923793395428 
 0,889923793395428 
 0,889077053344623 
 0,84419983065199 
 0,84419983065199 
 0,834885690093141 
 0,834038950042337 
 0,816257408975445 
 0,842506350550381 
 0,850973751058425 
 0,832345469940728 
 0,832345469940728 
 0,822184589331075 
 0,812870448772227 
 0,803556308213379 
 0,767993226079594 
 0,776460626587638 
 0,757832345469941 
 0,387806943268417 
 0,396274343776461 
 0,316680779000847 
 0,307366638441998 
 0,307366638441998 
 0,280270956816257 
 0,271803556308213 
 0,218458933107536 
 0,209991532599492 
 0,22692633361558 
 0,287891617273497 
 0,270110076206605 
 0,278577476714649 
 0,260795935647756 
 0,573243014394581 
 0,720575783234547 
 0,814563928873836 
 0,528365791701948 
 0,43268416596105 
 0,414902624894157 
 0,370872142252329 
 0,36155800169348 
 0,36155800169348 
 0,36917866215072 
 0,386113463166808 
 0,436917866215072 
 0,470787468247248 
 0,444538526672312 
 0,460626587637595 
 0,485182049110923 
 0,34038950042337 
 0,46740050804403 
 0,458086367485182 
 0,457239627434378 
 0,430990685859441 
 0,548687552921253 
 0,480101608806097 
 0,445385266723116 
 0,512277730736664 
 0,528365791701948 
 0,510584250635055 
 0,551227773073666 
 0,650296359017781 
 0,648602878916173 
 0,830651989839119 
 0,828958509737511 
 0,827265029635902 
 0,825571549534293 
 0,823878069432684 
 0,822184589331075 
 0,820491109229467 
 0,79424216765453 
 0,767993226079594 
 0,741744284504657 
 0,756985605419136 
 0,755292125317528 
 0,769686706181202 
 0,719729043183743 
 0,718035563082134 
 0,716342082980525 
 0,7307366638442 
 0,801016088060965 
 0,798475867908552 
 0,796782387806943 
 0,795088907705334 
 0,793395427603726 
 0,790855207451312 
 0,789161727349704 
 0,78662150719729 
 0,784928027095682 
 0,783234546994073 
 0,608806096528366 
 0,607112616426757 
 0,65198983911939 
 0,650296359017781 
 0,687552921253175 
 0,685012701100762 
 0,392040643522439 
 0,39034716342083 
 0,374259102455546 
 0,365791701947502 
 0,341236240474174 
 0,33276883996613 
 0,331922099915326 
 0,383573243014395 
 0,427603725656224 
 0,381033022861981 
 0,447078746824725 
 0,423370025402202 
 0,591871295512278 
 0,590177815410669 
 0,728196443691787 
 0,733276883996613 
 0,7307366638442 
 0,728196443691787 
 0,725656223539373 
 0,72311600338696 
 0,720575783234547 
 0,718035563082134 
 0,715495342929721 
 0,712955122777307 
 0,710414902624894 
 0,707874682472481 
 0,704487722269263 
 0,596951735817104 
 0,594411515664691 
 0,592718035563082 
 0,590177815410669 
 0,587637595258256 
 0,585097375105842 
 0,453005927180356 
 0,58086367485182 
 0,571549534292972 
 0,555461473327688 
 0,552921253175275 
 0,497036409822185 
 0,341236240474174 
 0,313293818797629 
 0,325148179508891 
 0,337002540220152 
 0,335309060118544 
 0,333615580016935 
 0,117696867061812 
 0,110076206604572 
 0,116003386960203 
 0,109229466553768 
 0,115156646909399 
 0,114309906858594 
 9,48348856900931E-02 
 9,48348856900931E-02 
 0,100762066045724 
 0,118543607112616 
 0,124470787468247 
 0,14225232853514 
 0,147332768839966 
 0,153259949195597 
 0,158340389500423 
 0,157493649449619 
 0,162574089754445 
 0,161727349703641 
 0,190516511430991 
 0,183742591024555 
 0,165114309906859 
 0,176121930567316 
 0,186282811176969 
 0,191363251481795 
 0,190516511430991 
 0,194750211685013 
 0,204911092294666 
 0,181202370872142 
 0,191363251481795 
 0,173581710414903 
 0,15580016934801 
 0,149026248941575 
 0,143099068585944 
 0,153259949195597 
 0,157493649449619 
 0,172734970364098 
 0,171888230313294 
 0,170194750211685 
 0,169348010160881 
 0,168501270110076 
 0,151566469093988 
 0,150719729043184 
 0,149026248941575 
 0,153259949195597 
 0,147332768839966 
 0,141405588484335 
 0,125317527519052 
 0,124470787468247 
 0,132938187976291 
 0,151566469093988 
 0,160880609652837 
 0,164267569856054 
 0,167654530059272 
 0,152413209144793 
 0,150719729043184 
 0,135478408128704 
 0,125317527519052 
 0,128704487722269 
 0,118543607112616 
 0,117696867061812 
 0,12108382726503 
 0,116003386960203 
 0,115156646909399 
 0,118543607112616 
 0,126164267569856 
 0,129551227773074 
 0,127857747671465 
 0,313293818797629 
 0,27688399661304 
 0,394580863674852 
 0,197290431837426 
 0,183742591024555 
 0,189669771380186 
 0,152413209144793 
 0,154953429297206 
 0,17696867061812 
 0,19813717188823 
 0,173581710414903 
 0,171888230313294 
 0,169348010160881 
 0,186282811176969 
 0,17696867061812 
 0,164267569856054 
 0,18458933107536 
 0,171888230313294 
 0,222692633361558 
 0,244707874682472 
 0,259102455546147 
 0,191363251481795 
 0,310753598645216 
 0,220152413209145 
 0,194750211685013 
 0,20575783234547 
 0,203217612193057 
 0,197290431837426 
 0,147332768839966 
 0,149026248941575 
 0,1346316680779 
 0,129551227773074 
 0,125317527519052 
 0,123624047417443 
 0,249788314987299 
 0,251481795088908 
 0,262489415749365 
 0,258255715495343 
 0,186282811176969 
 0,183742591024555 
 0,178662150719729 
 0,181202370872142 
 0,180355630821338 
 0,182895850973751 
 0,185436071126164 
 0,179508890770533 
 0,140558848433531 
 8,80609652836579E-02 
 9,14479254868755E-02 
 0,112616426756986 
 0,110922946655377 
 0,106689246401355 
 9,56816257408975E-02 
 8,55207451312447E-02 
 7,79000846740051E-02 
 7,79000846740051E-02 
 7,28196443691787E-02 
 6,68924640135478E-02 
 6,77392040643522E-02 
 6,26587637595258E-02 
 7,02794242167655E-02 
 0,069432684165961 
 5,84250635055038E-02 
 5,58848433530906E-02 
 5,75783234546994E-02 
 5,84250635055038E-02 
 6,01185436071126E-02 
 6,01185436071126E-02 
 0,052497883149873 
 5,08044030482642E-02 
 0,048264182895851 
 0,044030482641829 
 4,14902624894158E-02 
 7,19729043183743E-02 
 7,19729043183743E-02 
 0,127857747671465 
 0,123624047417443 
 0,120237087214225 
 0,116003386960203 
 0,112616426756986 
 0,109229466553768 
 0,104995766299746 
 0,101608806096528 
 9,82218458933107E-02 
 9,39881456392887E-02 
 9,06011854360711E-02 
 8,72142252328535E-02 
 8,38272650296359E-02 
 8,04403048264183E-02 
 7,70533446232007E-02 
 7,36663844199831E-02 
 7,02794242167655E-02 
 6,68924640135478E-02 
 6,35055038103302E-02 
 4,57239627434378E-02 
 4,14902624894158E-02 
 3,81033022861981E-02 
 4,48772226926334E-02 
 4,23370025402202E-02 
 4,31837425910246E-02 
 2,45554614733277E-02 
 2,11685012701101E-02 
 1,94750211685013E-02 
 1,77815410668925E-02 
 1,43945808636749E-02 
 1,18543607112616E-02 
 1,10076206604572E-02 
 9,31414055884843E-03 
 8,46740050804403E-03 
 6,77392040643522E-03 
 5,92718035563082E-03 
 5,08044030482642E-03 
 4,23370025402202E-03 
 3,38696020321761E-03 
 2,54022015241321E-03 
 1,69348010160881E-03 
 1,69348010160881E-03 
 1,69348010160881E-03 
 8,46740050804403E-04 
 8,46740050804403E-04 
 8,46740050804403E-04 
 8,46740050804403E-04 
 8,46740050804403E-04 
 0 
 0 
 0 
 0 
 0 
 0 
 0 
 0 
 0 
 0 
 0 
 0 
 0 
 0 
 0 
 0 
 0 
 0 
 0 
 0 
 0 
 0 
 0 
 0 
 0 
 0 
 0 
 0 
 0 
 0 
 0 
 0 
 0 
 0 
 0 
 0 
 0 
 0 
 0 
 0 
 0 
 0 
 0 
 0 
 0 
 0 
 0 
 0 
 0 
 0 
 0 
 0 
 0 
 0 
 0 
 0 
 0 
 0 
 0 
 0 
 0 
 0 
 0 
 0 
 0 
 0 
 0 
 0 
 0 
 0 
 0 
 0 
 0 
 0 
 0 
 0 
 0 
 0 
 0 
 0 
 0 
 0 
 0 
 0 
 0 
 0 
 0 
 0 
 0 
 0 
 0 
 0 
 0 
 0 
 0 
 0 
 0 
 0 
 0 
 0 
 0 
 0 
 0 
 0 
 0 
 0 
 0 
 0 
 0 
 0 
 0 
 0 
 0 
 0 
 0 
 0 
 0 
 0 
 0 
 0 
 0 
 0 
 0 
 0 
 0 
 0 
 0 
 0 
 0 
 0 
 0 
 0 
 0 
 0 
 0 
 0 
 0 
 0 
 0 
 0 
 0 
 0 
 0 
 0 
 0 
 0 
 0 
 0 
 0 
 0 
 0 
 0 
 0 
 0 
 0 
 0 
 0 
 0 
 0 
 0 
 0 
 0 
 0 
 0 
 0 
 0 
 0 
 0 
 0 
 0 
 0 
 0 
 0 
 0 
 0 
 0 
 0 
 0 
 0 
 0 
 0 
 0 
 0 
 0 
 0 
 0 
 0 
 0 
 0 
 0 
 0 
 0 
 0 
 0 
 0 
 0 
 0 
 0 
 0 
 0 
 0 
 0 
 0 
 0 
 0 
 0 
 0 
 0 
 0 
 0 
 0 
 0 
 0 
 0 
 0 
 0 
 0 
 0 
 0 
 0 
 0 
 0 
 0 
 0 
 0 
 0 
 0 
 0 
 0 
 0 
 0 
 0 
 0 
 0 
 0 
 0 
 0 
 0 
 0 
 0 
 0 
 0 
 0 
 0 
 0 
 0 
 0 
 0 
 0 
 0 
 0 
 0 
 0 
 0 
 0 
 0 
 0 
 0 
 0 
 0 
 0 
 0 
 0 
 0 
 0 
 0 
 0 
 0 
 0 
 0 
 0 
 0 
 0 
 0 
 0 
 0 
 0 
 0 
 0 
 0 
 0 
 0 
 0 
 0 
 0 
 0 
 0 
 0 
 0 
 0 
 0 
 0 
 0 
 0 
 0 
 0 
 0 
 0 
 0 
 0 
 0 
 0 
 0 
 0 
 0 
 0 
 0 
 0 
 0 
 0 
 0 
 0 
 0 
