 0 
 0 
 0 
 0 
 0 
 0 
 0 
 0 
 0 
 0 
 0 
 0 
 0 
 0 
 0 
 0 
 0 
 0 
 0 
 0 
 0 
 0 
 0 
 0 
 0 
 0 
 0 
 0 
 0 
 0 
 0 
 0 
 0 
 0 
 0 
 0 
 0 
 0 
 0 
 0 
 0 
 0 
 0 
 0 
 0 
 0 
 0 
 0 
 0 
 0 
 0 
 0 
 0 
 0 
 0 
 0 
 0 
 0 
 0 
 0 
 0 
 0 
 0 
 0 
 0 
 0 
 0 
 0 
 0 
 0 
 0 
 0 
 0 
 0 
 0 
 0 
 0 
 0 
 0 
 0 
 0 
 0 
 0 
 0 
 0 
 0 
 0 
 0 
 0 
 0 
 0 
 0 
 0 
 0 
 0 
 0 
 0 
 0 
 0 
 0 
 0 
 0 
 0 
 0 
 0 
 0 
 0 
 0 
 0 
 0 
 0 
 0 
 0 
 0 
 0 
 0 
 0 
 0 
 0 
 0 
 0 
 0 
 0 
 0 
 0 
 0 
 0 
 0 
 0 
 0 
 0 
 0 
 0 
 0 
 0 
 0 
 0 
 0 
 0 
 0 
 0 
 0 
 0 
 0 
 0 
 0 
 0 
 0 
 0 
 0 
 0 
 0 
 0 
 0 
 0 
 0 
 0 
 0 
 0 
 0 
 0 
 0 
 0 
 0 
 0 
 0 
 0 
 0 
 0 
 0 
 0 
 0 
 0 
 0 
 0 
 0 
 0 
 0 
 0 
 0 
 0 
 0 
 0 
 0 
 0 
 0 
 0 
 0 
 0 
 0 
 0 
 0 
 0 
 0 
 0 
 0 
 0 
 0 
 0 
 0 
 0 
 0 
 0 
 0 
 0 
 0 
 0 
 0 
 0 
 0 
 0 
 0 
 0 
 0 
 0 
 0 
 0 
 0 
 0 
 0 
 0 
 0 
 0 
 0 
 0 
 0 
 0 
 0 
 0 
 0 
 0 
 0 
 0 
 0 
 0 
 0 
 0 
 0 
 0 
 0 
 0 
 0 
 0 
 0 
 0 
 0 
 0 
 0 
 0 
 0 
 0 
 0 
 0 
 0 
 0 
 0 
 0 
 0 
 0 
 0 
 0 
 0 
 0 
 0 
 0 
 0 
 0 
 0 
 0 
 0 
 0 
 0 
 0 
 0 
 0 
 0 
 0 
 0 
 0 
 0 
 0 
 0 
 0 
 0 
 0 
 0 
 0 
 0 
 0 
 0 
 0 
 0 
 0 
 0 
 0 
 0 
 0 
 0 
 0 
 0 
 0 
 0 
 0 
 0 
 0 
 0 
 0 
 0 
 0 
 0 
 0 
 0 
 0 
 0 
 0 
 0 
 0 
 0 
 0 
 0 
 0 
 0 
 0 
 0 
 0 
 0 
 0 
 0 
 0 
 0 
 0 
 0 
 0 
 0 
 0 
 0 
 0 
 0 
 0 
 0 
 0 
 0 
 0 
 0 
 0 
 0 
 0 
 0 
 0 
 0 
 0 
 0 
 0 
 0 
 0 
 0 
 0 
 0 
 0 
 0 
 0 
 0 
 0 
 0 
 0 
 0 
 0 
 0 
 0 
 0 
 0 
 0 
 0 
 0 
 0 
 0 
 0 
 0 
 0 
 0 
 0 
 0 
 0 
 0 
 0 
 0 
 0 
 0 
 0 
 0 
 0 
 0 
 0 
 0 
 0 
 0 
 0 
 0 
 0 
 0 
 0 
 0 
 0 
 0 
 0 
 0 
 0 
 0 
 0 
 0 
 0 
 0 
 0 
 0 
 0 
 0 
 0 
 0 
 0 
 0 
 0 
 0 
 0 
 0 
 0 
 0 
 0 
 0 
 0 
 0 
 0 
 0 
 0 
 0 
 0 
 0 
 0 
 8,46740050804403E-04 
 8,46740050804403E-04 
 1,69348010160881E-03 
 2,54022015241321E-03 
 2,54022015241321E-03 
 3,38696020321761E-03 
 3,38696020321761E-03 
 4,23370025402202E-03 
 5,08044030482642E-03 
 3,38696020321761E-03 
 3,38696020321761E-03 
 4,23370025402202E-03 
 5,08044030482642E-03 
 5,08044030482642E-03 
 5,92718035563082E-03 
 6,77392040643522E-03 
 6,77392040643522E-03 
 7,62066045723963E-03 
 8,46740050804403E-03 
 1,01608806096528E-02 
 1,10076206604572E-02 
 1,10076206604572E-02 
 1,35478408128704E-02 
 1,43945808636749E-02 
 1,69348010160881E-02 
 2,11685012701101E-02 
 2,70956816257409E-02 
 2,79424216765453E-02 
 4,48772226926334E-02 
 0,056731583403895 
 6,01185436071126E-02 
 4,74174428450466E-02 
 4,99576629974598E-02 
 5,84250635055038E-02 
 5,84250635055038E-02 
 0,060965283657917 
 0,060965283657917 
 6,26587637595258E-02 
 7,19729043183743E-02 
 7,36663844199831E-02 
 7,45131244707875E-02 
 9,65283657917019E-02 
 0,106689246401355 
 0,116003386960203 
 0,119390347163421 
 0,123624047417443 
 0,10584250635055 
 0,108382726502964 
 0,111769686706181 
 0,116003386960203 
 6,43522438611346E-02 
 0,052497883149873 
 5,08044030482642E-02 
 0,052497883149873 
 0,052497883149873 
 5,84250635055038E-02 
 5,92718035563082E-02 
 6,77392040643522E-02 
 7,28196443691787E-02 
 7,45131244707875E-02 
 7,79000846740051E-02 
 6,26587637595258E-02 
 0,132938187976291 
 0,111769686706181 
 0,114309906858594 
 0,181202370872142 
 0,174428450465707 
 0,177815410668925 
 0,189669771380186 
 0,193903471634208 
 0,198983911939035 
 0,200677392040644 
 0,206604572396274 
 0,212531752751905 
 0,21337849280271 
 0,220152413209145 
 0,223539373412362 
 0,229466553767993 
 0,232853513971211 
 0,151566469093988 
 0,156646909398815 
 0,170194750211685 
 0,170194750211685 
 0,175275190516511 
 0,180355630821338 
 0,182895850973751 
 0,180355630821338 
 0,124470787468247 
 0,123624047417443 
 0,133784928027096 
 0,117696867061812 
 0,119390347163421 
 0,123624047417443 
 0,121930567315834 
 0,123624047417443 
 0,132091447925487 
 0,12701100762066 
 0,128704487722269 
 0,12701100762066 
 0,127857747671465 
 0,132938187976291 
 0,131244707874682 
 0,115156646909399 
 0,120237087214225 
 0,117696867061812 
 0,119390347163421 
 0,11346316680779 
 0,110922946655377 
 0,115156646909399 
 0,120237087214225 
 0,114309906858594 
 9,22946655376799E-02 
 8,89077053344623E-02 
 9,39881456392887E-02 
 9,14479254868755E-02 
 7,95935647756139E-02 
 8,46740050804403E-02 
 8,12870448772227E-02 
 7,79000846740051E-02 
 7,02794242167655E-02 
 7,95935647756139E-02 
 8,46740050804403E-02 
 8,12870448772227E-02 
 9,06011854360711E-02 
 9,99153259949196E-02 
 9,65283657917019E-02 
 0,101608806096528 
 0,106689246401355 
 0,112616426756986 
 0,11346316680779 
 0,109229466553768 
 0,110076206604572 
 0,111769686706181 
 0,112616426756986 
 0,11346316680779 
 0,114309906858594 
 0,100762066045724 
 0,101608806096528 
 0,102455546147333 
 0,107535986452159 
 0,11346316680779 
 0,114309906858594 
 0,115156646909399 
 0,116003386960203 
 9,65283657917019E-02 
 0,102455546147333 
 0,118543607112616 
 0,124470787468247 
 0,115156646909399 
 0,126164267569856 
 0,100762066045724 
 0,106689246401355 
 0,106689246401355 
 9,73751058425063E-02 
 8,63674851820491E-02 
 8,21337849280271E-02 
 9,90685859441152E-02 
 9,90685859441152E-02 
 8,29805249788315E-02 
 7,79000846740051E-02 
 7,87468247248095E-02 
 7,36663844199831E-02 
 7,36663844199831E-02 
 8,04403048264183E-02 
 9,22946655376799E-02 
 9,22946655376799E-02 
 9,31414055884843E-02 
 8,80609652836579E-02 
 8,80609652836579E-02 
 9,48348856900931E-02 
 8,97544453852667E-02 
 8,97544453852667E-02 
 9,06011854360711E-02 
 9,06011854360711E-02 
 0,109229466553768 
 9,82218458933107E-02 
 9,22946655376799E-02 
 8,63674851820491E-02 
 8,04403048264183E-02 
 7,45131244707875E-02 
 7,53598645215919E-02 
 7,53598645215919E-02 
 7,62066045723963E-02 
 7,62066045723963E-02 
 7,70533446232007E-02 
 8,38272650296359E-02 
 9,06011854360711E-02 
 9,06011854360711E-02 
 9,73751058425063E-02 
 9,14479254868755E-02 
 9,22946655376799E-02 
 9,90685859441152E-02 
 0,10584250635055 
 0,106689246401355 
 9,99153259949196E-02 
 9,39881456392887E-02 
 8,12870448772227E-02 
 7,45131244707875E-02 
 8,12870448772227E-02 
 7,53598645215919E-02 
 8,89077053344623E-02 
 8,97544453852667E-02 
 9,65283657917019E-02 
 9,73751058425063E-02 
 9,06011854360711E-02 
 9,06011854360711E-02 
 9,14479254868755E-02 
 0,10584250635055 
 0,11346316680779 
 0,12108382726503 
 0,12108382726503 
 0,128704487722269 
 0,121930567315834 
 0,122777307366638 
 0,116003386960203 
 0,108382726502964 
 0,123624047417443 
 0,153259949195597 
 0,146486028789162 
 0,147332768839966 
 0,139712108382726 
 0,140558848433531 
 0,148179508890771 
 0,156646909398815 
 0,164267569856054 
 0,149872988992379 
 0,150719729043184 
 0,158340389500423 
 0,159187129551228 
 0,151566469093988 
 0,152413209144793 
 0,144792548687553 
 0,145639288738357 
 0,138018628281118 
 0,138865368331922 
 0,146486028789162 
 0,116003386960203 
 0,124470787468247 
 0,132091447925487 
 0,15580016934801 
 0,156646909398815 
 0,141405588484335 
 0,141405588484335 
 0,157493649449619 
 0,158340389500423 
 0,158340389500423 
 0,159187129551228 
 0,167654530059272 
 0,160033869602032 
 0,176121930567316 
 0,176121930567316 
 0,17696867061812 
 0,185436071126164 
 0,161727349703641 
 0,145639288738357 
 0,146486028789162 
 0,154953429297206 
 0,154953429297206 
 0,154953429297206 
 0,147332768839966 
 0,164267569856054 
 0,139712108382726 
 0,148179508890771 
 0,132091447925487 
 0,132091447925487 
 0,132938187976291 
 0,124470787468247 
 0,124470787468247 
 0,116850127011008 
 0,125317527519052 
 0,125317527519052 
 0,176121930567316 
 0,167654530059272 
 0,143099068585944 
 0,143099068585944 
 0,151566469093988 
 0,135478408128704 
 0,135478408128704 
 0,160880609652837 
 0,161727349703641 
 0,170194750211685 
 0,178662150719729 
 0,179508890770533 
 0,187976291278577 
 0,187976291278577 
 0,197290431837426 
 0,197290431837426 
 0,197290431837426 
 0,188823031329382 
 0,189669771380186 
 0,206604572396274 
 0,207451312447079 
 0,198983911939035 
 0,198983911939035 
 0,198983911939035 
 0,208298052497883 
 0,208298052497883 
 0,209144792548688 
 0,199830651989839 
 0,200677392040644 
 0,182895850973751 
 0,165961049957663 
 0,157493649449619 
 0,183742591024555 
 0,183742591024555 
 0,201524132091448 
 0,193056731583404 
 0,18458933107536 
 0,166807790008467 
 0,176121930567316 
 0,176121930567316 
 0,185436071126164 
 0,185436071126164 
 0,185436071126164 
 0,193903471634208 
 0,212531752751905 
 0,194750211685013 
 0,17696867061812 
 0,168501270110076 
 0,159187129551228 
 0,150719729043184 
 0,168501270110076 
 0,160033869602032 
 0,160033869602032 
 0,160033869602032 
 0,150719729043184 
 0,151566469093988 
 0,14225232853514 
 0,14225232853514 
 0,160033869602032 
 0,151566469093988 
 0,169348010160881 
 0,187129551227773 
 0,187129551227773 
 0,204911092294666 
 0,214225232853514 
 0,214225232853514 
 0,222692633361558 
 0,204911092294666 
 0,196443691786621 
 0,178662150719729 
 0,151566469093988 
 0,160880609652837 
 0,196443691786621 
 0,178662150719729 
 0,187129551227773 
 0,187129551227773 
 0,178662150719729 
 0,169348010160881 
 0,187129551227773 
 0,204911092294666 
 0,222692633361558 
 0,775613886536833 
 0,793395427603726 
 0,856054191363251 
 0,856054191363251 
 0,87298899237934 
 0,890770533446232 
 0,890770533446232 
 0,889923793395428 
 0,889923793395428 
 0,889923793395428 
 0,889077053344623 
 0,889077053344623 
 0,888230313293819 
 0,888230313293819 
 0,887383573243014 
 0,887383573243014 
 0,88653683319221 
 0,885690093141406 
 0,885690093141406 
 0,884843353090601 
 0,601185436071126 
 0,495342929720576 
 0,458933107535986 
 0,450465707027942 
 0,458933107535986 
 0,387806943268417 
 0,396274343776461 
 0,36917866215072 
 0,413209144792549 
 0,430143945808637 
 0,491109229466554 
 0,403048264182896 
 0,245554614733277 
 0,244707874682472 
 0,253175275190517 
 0,270956816257409 
 0,270110076206605 
 0,253175275190517 
 0,252328535139712 
 0,226079593564776 
 0,226079593564776 
 0,225232853513971 
 0,268416596104996 
 0,354784081287045 
 0,371718882303133 
 0,518204911092295 
 0,387806943268417 
 0,387806943268417 
 0,421676545300593 
 0,395427603725656 
 0,394580863674852 
 0,351397121083827 
 0,350550381033023 
 0,359017781541067 
 0,375105842506351 
 0,400508044030483 
 0,391193903471634 
 0,739204064352244 
 0,737510584250635 
 0,668924640135478 
 0,668077900084674 
 0,632514817950889 
 0,294665537679932 
 0,370025402201524 
 0,36917866215072 
 0,343776460626588 
 0,418289585097375 
 0,46740050804403 
 0,450465707027942 
 0,449618966977138 
 0,431837425910246 
 0,397967823878069 
 0,380186282811177 
 0,330228619813717 
 0,35393734123624 
 0,345469940728196 
 0,344623200677392 
 0,335309060118544 
 0,335309060118544 
 0,318374259102456 
 0,325148179508891 
 0,284504657070279 
 0,243014394580864 
 0,250635055038103 
 0,249788314987299 
 0,233700254022015 
 0,232853513971211 
 0,208298052497883 
 0,207451312447079 
 0,207451312447079 
 0,206604572396274 
 0,20575783234547 
 0,20575783234547 
 0,244707874682472 
 0,243861134631668 
 0,235393734123624 
 0,243014394580864 
 0,257408975444539 
 0,248941574936494 
 0,660457239627434 
 0,666384419983065 
 0,679932260795936 
 0,685012701100762 
 0,683319220999153 
 0,596951735817104 
 0,595258255715495 
 0,601185436071126 
 0,622353937341236 
 0,718882303132938 
 0,70956816257409 
 0,646909398814564 
 0,645215918712955 
 0,642675698560542 
 0,640982218458933 
 0,668077900084674 
 0,674005080440305 
 0,671464860287892 
 0,662150719729043 
 0,629974597798476 
 0,613886536833192 
 0,611346316680779 
 0,64606265876376 
 0,643522438611346 
 0,648602878916173 
 0,674851820491109 
 0,679932260795936 
 0,563082133784928 
 0,490262489415749 
 0,537679932260796 
 0,549534292972058 
 0,315834038950042 
 0,328535139712108 
 0,4038950042337 
 0,416596104995766 
 0,497883149872989 
 0,481795088907705 
 0,480101608806097 
 0,491955969517358 
 0,462320067739204 
 0,589331075359865 
 0,54614733276884 
 0,558001693480102 
 0,495342929720576 
 0,139712108382726 
 0,139712108382726 
 0,158340389500423 
 0,157493649449619 
 0,157493649449619 
 0,156646909398815 
 0,187976291278577 
 0,181202370872142 
 0,154106689246401 
 0,165961049957663 
 0,159187129551228 
 0,165114309906859 
 0,157493649449619 
 0,182049110922947 
 0,174428450465707 
 0,161727349703641 
 0,154953429297206 
 0,147332768839966 
 0,128704487722269 
 0,152413209144793 
 0,151566469093988 
 0,150719729043184 
 0,15580016934801 
 0,160880609652837 
 0,154106689246401 
 0,153259949195597 
 0,170194750211685 
 0,180355630821338 
 0,214225232853514 
 0,21930567315834 
 0,211685012701101 
 0,210838272650296 
 0,22692633361558 
 0,236240474174428 
 0,223539373412362 
 0,227773073666384 
 0,22692633361558 
 0,220152413209145 
 0,218458933107536 
 0,211685012701101 
 0,209991532599492 
 0,209144792548688 
 0,218458933107536 
 0,232853513971211 
 0,226079593564776 
 0,21930567315834 
 0,264182895850974 
 0,262489415749365 
 0,260795935647756 
 0,254022015241321 
 0,307366638441998 
 0,305673158340389 
 0,303132938187976 
 0,429297205757832 
 0,425910245554615 
 0,418289585097375 
 0,410668924640135 
 0,407281964436918 
 0,4038950042337 
 0,339542760372566 
 0,322607959356478 
 0,325148179508891 
 0,303979678238781 
 0,169348010160881 
 0,186282811176969 
 0,19813717188823 
 0,200677392040644 
 0,203217612193057 
 0,175275190516511 
 0,177815410668925 
 0,193903471634208 
 0,204911092294666 
 0,203217612193057 
 0,20575783234547 
 0,204064352243861 
 0,197290431837426 
 0,195596951735817 
 0,202370872142252 
 0,204064352243861 
 0,182049110922947 
 0,282811176968671 
 0,260795935647756 
 0,254022015241321 
 0,232853513971211 
 0,222692633361558 
 0,220152413209145 
 0,281117696867062 
 0,277730736663844 
 0,267569856054191 
 0,193056731583404 
 0,180355630821338 
 0,178662150719729 
 0,172734970364098 
 0,167654530059272 
 0,169348010160881 
 0,137171888230313 
 0,267569856054191 
 0,270956816257409 
 0,267569856054191 
 0,298899237933954 
 0,295512277730737 
 0,288738357324301 
 0,284504657070279 
 0,281117696867062 
 0,292125317527519 
 0,291278577476715 
 0,29043183742591 
 0,286198137171888 
 0,281964436917866 
 0,275190516511431 
 0,274343776460627 
 0,270110076206605 
 0,265876375952583 
 0,262489415749365 
 0,258255715495343 
 0,254022015241321 
 0,249788314987299 
 0,246401354784081 
 0,242167654530059 
 0,237933954276037 
 0,233700254022015 
 0,214225232853514 
 0,209991532599492 
 0,206604572396274 
 0,202370872142252 
 0,209991532599492 
 0,207451312447079 
 0,204064352243861 
 0,165961049957663 
 0,158340389500423 
 0,154953429297206 
 0,149872988992379 
 0,147332768839966 
 0,114309906858594 
 6,26587637595258E-02 
 0,060965283657917 
 0,060965283657917 
 5,84250635055038E-02 
 0,056731583403895 
 0,056731583403895 
 5,75783234546994E-02 
 4,99576629974598E-02 
 0,048264182895851 
 4,99576629974598E-02 
 5,41913632514818E-02 
 5,41913632514818E-02 
 5,16511430990686E-02 
 0,048264182895851 
 8,38272650296359E-02 
 7,95935647756139E-02 
 8,04403048264183E-02 
 7,87468247248095E-02 
 8,29805249788315E-02 
 8,80609652836579E-02 
 8,55207451312447E-02 
 8,55207451312447E-02 
 8,21337849280271E-02 
 0,052497883149873 
 0,052497883149873 
 4,91109229466554E-02 
 3,89500423370025E-02 
 3,13293818797629E-02 
 2,87891617273497E-02 
 2,45554614733277E-02 
 2,20152413209145E-02 
 2,11685012701101E-02 
 1,94750211685013E-02 
 2,03217612193057E-02 
 1,94750211685013E-02 
 1,60880609652837E-02 
 1,35478408128704E-02 
 0,012701100762066 
 1,18543607112616E-02 
 1,10076206604572E-02 
 8,46740050804403E-03 
 8,46740050804403E-03 
 7,62066045723963E-03 
 7,62066045723963E-03 
 6,77392040643522E-03 
 6,77392040643522E-03 
 5,92718035563082E-03 
 5,08044030482642E-03 
 4,23370025402202E-03 
 4,23370025402202E-03 
 3,38696020321761E-03 
 3,38696020321761E-03 
 2,54022015241321E-03 
 3,38696020321761E-03 
 2,54022015241321E-03 
 2,54022015241321E-03 
 1,69348010160881E-03 
 1,69348010160881E-03 
 1,69348010160881E-03 
 1,69348010160881E-03 
 8,46740050804403E-04 
 8,46740050804403E-04 
 8,46740050804403E-04 
 0 
 0 
 0 
 0 
 0 
 0 
 0 
 0 
 0 
 0 
 0 
 0 
 0 
 0 
 0 
 0 
 0 
 0 
 0 
 0 
 0 
 0 
 0 
 0 
 0 
 0 
 0 
 0 
 0 
 0 
 0 
 0 
 0 
 0 
 0 
 0 
 0 
 0 
 0 
 0 
 0 
 0 
 0 
 0 
 0 
 0 
 0 
 0 
 0 
 0 
 0 
 0 
 0 
 0 
 0 
 0 
 0 
 0 
 0 
 0 
 0 
 0 
 0 
 0 
 0 
 0 
 0 
 0 
 0 
 0 
 0 
 0 
 0 
 0 
 0 
 0 
 0 
 0 
 0 
 0 
 0 
 0 
 0 
 0 
 0 
 0 
 0 
 0 
 0 
 0 
 0 
 0 
 0 
 0 
 0 
 0 
 0 
 0 
 0 
 0 
 0 
 0 
 0 
 0 
 0 
 0 
 0 
 0 
 0 
 0 
 0 
 0 
 0 
 0 
 0 
 0 
 0 
 0 
 0 
 0 
 0 
 0 
 0 
 0 
 0 
 0 
 0 
 0 
 0 
 0 
 0 
 0 
 0 
 0 
 0 
 0 
 0 
 0 
 0 
 0 
 0 
 0 
 0 
 0 
 0 
 0 
 0 
 0 
 0 
 0 
 0 
 0 
 0 
 0 
 0 
 0 
 0 
 0 
 0 
 0 
 0 
 0 
 0 
 0 
 0 
 0 
 0 
 0 
 0 
 0 
 0 
 0 
 0 
 0 
 0 
 0 
 0 
 0 
 0 
 0 
 0 
 0 
 0 
 0 
 0 
 0 
 0 
 0 
 0 
 0 
 0 
 0 
 0 
 0 
 0 
 0 
 0 
 0 
 0 
 0 
 0 
 0 
 0 
 0 
 0 
 0 
 0 
 0 
 0 
 0 
 0 
 0 
 0 
 0 
 0 
 0 
 0 
 0 
 0 
 0 
 0 
 0 
 0 
 0 
 0 
 0 
 0 
 0 
 0 
 0 
 0 
 0 
 0 
 0 
 0 
 0 
 0 
 0 
 0 
 0 
 0 
 0 
 0 
 0 
 0 
 0 
 0 
 0 
 0 
 0 
 0 
 0 
 0 
 0 
 0 
 0 
 0 
 0 
 0 
 0 
 0 
 0 
 0 
 0 
 0 
 0 
 0 
 0 
 0 
 0 
 0 
 0 
 0 
 0 
 0 
 0 
 0 
 0 
 0 
 0 
 0 
 0 
 0 
 0 
 0 
 0 
 0 
 0 
 0 
 0 
 0 
 0 
 0 
 0 
 0 
 0 
 0 
 0 
 0 
 0 
 0 
 0 
 0 
 0 
 0 
 0 
 0 
 0 
 0 
 0 
 0 
