 0 
 0 
 0 
 0 
 0 
 0 
 0 
 0 
 0 
 0 
 0 
 0 
 0 
 0 
 0 
 0 
 0 
 0 
 0 
 0 
 0 
 0 
 0 
 0 
 0 
 0 
 0 
 0 
 0 
 0 
 0 
 0 
 0 
 0 
 0 
 0 
 0 
 0 
 0 
 0 
 0 
 0 
 0 
 0 
 0 
 0 
 0 
 0 
 0 
 0 
 0 
 0 
 0 
 0 
 0 
 0 
 0 
 0 
 0 
 0 
 0 
 0 
 0 
 0 
 0 
 0 
 0 
 0 
 0 
 0 
 0 
 0 
 0 
 0 
 0 
 0 
 0 
 0 
 0 
 0 
 0 
 0 
 0 
 0 
 0 
 0 
 0 
 0 
 0 
 0 
 0 
 0 
 0 
 0 
 0 
 0 
 0 
 0 
 0 
 0 
 0 
 0 
 0 
 0 
 0 
 0 
 0 
 0 
 0 
 0 
 0 
 0 
 0 
 0 
 0 
 0 
 0 
 0 
 0 
 0 
 0 
 0 
 0 
 0 
 0 
 0 
 0 
 0 
 0 
 0 
 0 
 0 
 0 
 0 
 0 
 0 
 0 
 0 
 0 
 0 
 0 
 0 
 0 
 0 
 0 
 0 
 0 
 0 
 0 
 0 
 0 
 0 
 0 
 0 
 0 
 0 
 0 
 0 
 0 
 0 
 0 
 0 
 0 
 0 
 0 
 0 
 0 
 0 
 0 
 0 
 0 
 0 
 0 
 0 
 0 
 0 
 0 
 0 
 0 
 0 
 0 
 0 
 0 
 0 
 0 
 0 
 0 
 0 
 0 
 0 
 0 
 0 
 0 
 0 
 0 
 0 
 0 
 0 
 0 
 0 
 0 
 0 
 0 
 0 
 0 
 0 
 0 
 0 
 0 
 0 
 0 
 0 
 0 
 0 
 0 
 0 
 0 
 0 
 0 
 0 
 0 
 0 
 0 
 0 
 0 
 0 
 0 
 0 
 0 
 0 
 0 
 0 
 0 
 0 
 0 
 0 
 0 
 0 
 0 
 0 
 0 
 0 
 0 
 0 
 0 
 0 
 0 
 0 
 0 
 0 
 0 
 0 
 0 
 0 
 0 
 0 
 0 
 0 
 0 
 0 
 0 
 0 
 0 
 0 
 0 
 0 
 0 
 0 
 0 
 0 
 0 
 0 
 0 
 0 
 0 
 0 
 0 
 0 
 0 
 0 
 0 
 0 
 0 
 0 
 0 
 0 
 0 
 0 
 0 
 0 
 0 
 0 
 0 
 0 
 0 
 0 
 0 
 0 
 0 
 0 
 0 
 0 
 0 
 0 
 0 
 0 
 0 
 0 
 0 
 0 
 0 
 0 
 0 
 0 
 0 
 0 
 0 
 0 
 0 
 0 
 0 
 0 
 0 
 0 
 0 
 0 
 0 
 0 
 0 
 0 
 0 
 0 
 0 
 0 
 0 
 0 
 0 
 0 
 0 
 0 
 0 
 0 
 0 
 0 
 0 
 0 
 0 
 0 
 0 
 0 
 0 
 0 
 0 
 0 
 0 
 0 
 0 
 0 
 0 
 0 
 0 
 0 
 0 
 0 
 0 
 0 
 0 
 0 
 0 
 0 
 0 
 0 
 0 
 0 
 0 
 0 
 0 
 0 
 0 
 0 
 0 
 0 
 0 
 0 
 0 
 0 
 0 
 0 
 0 
 0 
 0 
 0 
 0 
 0 
 0 
 0 
 0 
 0 
 0 
 0 
 0 
 0 
 0 
 0 
 0 
 0 
 0 
 0 
 0 
 0 
 0 
 0 
 0 
 0 
 0 
 0 
 0 
 0 
 0 
 0 
 0 
 0 
 0 
 0 
 0 
 0 
 0 
 0 
 0 
 0 
 0 
 0 
 0 
 0 
 0 
 8,46740050804403E-04 
 8,46740050804403E-04 
 1,69348010160881E-03 
 2,54022015241321E-03 
 2,54022015241321E-03 
 3,38696020321761E-03 
 4,23370025402202E-03 
 6,77392040643522E-03 
 8,46740050804403E-03 
 9,31414055884843E-03 
 1,10076206604572E-02 
 0,012701100762066 
 1,43945808636749E-02 
 1,69348010160881E-02 
 1,86282811176969E-02 
 2,11685012701101E-02 
 2,28619813717189E-02 
 2,54022015241321E-02 
 2,79424216765453E-02 
 3,04826418289585E-02 
 3,30228619813717E-02 
 3,55630821337849E-02 
 3,89500423370025E-02 
 4,14902624894158E-02 
 0,044030482641829 
 4,74174428450466E-02 
 4,99576629974598E-02 
 5,33446232006774E-02 
 0,056731583403895 
 5,92718035563082E-02 
 6,26587637595258E-02 
 6,60457239627434E-02 
 0,069432684165961 
 7,28196443691787E-02 
 7,62066045723963E-02 
 7,95935647756139E-02 
 8,29805249788315E-02 
 8,63674851820491E-02 
 9,06011854360711E-02 
 9,39881456392887E-02 
 9,73751058425063E-02 
 0,100762066045724 
 0,104995766299746 
 0,108382726502964 
 0,111769686706181 
 0,116003386960203 
 0,119390347163421 
 0,123624047417443 
 0,12701100762066 
 0,131244707874682 
 0,1346316680779 
 0,138865368331922 
 0,14225232853514 
 0,146486028789162 
 0,149872988992379 
 0,154106689246401 
 0,157493649449619 
 0,161727349703641 
 0,165961049957663 
 0,169348010160881 
 0,173581710414903 
 0,160033869602032 
 0,141405588484335 
 0,185436071126164 
 0,189669771380186 
 0,193056731583404 
 0,197290431837426 
 0,201524132091448 
 0,20575783234547 
 0,209144792548688 
 0,21337849280271 
 0,217612193056732 
 0,220999153259949 
 0,220999153259949 
 0,190516511430991 
 0,193903471634208 
 0,197290431837426 
 0,186282811176969 
 0,169348010160881 
 0,166807790008467 
 0,175275190516511 
 0,182895850973751 
 0,159187129551228 
 0,164267569856054 
 0,223539373412362 
 0,232853513971211 
 0,236240474174428 
 0,242167654530059 
 0,245554614733277 
 0,248941574936494 
 0,232006773920406 
 0,235393734123624 
 0,237933954276037 
 0,241320914479255 
 0,241320914479255 
 0,244707874682472 
 0,235393734123624 
 0,225232853513971 
 0,104149026248942 
 0,102455546147333 
 0,103302286198137 
 0,104995766299746 
 0,109229466553768 
 0,110922946655377 
 0,101608806096528 
 0,10584250635055 
 0,107535986452159 
 0,108382726502964 
 0,109229466553768 
 0,114309906858594 
 0,111769686706181 
 0,112616426756986 
 0,114309906858594 
 0,119390347163421 
 0,127857747671465 
 0,129551227773074 
 0,130397967823878 
 0,127857747671465 
 0,12108382726503 
 0,121930567315834 
 0,139712108382726 
 0,141405588484335 
 0,14225232853514 
 0,143945808636749 
 0,144792548687553 
 0,138018628281118 
 0,138865368331922 
 0,144792548687553 
 0,149872988992379 
 0,14225232853514 
 0,157493649449619 
 0,16342082980525 
 0,123624047417443 
 0,124470787468247 
 0,143945808636749 
 0,149872988992379 
 0,146486028789162 
 0,147332768839966 
 0,148179508890771 
 0,144792548687553 
 0,145639288738357 
 0,137171888230313 
 0,127857747671465 
 0,129551227773074 
 0,135478408128704 
 0,136325148179509 
 0,137171888230313 
 0,132938187976291 
 0,143945808636749 
 0,144792548687553 
 0,135478408128704 
 0,136325148179509 
 0,121930567315834 
 0,127857747671465 
 0,112616426756986 
 0,118543607112616 
 0,119390347163421 
 0,114309906858594 
 0,110076206604572 
 9,90685859441152E-02 
 9,48348856900931E-02 
 9,48348856900931E-02 
 0,106689246401355 
 0,11346316680779 
 0,125317527519052 
 0,120237087214225 
 0,115156646909399 
 0,116003386960203 
 0,104995766299746 
 0,116850127011008 
 0,10584250635055 
 0,106689246401355 
 0,11346316680779 
 0,107535986452159 
 0,108382726502964 
 0,103302286198137 
 0,103302286198137 
 0,104149026248942 
 0,110922946655377 
 0,110922946655377 
 0,111769686706181 
 0,112616426756986 
 0,112616426756986 
 0,107535986452159 
 0,114309906858594 
 0,114309906858594 
 0,12108382726503 
 0,121930567315834 
 0,116003386960203 
 0,110076206604572 
 0,110922946655377 
 0,124470787468247 
 0,124470787468247 
 0,125317527519052 
 0,126164267569856 
 0,106689246401355 
 0,11346316680779 
 0,114309906858594 
 0,12108382726503 
 0,135478408128704 
 0,136325148179509 
 0,122777307366638 
 0,123624047417443 
 0,123624047417443 
 0,124470787468247 
 0,124470787468247 
 0,132091447925487 
 0,126164267569856 
 0,126164267569856 
 0,12701100762066 
 0,120237087214225 
 0,12108382726503 
 0,12108382726503 
 0,164267569856054 
 0,165114309906859 
 0,165961049957663 
 0,173581710414903 
 0,174428450465707 
 0,188823031329382 
 0,189669771380186 
 0,190516511430991 
 0,220152413209145 
 0,214225232853514 
 0,207451312447079 
 0,207451312447079 
 0,200677392040644 
 0,193903471634208 
 0,217612193056732 
 0,225232853513971 
 0,218458933107536 
 0,23454699407282 
 0,250635055038103 
 0,21337849280271 
 0,21337849280271 
 0,221845893310754 
 0,230313293818798 
 0,223539373412362 
 0,208298052497883 
 0,6731583403895 
 0,458086367485182 
 0,458933107535986 
 0,39034716342083 
 0,391193903471634 
 0,408128704487722 
 0,416596104995766 
 0,433530906011854 
 0,403048264182896 
 0,396274343776461 
 0,381879762912786 
 0,38272650296359 
 0,383573243014395 
 0,368331922099915 
 0,344623200677392 
 0,329381879762913 
 0,346316680779001 
 0,331075359864522 
 0,331922099915326 
 0,316680779000847 
 0,552921253175275 
 0,70956816257409 
 0,710414902624894 
 0,524132091447925 
 0,533446232006774 
 0,534292972057578 
 0,773920406435224 
 0,618966977138019 
 0,570702794242168 
 0,331075359864522 
 0,34038950042337 
 0,349703640982218 
 0,349703640982218 
 0,551227773073666 
 0,69432684165961 
 0,695173581710415 
 0,696867061812024 
 0,504657070279424 
 0,471634208298052 
 0,464013547840813 
 0,371718882303133 
 0,56731583403895 
 0,745977984758679 
 0,535139712108383 
 0,561388653683319 
 0,476714648602879 
 0,469093988145639 
 0,606265876375953 
 0,607112616426757 
 0,625740897544454 
 0,686706181202371 
 0,687552921253175 
 0,68839966130398 
 0,689246401354784 
 0,690093141405589 
 0,699407281964437 
 0,761219305673158 
 0,770533446232007 
 0,650296359017781 
 0,651143099068586 
 0,721422523285351 
 0,739204064352244 
 0,740050804403048 
 0,767146486028789 
 0,723962743437765 
 0,803556308213379 
 0,795935647756139 
 0,656223539373412 
 0,63082133784928 
 0,701100762066046 
 0,70194750211685 
 0,720575783234547 
 0,729889923793395 
 0,721422523285351 
 0,7307366638442 
 0,731583403895004 
 0,749364944961897 
 0,758679085520745 
 0,767993226079594 
 0,778154106689246 
 0,742591024555461 
 0,743437764606266 
 0,752751905165114 
 0,770533446232007 
 0,88653683319221 
 0,887383573243014 
 0,887383573243014 
 0,888230313293819 
 0,888230313293819 
 0,889077053344623 
 0,889077053344623 
 0,889923793395428 
 0,889923793395428 
 0,889923793395428 
 0,712108382726503 
 0,712955122777307 
 0,712955122777307 
 0,552921253175275 
 0,579170194750212 
 0,383573243014395 
 0,365791701947502 
 0,374259102455546 
 0,356477561388654 
 0,44623200677392 
 0,196443691786621 
 0,187129551227773 
 0,196443691786621 
 0,232006773920406 
 0,27688399661304 
 0,27688399661304 
 0,27688399661304 
 0,27688399661304 
 0,27688399661304 
 0,27688399661304 
 0,249788314987299 
 0,232006773920406 
 0,24047417442845 
 0,24047417442845 
 0,232006773920406 
 0,222692633361558 
 0,232006773920406 
 0,232006773920406 
 0,231160033869602 
 0,222692633361558 
 0,231160033869602 
 0,284504657070279 
 0,231160033869602 
 0,239627434377646 
 0,231160033869602 
 0,221845893310754 
 0,257408975444539 
 0,265876375952583 
 0,265876375952583 
 0,221845893310754 
 0,220999153259949 
 0,220999153259949 
 0,220999153259949 
 0,203217612193057 
 0,203217612193057 
 0,211685012701101 
 0,203217612193057 
 0,193903471634208 
 0,167654530059272 
 0,176121930567316 
 0,18458933107536 
 0,193056731583404 
 0,201524132091448 
 0,210838272650296 
 0,21930567315834 
 0,218458933107536 
 0,288738357324301 
 0,279424216765453 
 0,287891617273497 
 0,270110076206605 
 0,278577476714649 
 0,2692633361558 
 0,23454699407282 
 0,23454699407282 
 0,216765453005927 
 0,233700254022015 
 0,648602878916173 
 0,656223539373412 
 0,784928027095682 
 0,749364944961897 
 0,834885690093141 
 0,824724809483489 
 0,823878069432684 
 0,856900931414056 
 0,855207451312447 
 0,854360711261643 
 0,853513971210838 
 0,851820491109229 
 0,850127011007621 
 0,849280270956816 
 0,847586790855207 
 0,846740050804403 
 0,79424216765453 
 0,793395427603726 
 0,791701947502117 
 0,798475867908552 
 0,671464860287892 
 0,670618120237087 
 0,668924640135478 
 0,668077900084674 
 0,666384419983065 
 0,665537679932261 
 0,672311600338696 
 0,546994072819644 
 0,529212531752752 
 0,511430990685859 
 0,519051651143099 
 0,56731583403895 
 0,558001693480102 
 0,508044030482642 
 0,523285351397121 
 0,342082980524979 
 0,309060118543607 
 0,308213378492803 
 0,299745977984759 
 0,298899237933954 
 0,29043183742591 
 0,257408975444539 
 0,265029635901778 
 0,272650296359018 
 0,287891617273497 
 0,270956816257409 
 0,270110076206605 
 0,277730736663844 
 0,292972057578323 
 0,283657917019475 
 0,283657917019475 
 0,306519898391194 
 0,289585097375106 
 0,296359017781541 
 0,48264182895851 
 0,481795088907705 
 0,472480948348857 
 0,494496189669771 
 0,492802709568163 
 0,683319220999153 
 0,681625740897544 
 0,679932260795936 
 0,761219305673158 
 0,758679085520745 
 0,756985605419136 
 0,528365791701948 
 0,608806096528366 
 0,607112616426757 
 0,642675698560542 
 0,640982218458933 
 0,668077900084674 
 0,666384419983065 
 0,494496189669771 
 0,478408128704488 
 0,535139712108383 
 0,525825571549534 
 0,524132091447925 
 0,514817950889077 
 0,318374259102456 
 0,331075359864522 
 0,351397121083827 
 0,371718882303133 
 0,370872142252329 
 0,23454699407282 
 0,204911092294666 
 0,232853513971211 
 0,210838272650296 
 0,195596951735817 
 0,202370872142252 
 0,215071972904318 
 0,227773073666384 
 0,21337849280271 
 0,198983911939035 
 0,191363251481795 
 0,197290431837426 
 0,196443691786621 
 0,297205757832345 
 0,25571549534293 
 0,260795935647756 
 0,259949195596952 
 0,265029635901778 
 0,264182895850974 
 0,2692633361558 
 0,261642675698561 
 0,267569856054191 
 0,265876375952583 
 0,270956816257409 
 0,270110076206605 
 0,313293818797629 
 0,318374259102456 
 0,291278577476715 
 0,296359017781541 
 0,294665537679932 
 0,374259102455546 
 0,372565622353937 
 0,383573243014395 
 0,442845046570703 
 0,44030482641829 
 0,389500423370025 
 0,309060118543607 
 0,535986452159187 
 0,539373412362405 
 0,536833192209991 
 0,355630821337849 
 0,247248094834886 
 0,23454699407282 
 0,16342082980525 
 0,168501270110076 
 0,166807790008467 
 0,165961049957663 
 0,171041490262489 
 0,175275190516511 
 0,169348010160881 
 0,167654530059272 
 0,15580016934801 
 0,149026248941575 
 0,154106689246401 
 0,153259949195597 
 0,162574089754445 
 0,161727349703641 
 0,15580016934801 
 0,149026248941575 
 0,137171888230313 
 0,131244707874682 
 0,135478408128704 
 0,150719729043184 
 0,143945808636749 
 0,194750211685013 
 0,203217612193057 
 0,186282811176969 
 0,190516511430991 
 0,183742591024555 
 0,167654530059272 
 0,171888230313294 
 0,102455546147333 
 0,10584250635055 
 0,104995766299746 
 0,114309906858594 
 0,11346316680779 
 0,126164267569856 
 0,116003386960203 
 0,10584250635055 
 0,100762066045724 
 9,48348856900931E-02 
 8,97544453852667E-02 
 8,46740050804403E-02 
 8,80609652836579E-02 
 8,80609652836579E-02 
 9,14479254868755E-02 
 9,06011854360711E-02 
 8,97544453852667E-02 
 8,89077053344623E-02 
 9,22946655376799E-02 
 9,56816257408975E-02 
 9,48348856900931E-02 
 8,12870448772227E-02 
 7,70533446232007E-02 
 8,04403048264183E-02 
 8,29805249788315E-02 
 7,87468247248095E-02 
 8,55207451312447E-02 
 8,04403048264183E-02 
 8,80609652836579E-02 
 8,63674851820491E-02 
 8,97544453852667E-02 
 8,89077053344623E-02 
 9,14479254868755E-02 
 9,39881456392887E-02 
 9,31414055884843E-02 
 9,56816257408975E-02 
 9,48348856900931E-02 
 9,99153259949196E-02 
 0,10584250635055 
 9,48348856900931E-02 
 9,65283657917019E-02 
 9,56816257408975E-02 
 9,48348856900931E-02 
 9,06011854360711E-02 
 9,22946655376799E-02 
 8,80609652836579E-02 
 8,97544453852667E-02 
 8,89077053344623E-02 
 8,72142252328535E-02 
 8,97544453852667E-02 
 8,80609652836579E-02 
 0,101608806096528 
 9,73751058425063E-02 
 8,46740050804403E-02 
 8,38272650296359E-02 
 8,21337849280271E-02 
 0,183742591024555 
 0,226079593564776 
 0,222692633361558 
 0,216765453005927 
 0,208298052497883 
 0,194750211685013 
 0,189669771380186 
 0,186282811176969 
 0,182895850973751 
 0,175275190516511 
 0,170194750211685 
 0,166807790008467 
 0,154953429297206 
 0,150719729043184 
 0,130397967823878 
 0,127857747671465 
 0,125317527519052 
 0,122777307366638 
 9,90685859441152E-02 
 8,55207451312447E-02 
 8,55207451312447E-02 
 8,55207451312447E-02 
 6,35055038103302E-02 
 6,26587637595258E-02 
 0,060965283657917 
 0,060965283657917 
 6,01185436071126E-02 
 5,50381033022862E-02 
 5,41913632514818E-02 
 4,14902624894158E-02 
 0,102455546147333 
 5,16511430990686E-02 
 5,16511430990686E-02 
 4,57239627434378E-02 
 4,48772226926334E-02 
 5,16511430990686E-02 
 4,74174428450466E-02 
 4,57239627434378E-02 
 4,57239627434378E-02 
 0,044030482641829 
 0,044030482641829 
 4,23370025402202E-02 
 3,89500423370025E-02 
 3,72565622353937E-02 
 3,64098221845893E-02 
 3,38696020321761E-02 
 3,47163420829805E-02 
 3,21761219305673E-02 
 3,04826418289585E-02 
 3,13293818797629E-02 
 2,96359017781541E-02 
 2,70956816257409E-02 
 2,62489415749365E-02 
 2,54022015241321E-02 
 2,37087214225233E-02 
 2,37087214225233E-02 
 2,37087214225233E-02 
 2,28619813717189E-02 
 1,94750211685013E-02 
 2,11685012701101E-02 
 3,55630821337849E-02 
 3,30228619813717E-02 
 3,13293818797629E-02 
 2,96359017781541E-02 
 3,13293818797629E-02 
 2,54022015241321E-02 
 2,37087214225233E-02 
 2,11685012701101E-02 
 1,86282811176969E-02 
 1,35478408128704E-02 
 1,18543607112616E-02 
 1,01608806096528E-02 
 1,18543607112616E-02 
 1,01608806096528E-02 
 8,46740050804403E-03 
 7,62066045723963E-03 
 5,92718035563082E-03 
 4,23370025402202E-03 
 3,38696020321761E-03 
 2,54022015241321E-03 
 3,38696020321761E-03 
 2,54022015241321E-03 
 1,69348010160881E-03 
 8,46740050804403E-04 
 8,46740050804403E-04 
 8,46740050804403E-04 
 0 
 0 
 0 
 0 
 0 
 0 
 0 
 0 
 0 
 0 
 0 
 0 
 0 
 0 
 0 
 0 
 0 
 0 
 0 
 0 
 0 
 0 
 0 
 0 
 0 
 0 
 0 
 0 
 0 
 0 
 0 
 0 
 0 
 0 
 0 
 0 
 0 
 0 
 0 
 0 
 0 
 0 
 0 
 0 
 0 
 0 
 0 
 0 
 0 
 0 
 0 
 0 
 0 
 0 
 0 
 0 
 0 
 0 
 0 
 0 
 0 
 0 
 0 
 0 
 0 
 0 
 0 
 0 
 0 
 0 
 0 
 0 
 0 
 0 
 0 
 0 
 0 
 0 
 0 
 0 
 0 
 0 
 0 
 0 
 0 
 0 
 0 
 0 
 0 
 0 
 0 
 0 
 0 
 0 
 0 
 0 
 0 
 0 
 0 
 0 
 0 
 0 
 0 
 0 
 0 
 0 
 0 
 0 
 0 
 0 
 0 
 0 
 0 
 0 
 0 
 0 
 0 
 0 
 0 
 0 
 0 
 0 
 0 
 0 
 0 
 0 
 0 
 0 
 0 
 0 
 0 
 0 
 0 
 0 
 0 
 0 
 0 
 0 
 0 
 0 
 0 
 0 
 0 
 0 
 0 
 0 
 0 
 0 
 0 
 0 
 0 
 0 
 0 
 0 
 0 
 0 
 0 
 0 
 0 
 0 
 0 
 0 
 0 
 0 
 0 
 0 
 0 
 0 
 0 
 0 
 0 
 0 
 0 
 0 
 0 
 0 
 0 
 0 
 0 
 0 
 0 
 0 
 0 
 0 
 0 
 0 
 0 
 0 
 0 
 0 
 0 
 0 
 0 
 0 
 0 
 0 
 0 
 0 
 0 
 0 
 0 
 0 
 0 
 0 
 0 
 0 
 0 
 0 
 0 
 0 
 0 
 0 
 0 
 0 
 0 
 0 
 0 
 0 
 0 
 0 
 0 
 0 
 0 
 0 
 0 
 0 
 0 
 0 
 0 
 0 
 0 
 0 
 0 
 0 
 0 
 0 
 0 
 0 
 0 
 0 
 0 
 0 
 0 
 0 
 0 
 0 
 0 
 0 
 0 
 0 
 0 
 0 
 0 
 0 
 0 
 0 
 0 
 0 
 0 
 0 
 0 
 0 
 0 
 0 
 0 
 0 
 0 
 0 
 0 
 0 
 0 
 0 
 0 
 0 
 0 
 0 
 0 
 0 
 0 
 0 
 0 
 0 
 0 
 0 
 0 
 0 
 0 
 0 
 0 
 0 
 0 
 0 
 0 
 0 
 0 
 0 
 0 
 0 
 0 
 0 
 0 
 0 
 0 
 0 
 0 
 0 
 0 
 0 
 0 
 0 
 0 
