 0 
 0 
 0 
 0 
 0 
 0 
 0 
 0 
 0 
 0 
 0 
 0 
 0 
 0 
 0 
 0 
 0 
 0 
 0 
 0 
 0 
 0 
 0 
 0 
 0 
 0 
 0 
 0 
 0 
 0 
 0 
 0 
 0 
 0 
 0 
 0 
 0 
 0 
 0 
 0 
 0 
 0 
 0 
 0 
 0 
 0 
 0 
 0 
 0 
 0 
 0 
 0 
 0 
 0 
 0 
 0 
 0 
 0 
 0 
 0 
 0 
 0 
 0 
 0 
 0 
 0 
 0 
 0 
 0 
 0 
 0 
 0 
 0 
 0 
 0 
 0 
 0 
 0 
 0 
 0 
 0 
 0 
 0 
 0 
 0 
 0 
 0 
 0 
 0 
 0 
 0 
 0 
 0 
 0 
 0 
 0 
 0 
 0 
 0 
 0 
 0 
 0 
 0 
 0 
 0 
 0 
 0 
 0 
 0 
 0 
 0 
 0 
 0 
 0 
 0 
 0 
 0 
 0 
 0 
 0 
 0 
 0 
 0 
 0 
 0 
 0 
 0 
 0 
 0 
 0 
 0 
 0 
 0 
 0 
 0 
 0 
 0 
 0 
 0 
 0 
 0 
 0 
 0 
 0 
 0 
 0 
 0 
 0 
 0 
 0 
 0 
 0 
 0 
 0 
 0 
 0 
 0 
 0 
 0 
 0 
 0 
 0 
 0 
 0 
 0 
 0 
 0 
 0 
 0 
 0 
 0 
 0 
 0 
 0 
 0 
 0 
 0 
 0 
 0 
 0 
 0 
 0 
 0 
 0 
 0 
 0 
 0 
 0 
 0 
 0 
 0 
 0 
 0 
 0 
 0 
 0 
 0 
 0 
 0 
 0 
 0 
 0 
 0 
 0 
 0 
 0 
 0 
 0 
 0 
 0 
 0 
 0 
 0 
 0 
 0 
 0 
 0 
 0 
 0 
 0 
 0 
 0 
 0 
 0 
 0 
 0 
 0 
 0 
 0 
 0 
 0 
 0 
 0 
 0 
 0 
 0 
 0 
 0 
 0 
 0 
 0 
 0 
 0 
 0 
 0 
 0 
 0 
 0 
 0 
 0 
 0 
 0 
 0 
 0 
 0 
 0 
 0 
 0 
 0 
 0 
 0 
 0 
 0 
 0 
 0 
 0 
 0 
 0 
 0 
 0 
 0 
 0 
 0 
 0 
 0 
 0 
 0 
 0 
 0 
 0 
 0 
 0 
 0 
 0 
 0 
 0 
 0 
 0 
 0 
 0 
 0 
 0 
 0 
 0 
 0 
 0 
 0 
 0 
 0 
 0 
 0 
 0 
 0 
 0 
 0 
 0 
 0 
 0 
 0 
 0 
 0 
 0 
 0 
 0 
 0 
 0 
 0 
 0 
 0 
 0 
 0 
 0 
 0 
 0 
 0 
 0 
 0 
 0 
 0 
 0 
 0 
 0 
 0 
 0 
 0 
 0 
 0 
 0 
 0 
 0 
 0 
 0 
 0 
 0 
 0 
 0 
 0 
 0 
 0 
 0 
 0 
 0 
 0 
 0 
 0 
 0 
 0 
 0 
 0 
 0 
 0 
 0 
 0 
 0 
 0 
 0 
 0 
 0 
 0 
 0 
 0 
 0 
 0 
 0 
 0 
 0 
 0 
 0 
 0 
 0 
 0 
 0 
 0 
 0 
 0 
 0 
 0 
 0 
 0 
 0 
 0 
 0 
 0 
 0 
 0 
 0 
 0 
 0 
 0 
 0 
 0 
 0 
 0 
 0 
 0 
 0 
 0 
 0 
 0 
 0 
 0 
 0 
 0 
 0 
 0 
 0 
 0 
 0 
 0 
 0 
 0 
 0 
 0 
 0 
 0 
 0 
 0 
 0 
 0 
 0 
 0 
 0 
 0 
 0 
 0 
 0 
 0 
 0 
 0 
 8,46740050804403E-04 
 8,46740050804403E-04 
 8,46740050804403E-04 
 8,46740050804403E-04 
 8,46740050804403E-04 
 1,69348010160881E-03 
 1,69348010160881E-03 
 1,69348010160881E-03 
 2,54022015241321E-03 
 2,54022015241321E-03 
 3,38696020321761E-03 
 3,38696020321761E-03 
 4,23370025402202E-03 
 5,08044030482642E-03 
 5,92718035563082E-03 
 6,77392040643522E-03 
 5,92718035563082E-03 
 5,08044030482642E-03 
 6,77392040643522E-03 
 1,01608806096528E-02 
 1,60880609652837E-02 
 1,69348010160881E-02 
 1,69348010160881E-02 
 1,52413209144793E-02 
 1,60880609652837E-02 
 1,60880609652837E-02 
 1,86282811176969E-02 
 1,94750211685013E-02 
 2,11685012701101E-02 
 2,20152413209145E-02 
 2,20152413209145E-02 
 2,20152413209145E-02 
 1,94750211685013E-02 
 2,03217612193057E-02 
 1,94750211685013E-02 
 3,55630821337849E-02 
 3,97967823878069E-02 
 3,97967823878069E-02 
 9,31414055884843E-02 
 9,73751058425063E-02 
 0,101608806096528 
 0,106689246401355 
 9,82218458933107E-02 
 0,100762066045724 
 0,10584250635055 
 0,108382726502964 
 0,111769686706181 
 0,116003386960203 
 0,119390347163421 
 0,122777307366638 
 0,128704487722269 
 0,132091447925487 
 0,122777307366638 
 0,126164267569856 
 0,129551227773074 
 0,132091447925487 
 0,135478408128704 
 0,170194750211685 
 0,174428450465707 
 0,177815410668925 
 0,14225232853514 
 0,144792548687553 
 0,171888230313294 
 0,201524132091448 
 0,20575783234547 
 0,209144792548688 
 0,21337849280271 
 0,217612193056732 
 0,220999153259949 
 0,225232853513971 
 0,229466553767993 
 0,233700254022015 
 0,237087214225233 
 0,241320914479255 
 0,245554614733277 
 0,249788314987299 
 0,253175275190517 
 0,257408975444539 
 0,261642675698561 
 0,265876375952583 
 0,2692633361558 
 0,273497036409822 
 0,247248094834886 
 0,24809483488569 
 0,220152413209145 
 0,202370872142252 
 0,293818797629128 
 0,29805249788315 
 0,301439458086367 
 0,305673158340389 
 0,303132938187976 
 0,307366638441998 
 0,31160033869602 
 0,309060118543607 
 0,305673158340389 
 0,309906858594412 
 0,313293818797629 
 0,317527519051651 
 0,320914479254869 
 0,320914479254869 
 0,325148179508891 
 0,331922099915326 
 0,214225232853514 
 0,360711261642676 
 0,364944961896698 
 0,36917866215072 
 0,372565622353937 
 0,376799322607959 
 0,380186282811177 
 0,384419983065199 
 0,388653683319221 
 0,392040643522439 
 0,396274343776461 
 0,399661303979678 
 0,4038950042337 
 0,407281964436918 
 0,41151566469094 
 0,414902624894157 
 0,41913632514818 
 0,422523285351397 
 0,426756985605419 
 0,430143945808637 
 0,434377646062659 
 0,437764606265876 
 0,441998306519898 
 0,387806943268417 
 0,39034716342083 
 0,335309060118544 
 0,342082980524979 
 0,317527519051651 
 0,334462320067739 
 0,337002540220152 
 0,339542760372566 
 0,370872142252329 
 0,373412362404742 
 0,381033022861981 
 0,335309060118544 
 0,376799322607959 
 0,375105842506351 
 0,38272650296359 
 0,385266723116003 
 0,181202370872142 
 0,187976291278577 
 0,16342082980525 
 0,118543607112616 
 0,119390347163421 
 0,125317527519052 
 0,131244707874682 
 0,12701100762066 
 0,132938187976291 
 0,133784928027096 
 0,139712108382726 
 0,135478408128704 
 0,131244707874682 
 0,143099068585944 
 0,171041490262489 
 0,172734970364098 
 0,178662150719729 
 0,174428450465707 
 0,153259949195597 
 0,125317527519052 
 0,126164267569856 
 0,12108382726503 
 0,110076206604572 
 0,110922946655377 
 0,10584250635055 
 0,10584250635055 
 0,106689246401355 
 0,107535986452159 
 0,11346316680779 
 0,114309906858594 
 0,12108382726503 
 0,152413209144793 
 0,146486028789162 
 0,147332768839966 
 0,148179508890771 
 0,154953429297206 
 0,15580016934801 
 0,150719729043184 
 0,157493649449619 
 0,171041490262489 
 0,177815410668925 
 0,217612193056732 
 0,218458933107536 
 0,199830651989839 
 0,200677392040644 
 0,162574089754445 
 0,170194750211685 
 0,171041490262489 
 0,165114309906859 
 0,165961049957663 
 0,166807790008467 
 0,173581710414903 
 0,181202370872142 
 0,175275190516511 
 0,196443691786621 
 0,190516511430991 
 0,19813717188823 
 0,20575783234547 
 0,165114309906859 
 0,172734970364098 
 0,471634208298052 
 0,487722269263336 
 0,272650296359018 
 0,189669771380186 
 0,182895850973751 
 0,183742591024555 
 0,18458933107536 
 0,185436071126164 
 0,164267569856054 
 0,165114309906859 
 0,158340389500423 
 0,165961049957663 
 0,166807790008467 
 0,167654530059272 
 0,175275190516511 
 0,160880609652837 
 0,169348010160881 
 0,169348010160881 
 0,177815410668925 
 0,15580016934801 
 0,156646909398815 
 0,149026248941575 
 0,1346316680779 
 0,104995766299746 
 0,11346316680779 
 0,11346316680779 
 0,12108382726503 
 0,114309906858594 
 0,114309906858594 
 0,115156646909399 
 9,22946655376799E-02 
 8,46740050804403E-02 
 9,22946655376799E-02 
 0,100762066045724 
 0,100762066045724 
 9,31414055884843E-02 
 9,39881456392887E-02 
 8,63674851820491E-02 
 8,63674851820491E-02 
 8,63674851820491E-02 
 8,63674851820491E-02 
 7,11261642675699E-02 
 7,11261642675699E-02 
 8,72142252328535E-02 
 7,95935647756139E-02 
 7,95935647756139E-02 
 9,56816257408975E-02 
 9,65283657917019E-02 
 9,65283657917019E-02 
 0,104995766299746 
 0,104995766299746 
 9,73751058425063E-02 
 0,138018628281118 
 0,138018628281118 
 0,146486028789162 
 0,16342082980525 
 0,15580016934801 
 0,15580016934801 
 0,148179508890771 
 0,139712108382726 
 0,156646909398815 
 0,140558848433531 
 0,149026248941575 
 0,124470787468247 
 0,108382726502964 
 0,108382726502964 
 0,108382726502964 
 9,22946655376799E-02 
 9,22946655376799E-02 
 0,117696867061812 
 0,109229466553768 
 0,109229466553768 
 0,110076206604572 
 0,110076206604572 
 0,110076206604572 
 0,118543607112616 
 0,118543607112616 
 0,119390347163421 
 0,119390347163421 
 0,102455546147333 
 9,39881456392887E-02 
 8,55207451312447E-02 
 8,55207451312447E-02 
 8,55207451312447E-02 
 8,55207451312447E-02 
 9,48348856900931E-02 
 0,111769686706181 
 0,111769686706181 
 0,103302286198137 
 0,129551227773074 
 0,129551227773074 
 0,130397967823878 
 0,130397967823878 
 0,104149026248942 
 9,56816257408975E-02 
 9,56816257408975E-02 
 7,87468247248095E-02 
 8,72142252328535E-02 
 8,72142252328535E-02 
 8,72142252328535E-02 
 8,72142252328535E-02 
 7,87468247248095E-02 
 7,87468247248095E-02 
 8,80609652836579E-02 
 8,80609652836579E-02 
 8,80609652836579E-02 
 8,80609652836579E-02 
 8,80609652836579E-02 
 0,10584250635055 
 0,123624047417443 
 0,123624047417443 
 0,123624047417443 
 0,123624047417443 
 0,115156646909399 
 0,115156646909399 
 0,10584250635055 
 0,115156646909399 
 0,115156646909399 
 0,124470787468247 
 0,124470787468247 
 0,124470787468247 
 0,14225232853514 
 0,150719729043184 
 0,151566469093988 
 0,160033869602032 
 0,177815410668925 
 0,151566469093988 
 0,151566469093988 
 0,151566469093988 
 0,151566469093988 
 0,151566469093988 
 0,160880609652837 
 0,160880609652837 
 0,151566469093988 
 0,151566469093988 
 0,169348010160881 
 0,169348010160881 
 0,169348010160881 
 0,160880609652837 
 0,169348010160881 
 0,160880609652837 
 0,169348010160881 
 0,178662150719729 
 0,169348010160881 
 0,196443691786621 
 0,187129551227773 
 0,204911092294666 
 0,204911092294666 
 0,196443691786621 
 0,214225232853514 
 0,232006773920406 
 0,222692633361558 
 0,267569856054191 
 0,267569856054191 
 0,258255715495343 
 0,248941574936494 
 0,24047417442845 
 0,248941574936494 
 0,24047417442845 
 0,21337849280271 
 0,21337849280271 
 0,231160033869602 
 0,266723116003387 
 0,275190516511431 
 0,283657917019475 
 0,283657917019475 
 0,283657917019475 
 0,292125317527519 
 0,274343776460627 
 0,274343776460627 
 0,274343776460627 
 0,574089754445385 
 0,574089754445385 
 0,502963590177815 
 0,537679932260796 
 0,414055884843353 
 0,598645215918713 
 0,615580016934801 
 0,606265876375953 
 0,631668077900085 
 0,754445385266723 
 0,753598645215919 
 0,656223539373412 
 0,646909398814564 
 0,655376799322608 
 0,64606265876376 
 0,671464860287892 
 0,679085520745131 
 0,643522438611346 
 0,642675698560542 
 0,624894157493649 
 0,66723116003387 
 0,762066045723963 
 0,752751905165114 
 0,734123624047417 
 0,724809483488569 
 0,749364944961897 
 0,748518204911092 
 0,729889923793395 
 0,712108382726503 
 0,711261642675699 
 0,710414902624894 
 0,768839966130398 
 0,767993226079594 
 0,766299745977985 
 0,76545300592718 
 0,747671464860288 
 0,822184589331075 
 0,668924640135478 
 0,701100762066046 
 0,708721422523285 
 0,716342082980525 
 0,714648602878916 
 0,789161727349704 
 0,838272650296359 
 0,83657917019475 
 0,834885690093141 
 0,833192209991533 
 0,832345469940728 
 0,830651989839119 
 0,828958509737511 
 0,827265029635902 
 0,825571549534293 
 0,823878069432684 
 0,822184589331075 
 0,820491109229467 
 0,818797629127858 
 0,817104149026249 
 0,81541066892464 
 0,813717188823031 
 0,812023708721422 
 0,810330228619814 
 0,8077900084674 
 0,806096528365792 
 0,804403048264183 
 0,802709568162574 
 0,801016088060965 
 0,798475867908552 
 0,796782387806943 
 0,548687552921253 
 0,697713801862828 
 0,68839966130398 
 0,69432684165961 
 0,613886536833192 
 0,612193056731583 
 0,586790855207451 
 0,601185436071126 
 0,576629974597799 
 0,504657070279424 
 0,696867061812024 
 0,687552921253175 
 0,701100762066046 
 0,706181202370872 
 0,76545300592718 
 0,763759525825571 
 0,761219305673158 
 0,758679085520745 
 0,756985605419136 
 0,754445385266723 
 0,75190516511431 
 0,749364944961897 
 0,747671464860288 
 0,707874682472481 
 0,705334462320068 
 0,696020321761219 
 0,685859441151566 
 0,735817104149026 
 0,733276883996613 
 0,7307366638442 
 0,728196443691787 
 0,725656223539373 
 0,72311600338696 
 0,720575783234547 
 0,718035563082134 
 0,707874682472481 
 0,705334462320068 
 0,702794242167655 
 0,651143099068586 
 0,648602878916173 
 0,590177815410669 
 0,5385266723116 
 0,536833192209991 
 0,486028789161727 
 0,622353937341236 
 0,606265876375953 
 0,603725656223539 
 0,607959356477561 
 0,578323454699407 
 0,501270110076207 
 0,499576629974598 
 0,51735817104149 
 0,514817950889077 
 0,519898391193903 
 0,524132091447925 
 0,528365791701948 
 0,53259949195597 
 0,556308213378493 
 0,573243014394581 
 0,648602878916173 
 0,64606265876376 
 0,642675698560542 
 0,639288738357324 
 0,611346316680779 
 0,595258255715495 
 0,598645215918713 
 0,590177815410669 
 0,586790855207451 
 0,584250635055038 
 0,587637595258256 
 0,590177815410669 
 0,299745977984759 
 0,206604572396274 
 0,20575783234547 
 0,228619813717189 
 0,257408975444539 
 0,244707874682472 
 0,243014394580864 
 0,247248094834886 
 0,252328535139712 
 0,244707874682472 
 0,243861134631668 
 0,242167654530059 
 0,252328535139712 
 0,216765453005927 
 0,220999153259949 
 0,225232853513971 
 0,207451312447079 
 0,20575783234547 
 0,193903471634208 
 0,192209991532599 
 0,191363251481795 
 0,195596951735817 
 0,183742591024555 
 0,204064352243861 
 0,154106689246401 
 0,174428450465707 
 0,183742591024555 
 0,19813717188823 
 0,186282811176969 
 0,170194750211685 
 0,16342082980525 
 0,167654530059272 
 0,156646909398815 
 0,215071972904318 
 0,188823031329382 
 0,187976291278577 
 0,186282811176969 
 0,18458933107536 
 0,178662150719729 
 0,153259949195597 
 0,156646909398815 
 0,146486028789162 
 0,154106689246401 
 0,157493649449619 
 0,156646909398815 
 0,150719729043184 
 0,171888230313294 
 0,157493649449619 
 0,151566469093988 
 0,154953429297206 
 0,162574089754445 
 0,156646909398815 
 0,138018628281118 
 0,132091447925487 
 0,139712108382726 
 0,138018628281118 
 0,145639288738357 
 0,139712108382726 
 0,143099068585944 
 0,133784928027096 
 0,132091447925487 
 0,131244707874682 
 0,117696867061812 
 0,112616426756986 
 0,107535986452159 
 9,90685859441152E-02 
 9,39881456392887E-02 
 9,31414055884843E-02 
 9,22946655376799E-02 
 8,80609652836579E-02 
 9,06011854360711E-02 
 9,31414055884843E-02 
 8,80609652836579E-02 
 9,48348856900931E-02 
 9,99153259949196E-02 
 9,56816257408975E-02 
 7,79000846740051E-02 
 8,38272650296359E-02 
 8,21337849280271E-02 
 8,80609652836579E-02 
 9,06011854360711E-02 
 9,56816257408975E-02 
 9,14479254868755E-02 
 9,65283657917019E-02 
 9,82218458933107E-02 
 9,39881456392887E-02 
 9,56816257408975E-02 
 9,73751058425063E-02 
 9,90685859441152E-02 
 9,99153259949196E-02 
 0,112616426756986 
 0,116850127011008 
 0,112616426756986 
 0,11346316680779 
 0,106689246401355 
 8,12870448772227E-02 
 7,95935647756139E-02 
 8,12870448772227E-02 
 7,79000846740051E-02 
 7,62066045723963E-02 
 7,02794242167655E-02 
 6,18120237087214E-02 
 8,21337849280271E-02 
 8,04403048264183E-02 
 7,87468247248095E-02 
 7,95935647756139E-02 
 8,97544453852667E-02 
 9,39881456392887E-02 
 0,11346316680779 
 0,109229466553768 
 0,104995766299746 
 0,12701100762066 
 0,121930567315834 
 0,146486028789162 
 0,183742591024555 
 0,180355630821338 
 0,060965283657917 
 5,75783234546994E-02 
 5,75783234546994E-02 
 5,84250635055038E-02 
 6,18120237087214E-02 
 0,056731583403895 
 0,119390347163421 
 0,131244707874682 
 0,127857747671465 
 0,137171888230313 
 0,133784928027096 
 7,53598645215919E-02 
 7,45131244707875E-02 
 8,04403048264183E-02 
 5,84250635055038E-02 
 6,26587637595258E-02 
 6,43522438611346E-02 
 6,77392040643522E-02 
 7,62066045723963E-02 
 7,36663844199831E-02 
 7,70533446232007E-02 
 7,53598645215919E-02 
 7,28196443691787E-02 
 7,11261642675699E-02 
 2,03217612193057E-02 
 1,94750211685013E-02 
 1,86282811176969E-02 
 1,60880609652837E-02 
 1,69348010160881E-02 
 1,43945808636749E-02 
 1,43945808636749E-02 
 1,60880609652837E-02 
 1,69348010160881E-02 
 1,77815410668925E-02 
 2,11685012701101E-02 
 1,77815410668925E-02 
 1,69348010160881E-02 
 1,86282811176969E-02 
 1,69348010160881E-02 
 1,52413209144793E-02 
 1,43945808636749E-02 
 0,012701100762066 
 1,18543607112616E-02 
 1,01608806096528E-02 
 9,31414055884843E-03 
 8,46740050804403E-03 
 6,77392040643522E-03 
 1,69348010160881E-02 
 1,43945808636749E-02 
 6,77392040643522E-03 
 5,92718035563082E-03 
 5,08044030482642E-03 
 4,23370025402202E-03 
 5,92718035563082E-03 
 5,08044030482642E-03 
 4,23370025402202E-03 
 2,54022015241321E-03 
 2,54022015241321E-03 
 1,69348010160881E-03 
 1,69348010160881E-03 
 8,46740050804403E-04 
 8,46740050804403E-04 
 8,46740050804403E-04 
 0 
 0 
 0 
 0 
 0 
 0 
 0 
 0 
 0 
 0 
 0 
 0 
 0 
 0 
 0 
 0 
 0 
 0 
 0 
 0 
 0 
 0 
 0 
 0 
 0 
 0 
 0 
 0 
 0 
 0 
 0 
 0 
 0 
 0 
 0 
 0 
 0 
 0 
 0 
 0 
 0 
 0 
 0 
 0 
 0 
 0 
 0 
 0 
 0 
 0 
 0 
 0 
 0 
 0 
 0 
 0 
 0 
 0 
 0 
 0 
 0 
 0 
 0 
 0 
 0 
 0 
 0 
 0 
 0 
 0 
 0 
 0 
 0 
 0 
 0 
 0 
 0 
 0 
 0 
 0 
 0 
 0 
 0 
 0 
 0 
 0 
 0 
 0 
 0 
 0 
 0 
 0 
 0 
 0 
 0 
 0 
 0 
 0 
 0 
 0 
 0 
 0 
 0 
 0 
 0 
 0 
 0 
 0 
 0 
 0 
 0 
 0 
 0 
 0 
 0 
 0 
 0 
 0 
 0 
 0 
 0 
 0 
 0 
 0 
 0 
 0 
 0 
 0 
 0 
 0 
 0 
 0 
 0 
 0 
 0 
 0 
 0 
 0 
 0 
 0 
 0 
 0 
 0 
 0 
 0 
 0 
 0 
 0 
 0 
 0 
 0 
 0 
 0 
 0 
 0 
 0 
 0 
 0 
 0 
 0 
 0 
 0 
 0 
 0 
 0 
 0 
 0 
 0 
 0 
 0 
 0 
 0 
 0 
 0 
 0 
 0 
 0 
 0 
 0 
 0 
 0 
 0 
 0 
 0 
 0 
 0 
 0 
 0 
 0 
 0 
 0 
 0 
 0 
 0 
 0 
 0 
 0 
 0 
 0 
 0 
 0 
 0 
 0 
 0 
 0 
 0 
 0 
 0 
 0 
 0 
 0 
 0 
 0 
 0 
 0 
 0 
 0 
 0 
 0 
 0 
 0 
 0 
 0 
 0 
 0 
 0 
 0 
 0 
 0 
 0 
 0 
 0 
 0 
 0 
 0 
 0 
 0 
 0 
 0 
 0 
 0 
 0 
 0 
 0 
 0 
 0 
 0 
 0 
 0 
 0 
 0 
 0 
 0 
 0 
 0 
 0 
 0 
 0 
 0 
 0 
 0 
 0 
 0 
 0 
 0 
 0 
 0 
 0 
 0 
 0 
 0 
 0 
 0 
 0 
 0 
 0 
 0 
 0 
 0 
 0 
 0 
 0 
 0 
 0 
 0 
 0 
 0 
 0 
 0 
 0 
 0 
 0 
 0 
 0 
 0 
 0 
 0 
 0 
 0 
 0 
 0 
 0 
 0 
 0 
 0 
 0 
 0 
 0 
 0 
 0 
 0 
