 0 
 0 
 0 
 0 
 0 
 0 
 0 
 0 
 0 
 0 
 0 
 0 
 0 
 0 
 0 
 0 
 0 
 0 
 0 
 0 
 0 
 0 
 0 
 0 
 0 
 0 
 0 
 0 
 0 
 0 
 0 
 0 
 0 
 0 
 0 
 0 
 0 
 0 
 0 
 0 
 0 
 0 
 0 
 0 
 0 
 0 
 0 
 0 
 0 
 0 
 0 
 0 
 0 
 0 
 0 
 0 
 0 
 0 
 0 
 0 
 0 
 0 
 0 
 0 
 0 
 0 
 0 
 0 
 0 
 0 
 0 
 0 
 0 
 0 
 0 
 0 
 0 
 0 
 0 
 0 
 0 
 0 
 0 
 0 
 0 
 0 
 0 
 0 
 0 
 0 
 0 
 0 
 0 
 0 
 0 
 0 
 0 
 0 
 0 
 0 
 0 
 0 
 0 
 0 
 0 
 0 
 0 
 0 
 0 
 0 
 0 
 0 
 0 
 0 
 0 
 0 
 0 
 0 
 0 
 0 
 0 
 0 
 0 
 0 
 0 
 0 
 0 
 0 
 0 
 0 
 0 
 0 
 0 
 0 
 0 
 0 
 0 
 0 
 0 
 0 
 0 
 0 
 0 
 0 
 0 
 0 
 0 
 0 
 0 
 0 
 0 
 0 
 0 
 0 
 0 
 0 
 0 
 0 
 0 
 0 
 0 
 0 
 0 
 0 
 0 
 0 
 0 
 0 
 0 
 0 
 0 
 0 
 0 
 0 
 0 
 0 
 0 
 0 
 0 
 0 
 0 
 0 
 0 
 0 
 0 
 0 
 0 
 0 
 0 
 0 
 0 
 0 
 0 
 0 
 0 
 0 
 0 
 0 
 0 
 0 
 0 
 0 
 0 
 0 
 0 
 0 
 0 
 0 
 0 
 0 
 0 
 0 
 0 
 0 
 0 
 0 
 0 
 0 
 0 
 0 
 0 
 0 
 0 
 0 
 0 
 0 
 0 
 0 
 0 
 0 
 0 
 0 
 0 
 0 
 0 
 0 
 0 
 0 
 0 
 0 
 0 
 0 
 0 
 0 
 0 
 0 
 0 
 0 
 0 
 0 
 0 
 0 
 0 
 0 
 0 
 0 
 0 
 0 
 0 
 0 
 0 
 0 
 0 
 0 
 0 
 0 
 0 
 0 
 0 
 0 
 0 
 0 
 0 
 0 
 0 
 0 
 0 
 0 
 0 
 0 
 0 
 0 
 0 
 0 
 0 
 0 
 0 
 0 
 0 
 0 
 0 
 0 
 0 
 0 
 0 
 0 
 0 
 0 
 0 
 0 
 0 
 0 
 0 
 0 
 0 
 0 
 0 
 0 
 0 
 0 
 0 
 0 
 0 
 0 
 0 
 0 
 0 
 0 
 0 
 0 
 0 
 0 
 0 
 0 
 0 
 0 
 0 
 0 
 0 
 0 
 0 
 0 
 0 
 0 
 0 
 0 
 0 
 0 
 0 
 0 
 0 
 0 
 0 
 0 
 0 
 0 
 0 
 0 
 0 
 0 
 0 
 0 
 0 
 0 
 0 
 0 
 0 
 0 
 0 
 0 
 0 
 0 
 0 
 0 
 0 
 0 
 0 
 0 
 0 
 0 
 0 
 0 
 0 
 0 
 0 
 0 
 0 
 0 
 0 
 0 
 0 
 0 
 0 
 0 
 0 
 0 
 0 
 0 
 0 
 0 
 0 
 0 
 0 
 0 
 0 
 0 
 0 
 0 
 0 
 0 
 0 
 0 
 0 
 0 
 0 
 0 
 0 
 0 
 0 
 0 
 0 
 0 
 0 
 0 
 0 
 0 
 0 
 0 
 0 
 0 
 0 
 0 
 0 
 0 
 0 
 0 
 0 
 0 
 0 
 0 
 0 
 0 
 0 
 0 
 0 
 0 
 0 
 0 
 8,46740050804403E-04 
 8,46740050804403E-04 
 8,46740050804403E-04 
 8,46740050804403E-04 
 8,46740050804403E-04 
 1,69348010160881E-03 
 1,69348010160881E-03 
 2,54022015241321E-03 
 2,54022015241321E-03 
 2,54022015241321E-03 
 3,38696020321761E-03 
 3,38696020321761E-03 
 4,23370025402202E-03 
 4,23370025402202E-03 
 4,23370025402202E-03 
 5,08044030482642E-03 
 5,92718035563082E-03 
 6,77392040643522E-03 
 6,77392040643522E-03 
 6,77392040643522E-03 
 6,77392040643522E-03 
 6,77392040643522E-03 
 7,62066045723963E-03 
 7,62066045723963E-03 
 1,10076206604572E-02 
 1,10076206604572E-02 
 1,10076206604572E-02 
 1,18543607112616E-02 
 1,35478408128704E-02 
 1,35478408128704E-02 
 1,35478408128704E-02 
 1,43945808636749E-02 
 1,52413209144793E-02 
 1,60880609652837E-02 
 1,69348010160881E-02 
 1,69348010160881E-02 
 1,77815410668925E-02 
 2,03217612193057E-02 
 2,11685012701101E-02 
 2,28619813717189E-02 
 2,45554614733277E-02 
 2,54022015241321E-02 
 0,052497883149873 
 5,84250635055038E-02 
 6,18120237087214E-02 
 6,01185436071126E-02 
 6,18120237087214E-02 
 6,60457239627434E-02 
 0,056731583403895 
 5,84250635055038E-02 
 5,41913632514818E-02 
 0,056731583403895 
 6,01185436071126E-02 
 0,069432684165961 
 7,28196443691787E-02 
 0,143945808636749 
 0,138865368331922 
 0,14225232853514 
 0,145639288738357 
 0,139712108382726 
 0,148179508890771 
 0,176121930567316 
 0,179508890770533 
 0,197290431837426 
 0,201524132091448 
 0,20575783234547 
 0,209144792548688 
 0,21337849280271 
 0,160880609652837 
 0,168501270110076 
 0,173581710414903 
 0,183742591024555 
 0,187129551227773 
 0,192209991532599 
 0,186282811176969 
 0,24047417442845 
 0,22692633361558 
 0,116850127011008 
 0,143945808636749 
 0,180355630821338 
 0,170194750211685 
 0,186282811176969 
 0,126164267569856 
 0,125317527519052 
 0,123624047417443 
 0,10584250635055 
 0,104149026248942 
 0,10584250635055 
 0,104149026248942 
 0,111769686706181 
 0,11346316680779 
 0,114309906858594 
 0,116003386960203 
 0,12108382726503 
 0,138018628281118 
 0,133784928027096 
 0,132091447925487 
 0,12701100762066 
 0,131244707874682 
 0,139712108382726 
 0,148179508890771 
 0,171041490262489 
 0,250635055038103 
 0,253175275190517 
 0,267569856054191 
 0,288738357324301 
 0,298899237933954 
 0,305673158340389 
 0,165961049957663 
 0,167654530059272 
 0,17696867061812 
 0,154953429297206 
 0,160880609652837 
 0,162574089754445 
 0,199830651989839 
 0,209991532599492 
 0,211685012701101 
 0,209991532599492 
 0,253175275190517 
 0,259949195596952 
 0,312447078746825 
 0,315834038950042 
 0,331075359864522 
 0,334462320067739 
 0,223539373412362 
 0,211685012701101 
 0,320914479254869 
 0,354784081287045 
 0,339542760372566 
 0,383573243014395 
 0,381879762912786 
 0,380186282811177 
 0,435224386113463 
 0,457239627434378 
 0,469940728196444 
 0,474174428450466 
 0,48264182895851 
 0,486028789161727 
 0,489415749364945 
 0,492802709568163 
 0,497036409822185 
 0,370025402201524 
 0,367485182049111 
 0,248941574936494 
 0,505503810330229 
 0,514817950889077 
 0,518204911092295 
 0,521591871295512 
 0,50381033022862 
 0,491109229466554 
 0,500423370025402 
 0,535139712108383 
 0,5385266723116 
 0,542760372565622 
 0,54614733276884 
 0,549534292972058 
 0,552921253175275 
 0,556308213378493 
 0,50381033022862 
 0,506350550381033 
 0,509737510584251 
 0,512277730736664 
 0,572396274343776 
 0,575783234546994 
 0,579170194750212 
 0,582557154953429 
 0,585944115156647 
 0,34801016088061 
 0,337849280270957 
 0,351397121083827 
 0,347163420829805 
 0,36155800169348 
 0,53259949195597 
 0,523285351397121 
 0,519898391193903 
 0,522438611346317 
 0,556308213378493 
 0,552921253175275 
 0,580016934801016 
 0,583403895004234 
 0,580016934801016 
 0,582557154953429 
 0,579170194750212 
 0,581710414902625 
 0,578323454699407 
 0,586790855207451 
 0,583403895004234 
 0,585944115156647 
 0,412362404741744 
 0,309060118543607 
 0,316680779000847 
 0,31160033869602 
 0,31922099915326 
 0,314140558848434 
 0,36917866215072 
 0,357324301439458 
 0,352243861134632 
 0,381033022861981 
 0,300592718035563 
 0,301439458086367 
 0,254868755292125 
 0,262489415749365 
 0,243014394580864 
 0,237087214225233 
 0,237933954276037 
 0,245554614733277 
 0,260795935647756 
 0,261642675698561 
 0,23454699407282 
 0,242167654530059 
 0,257408975444539 
 0,251481795088908 
 0,252328535139712 
 0,245554614733277 
 0,500423370025402 
 0,654530059271804 
 0,657070279424217 
 0,65198983911939 
 0,654530059271804 
 0,663844199830652 
 0,68839966130398 
 0,690093141405589 
 0,729889923793395 
 0,740050804403048 
 0,741744284504657 
 0,699407281964437 
 0,708721422523285 
 0,703640982218459 
 0,720575783234547 
 0,7307366638442 
 0,686706181202371 
 0,689246401354784 
 0,690939881456393 
 0,669771380186283 
 0,718035563082134 
 0,719729043183743 
 0,722269263336156 
 0,747671464860288 
 0,733276883996613 
 0,735817104149026 
 0,658763759525826 
 0,660457239627434 
 0,654530059271804 
 0,300592718035563 
 0,309060118543607 
 0,302286198137172 
 0,287044877222693 
 0,263336155800169 
 0,215918712955123 
 0,224386113463167 
 0,232853513971211 
 0,201524132091448 
 0,185436071126164 
 0,202370872142252 
 0,203217612193057 
 0,211685012701101 
 0,211685012701101 
 0,196443691786621 
 0,204911092294666 
 0,21337849280271 
 0,21337849280271 
 0,214225232853514 
 0,214225232853514 
 0,215071972904318 
 0,223539373412362 
 0,224386113463167 
 0,241320914479255 
 0,191363251481795 
 0,216765453005927 
 0,217612193056732 
 0,217612193056732 
 0,218458933107536 
 0,22692633361558 
 0,202370872142252 
 0,185436071126164 
 0,194750211685013 
 0,245554614733277 
 0,237087214225233 
 0,229466553767993 
 0,237933954276037 
 0,230313293818798 
 0,247248094834886 
 0,221845893310754 
 0,222692633361558 
 0,257408975444539 
 0,265876375952583 
 0,283657917019475 
 0,713801862828112 
 0,714648602878916 
 0,681625740897544 
 0,682472480948349 
 0,691786621507197 
 0,684165961049958 
 0,372565622353937 
 0,373412362404742 
 0,373412362404742 
 0,321761219305673 
 0,331075359864522 
 0,339542760372566 
 0,366638441998307 
 0,358171041490262 
 0,367485182049111 
 0,349703640982218 
 0,403048264182896 
 0,403048264182896 
 0,377646062658764 
 0,359864521591871 
 0,377646062658764 
 0,386960203217612 
 0,378492802709568 
 0,396274343776461 
 0,397121083827265 
 0,68839966130398 
 0,697713801862828 
 0,689246401354784 
 0,690093141405589 
 0,690093141405589 
 0,699407281964437 
 0,655376799322608 
 0,63844199830652 
 0,656223539373412 
 0,647756138865368 
 0,87891617273497 
 0,888230313293819 
 0,889077053344623 
 0,889077053344623 
 0,889923793395428 
 0,889923793395428 
 0,889923793395428 
 0,890770533446232 
 0,890770533446232 
 0,890770533446232 
 0,65961049957663 
 0,596951735817104 
 0,579170194750212 
 0,722269263336156 
 0,686706181202371 
 0,883149872988992 
 0,883149872988992 
 0,874682472480948 
 0,874682472480948 
 0,856900931414056 
 0,892464013547841 
 0,892464013547841 
 0,892464013547841 
 0,892464013547841 
 0,892464013547841 
 0,892464013547841 
 0,892464013547841 
 0,892464013547841 
 0,891617273497036 
 0,891617273497036 
 0,891617273497036 
 0,891617273497036 
 0,891617273497036 
 0,7307366638442 
 0,721422523285351 
 0,721422523285351 
 0,552074513124471 
 0,21337849280271 
 0,222692633361558 
 0,222692633361558 
 0,248941574936494 
 0,257408975444539 
 0,248941574936494 
 0,24809483488569 
 0,230313293818798 
 0,221845893310754 
 0,212531752751905 
 0,212531752751905 
 0,194750211685013 
 0,203217612193057 
 0,203217612193057 
 0,211685012701101 
 0,203217612193057 
 0,193903471634208 
 0,193903471634208 
 0,220152413209145 
 0,254868755292125 
 0,237087214225233 
 0,237087214225233 
 0,333615580016935 
 0,333615580016935 
 0,324301439458086 
 0,33276883996613 
 0,331922099915326 
 0,410668924640135 
 0,445385266723116 
 0,462320067739204 
 0,548687552921253 
 0,539373412362405 
 0,712108382726503 
 0,711261642675699 
 0,762912785774767 
 0,623200677392041 
 0,587637595258256 
 0,863674851820491 
 0,862828111769687 
 0,861134631668078 
 0,860287891617273 
 0,859441151566469 
 0,85774767146486 
 0,856900931414056 
 0,855207451312447 
 0,854360711261643 
 0,853513971210838 
 0,851820491109229 
 0,850127011007621 
 0,849280270956816 
 0,847586790855207 
 0,846740050804403 
 0,845046570702794 
 0,523285351397121 
 0,505503810330229 
 0,504657070279424 
 0,512277730736664 
 0,561388653683319 
 0,526672311600339 
 0,475867908552075 
 0,466553767993226 
 0,33276883996613 
 0,348856900931414 
 0,447925486875529 
 0,430143945808637 
 0,50381033022862 
 0,494496189669771 
 0,558848433530906 
 0,541913632514818 
 0,540220152413209 
 0,490262489415749 
 0,473327688399661 
 0,480101608806097 
 0,527519051651143 
 0,558848433530906 
 0,371718882303133 
 0,370872142252329 
 0,362404741744284 
 0,36917866215072 
 0,280270956816257 
 0,263336155800169 
 0,294665537679932 
 0,302286198137172 
 0,293818797629128 
 0,2692633361558 
 0,220999153259949 
 0,236240474174428 
 0,220152413209145 
 0,156646909398815 
 0,15580016934801 
 0,15580016934801 
 0,16342082980525 
 0,131244707874682 
 0,131244707874682 
 0,146486028789162 
 0,138018628281118 
 0,191363251481795 
 0,19813717188823 
 0,21337849280271 
 0,197290431837426 
 0,188823031329382 
 0,173581710414903 
 0,172734970364098 
 0,172734970364098 
 0,164267569856054 
 0,164267569856054 
 0,16342082980525 
 0,162574089754445 
 0,154953429297206 
 0,169348010160881 
 0,160880609652837 
 0,153259949195597 
 0,123624047417443 
 0,138018628281118 
 0,151566469093988 
 0,151566469093988 
 0,158340389500423 
 0,157493649449619 
 0,14225232853514 
 0,149026248941575 
 0,148179508890771 
 0,154953429297206 
 0,168501270110076 
 0,175275190516511 
 0,146486028789162 
 0,160033869602032 
 0,165961049957663 
 0,165114309906859 
 0,171888230313294 
 0,18458933107536 
 0,17696867061812 
 0,182895850973751 
 0,168501270110076 
 0,174428450465707 
 0,173581710414903 
 0,160033869602032 
 0,159187129551228 
 0,151566469093988 
 0,144792548687553 
 0,143945808636749 
 0,130397967823878 
 0,136325148179509 
 0,135478408128704 
 0,128704487722269 
 0,1346316680779 
 0,133784928027096 
 0,12701100762066 
 0,119390347163421 
 0,125317527519052 
 0,131244707874682 
 0,130397967823878 
 0,110922946655377 
 0,110922946655377 
 0,116003386960203 
 0,121930567315834 
 0,132938187976291 
 0,138865368331922 
 0,143945808636749 
 0,154953429297206 
 0,148179508890771 
 0,141405588484335 
 0,140558848433531 
 0,139712108382726 
 0,144792548687553 
 0,143945808636749 
 0,143099068585944 
 0,137171888230313 
 0,136325148179509 
 0,135478408128704 
 0,139712108382726 
 0,144792548687553 
 0,132938187976291 
 0,126164267569856 
 0,136325148179509 
 0,135478408128704 
 0,1346316680779 
 0,128704487722269 
 0,143945808636749 
 0,137171888230313 
 0,131244707874682 
 0,125317527519052 
 0,129551227773074 
 0,143945808636749 
 0,132938187976291 
 0,132091447925487 
 0,131244707874682 
 0,154953429297206 
 0,143945808636749 
 0,138018628281118 
 0,12701100762066 
 0,131244707874682 
 0,139712108382726 
 0,138865368331922 
 0,147332768839966 
 0,15580016934801 
 0,173581710414903 
 0,166807790008467 
 0,170194750211685 
 0,150719729043184 
 0,154106689246401 
 0,161727349703641 
 0,169348010160881 
 0,159187129551228 
 0,157493649449619 
 0,165114309906859 
 0,167654530059272 
 0,162574089754445 
 0,148179508890771 
 0,14225232853514 
 0,132938187976291 
 0,132091447925487 
 0,126164267569856 
 0,12108382726503 
 0,124470787468247 
 0,122777307366638 
 0,121930567315834 
 0,120237087214225 
 0,119390347163421 
 0,118543607112616 
 0,116850127011008 
 0,265029635901778 
 0,192209991532599 
 0,233700254022015 
 0,249788314987299 
 0,357324301439458 
 0,346316680779001 
 0,328535139712108 
 0,31160033869602 
 0,201524132091448 
 0,198983911939035 
 0,193903471634208 
 0,191363251481795 
 0,195596951735817 
 0,270956816257409 
 0,267569856054191 
 0,24809483488569 
 0,242167654530059 
 0,223539373412362 
 0,193056731583404 
 0,217612193056732 
 0,217612193056732 
 0,232006773920406 
 0,23454699407282 
 0,231160033869602 
 0,227773073666384 
 0,230313293818798 
 0,267569856054191 
 0,263336155800169 
 0,259102455546147 
 0,25571549534293 
 0,251481795088908 
 0,247248094834886 
 0,236240474174428 
 0,237087214225233 
 0,237933954276037 
 0,233700254022015 
 0,230313293818798 
 0,21930567315834 
 0,217612193056732 
 0,21337849280271 
 0,214225232853514 
 0,144792548687553 
 0,160880609652837 
 0,15580016934801 
 8,89077053344623E-02 
 9,73751058425063E-02 
 0,104149026248942 
 9,65283657917019E-02 
 0,107535986452159 
 0,104995766299746 
 0,104149026248942 
 0,148179508890771 
 0,165961049957663 
 0,162574089754445 
 0,158340389500423 
 0,154106689246401 
 0,119390347163421 
 0,114309906858594 
 0,114309906858594 
 0,119390347163421 
 0,116003386960203 
 4,74174428450466E-02 
 4,31837425910246E-02 
 4,31837425910246E-02 
 4,06435224386113E-02 
 4,06435224386113E-02 
 3,97967823878069E-02 
 3,55630821337849E-02 
 3,47163420829805E-02 
 3,38696020321761E-02 
 3,13293818797629E-02 
 3,13293818797629E-02 
 2,96359017781541E-02 
 2,87891617273497E-02 
 3,38696020321761E-02 
 3,21761219305673E-02 
 3,13293818797629E-02 
 2,87891617273497E-02 
 2,54022015241321E-02 
 2,45554614733277E-02 
 2,54022015241321E-02 
 2,79424216765453E-02 
 2,54022015241321E-02 
 2,70956816257409E-02 
 2,45554614733277E-02 
 9,31414055884843E-03 
 9,31414055884843E-03 
 8,46740050804403E-03 
 7,62066045723963E-03 
 6,77392040643522E-03 
 6,77392040643522E-03 
 5,92718035563082E-03 
 5,08044030482642E-03 
 5,08044030482642E-03 
 4,23370025402202E-03 
 4,23370025402202E-03 
 3,38696020321761E-03 
 3,38696020321761E-03 
 3,38696020321761E-03 
 2,54022015241321E-03 
 2,54022015241321E-03 
 2,54022015241321E-03 
 2,54022015241321E-03 
 2,54022015241321E-03 
 1,69348010160881E-03 
 1,69348010160881E-03 
 8,46740050804403E-04 
 8,46740050804403E-04 
 8,46740050804403E-04 
 8,46740050804403E-04 
 0 
 0 
 0 
 0 
 0 
 0 
 0 
 0 
 0 
 0 
 0 
 0 
 0 
 0 
 0 
 0 
 0 
 0 
 0 
 0 
 0 
 0 
 0 
 0 
 0 
 0 
 0 
 0 
 0 
 0 
 0 
 0 
 0 
 0 
 0 
 0 
 0 
 0 
 0 
 0 
 0 
 0 
 0 
 0 
 0 
 0 
 0 
 0 
 0 
 0 
 0 
 0 
 0 
 0 
 0 
 0 
 0 
 0 
 0 
 0 
 0 
 0 
 0 
 0 
 0 
 0 
 0 
 0 
 0 
 0 
 0 
 0 
 0 
 0 
 0 
 0 
 0 
 0 
 0 
 0 
 0 
 0 
 0 
 0 
 0 
 0 
 0 
 0 
 0 
 0 
 0 
 0 
 0 
 0 
 0 
 0 
 0 
 0 
 0 
 0 
 0 
 0 
 0 
 0 
 0 
 0 
 0 
 0 
 0 
 0 
 0 
 0 
 0 
 0 
 0 
 0 
 0 
 0 
 0 
 0 
 0 
 0 
 0 
 0 
 0 
 0 
 0 
 0 
 0 
 0 
 0 
 0 
 0 
 0 
 0 
 0 
 0 
 0 
 0 
 0 
 0 
 0 
 0 
 0 
 0 
 0 
 0 
 0 
 0 
 0 
 0 
 0 
 0 
 0 
 0 
 0 
 0 
 0 
 0 
 0 
 0 
 0 
 0 
 0 
 0 
 0 
 0 
 0 
 0 
 0 
 0 
 0 
 0 
 0 
 0 
 0 
 0 
 0 
 0 
 0 
 0 
 0 
 0 
 0 
 0 
 0 
 0 
 0 
 0 
 0 
 0 
 0 
 0 
 0 
 0 
 0 
 0 
 0 
 0 
 0 
 0 
 0 
 0 
 0 
 0 
 0 
 0 
 0 
 0 
 0 
 0 
 0 
 0 
 0 
 0 
 0 
 0 
 0 
 0 
 0 
 0 
 0 
 0 
 0 
 0 
 0 
 0 
 0 
 0 
 0 
 0 
 0 
 0 
 0 
 0 
 0 
 0 
 0 
 0 
 0 
 0 
 0 
 0 
 0 
 0 
 0 
 0 
 0 
 0 
 0 
 0 
 0 
 0 
 0 
 0 
 0 
 0 
 0 
 0 
 0 
 0 
 0 
 0 
 0 
 0 
 0 
 0 
 0 
 0 
 0 
 0 
 0 
 0 
 0 
 0 
 0 
 0 
 0 
 0 
 0 
 0 
 0 
 0 
 0 
 0 
 0 
 0 
 0 
 0 
 0 
 0 
 0 
 0 
 0 
 0 
 0 
 0 
 0 
 0 
 0 
 0 
 0 
 0 
 0 
 0 
 0 
 0 
 0 
 0 
 0 
 0 
 0 
 0 
