 0 
 0 
 0 
 0 
 0 
 0 
 0 
 0 
 0 
 0 
 0 
 0 
 0 
 0 
 0 
 0 
 0 
 0 
 0 
 0 
 0 
 0 
 0 
 0 
 0 
 0 
 0 
 0 
 0 
 0 
 0 
 0 
 0 
 0 
 0 
 0 
 0 
 0 
 0 
 0 
 0 
 0 
 0 
 0 
 0 
 0 
 0 
 0 
 0 
 0 
 0 
 0 
 0 
 0 
 0 
 0 
 0 
 0 
 0 
 0 
 0 
 0 
 0 
 0 
 0 
 0 
 0 
 0 
 0 
 0 
 0 
 0 
 0 
 0 
 0 
 0 
 0 
 0 
 0 
 0 
 0 
 0 
 0 
 0 
 0 
 0 
 0 
 0 
 0 
 0 
 0 
 0 
 0 
 0 
 0 
 0 
 0 
 0 
 0 
 0 
 0 
 0 
 0 
 0 
 0 
 0 
 0 
 0 
 0 
 0 
 0 
 0 
 0 
 0 
 0 
 0 
 0 
 0 
 0 
 0 
 0 
 0 
 0 
 0 
 0 
 0 
 0 
 0 
 0 
 0 
 0 
 0 
 0 
 0 
 0 
 0 
 0 
 0 
 0 
 0 
 0 
 0 
 0 
 0 
 0 
 0 
 0 
 0 
 0 
 0 
 0 
 0 
 0 
 0 
 0 
 0 
 0 
 0 
 0 
 0 
 0 
 0 
 0 
 0 
 0 
 0 
 0 
 0 
 0 
 0 
 0 
 0 
 0 
 0 
 0 
 0 
 0 
 0 
 0 
 0 
 0 
 0 
 0 
 0 
 0 
 0 
 0 
 0 
 0 
 0 
 0 
 0 
 0 
 0 
 0 
 0 
 0 
 0 
 0 
 0 
 0 
 0 
 0 
 0 
 0 
 0 
 0 
 0 
 0 
 0 
 0 
 0 
 0 
 0 
 0 
 0 
 0 
 0 
 0 
 0 
 0 
 0 
 0 
 0 
 0 
 0 
 0 
 0 
 0 
 0 
 0 
 0 
 0 
 0 
 0 
 0 
 0 
 0 
 0 
 0 
 0 
 0 
 0 
 0 
 0 
 0 
 0 
 0 
 0 
 0 
 0 
 0 
 0 
 0 
 0 
 0 
 0 
 0 
 0 
 0 
 0 
 0 
 0 
 0 
 0 
 0 
 0 
 0 
 0 
 0 
 0 
 0 
 0 
 0 
 0 
 0 
 0 
 0 
 0 
 0 
 0 
 0 
 0 
 0 
 0 
 0 
 0 
 0 
 0 
 0 
 0 
 0 
 0 
 0 
 0 
 0 
 0 
 0 
 0 
 0 
 0 
 0 
 0 
 0 
 0 
 0 
 0 
 0 
 0 
 0 
 0 
 0 
 0 
 0 
 0 
 0 
 0 
 0 
 0 
 0 
 0 
 0 
 0 
 0 
 0 
 0 
 0 
 0 
 0 
 0 
 0 
 0 
 0 
 0 
 0 
 0 
 0 
 0 
 0 
 0 
 0 
 0 
 0 
 0 
 0 
 0 
 0 
 0 
 0 
 0 
 0 
 0 
 0 
 0 
 0 
 0 
 0 
 0 
 0 
 0 
 0 
 0 
 0 
 0 
 0 
 0 
 0 
 0 
 0 
 0 
 0 
 0 
 0 
 0 
 0 
 0 
 0 
 0 
 0 
 0 
 0 
 0 
 0 
 0 
 0 
 0 
 0 
 0 
 0 
 0 
 0 
 0 
 0 
 0 
 0 
 0 
 0 
 0 
 0 
 0 
 0 
 0 
 0 
 0 
 0 
 0 
 0 
 0 
 0 
 0 
 0 
 0 
 0 
 0 
 0 
 0 
 0 
 0 
 0 
 0 
 0 
 0 
 0 
 0 
 0 
 0 
 0 
 0 
 0 
 0 
 0 
 0 
 0 
 0 
 0 
 0 
 8,46740050804403E-04 
 8,46740050804403E-04 
 8,46740050804403E-04 
 1,69348010160881E-03 
 1,69348010160881E-03 
 2,54022015241321E-03 
 2,54022015241321E-03 
 3,38696020321761E-03 
 4,23370025402202E-03 
 4,23370025402202E-03 
 7,62066045723963E-03 
 8,46740050804403E-03 
 7,62066045723963E-03 
 8,46740050804403E-03 
 9,31414055884843E-03 
 1,01608806096528E-02 
 9,31414055884843E-03 
 0,012701100762066 
 1,35478408128704E-02 
 2,70956816257409E-02 
 2,96359017781541E-02 
 3,21761219305673E-02 
 3,47163420829805E-02 
 3,72565622353937E-02 
 3,97967823878069E-02 
 4,23370025402202E-02 
 1,77815410668925E-02 
 1,86282811176969E-02 
 2,11685012701101E-02 
 2,11685012701101E-02 
 1,94750211685013E-02 
 1,86282811176969E-02 
 1,94750211685013E-02 
 1,94750211685013E-02 
 2,03217612193057E-02 
 2,28619813717189E-02 
 2,11685012701101E-02 
 1,69348010160881E-02 
 1,77815410668925E-02 
 1,86282811176969E-02 
 2,20152413209145E-02 
 2,37087214225233E-02 
 2,37087214225233E-02 
 2,70956816257409E-02 
 2,79424216765453E-02 
 2,87891617273497E-02 
 2,79424216765453E-02 
 2,79424216765453E-02 
 2,62489415749365E-02 
 2,45554614733277E-02 
 2,20152413209145E-02 
 2,45554614733277E-02 
 2,45554614733277E-02 
 2,37087214225233E-02 
 2,62489415749365E-02 
 2,54022015241321E-02 
 2,45554614733277E-02 
 2,79424216765453E-02 
 2,87891617273497E-02 
 2,62489415749365E-02 
 2,87891617273497E-02 
 3,47163420829805E-02 
 3,72565622353937E-02 
 3,97967823878069E-02 
 3,89500423370025E-02 
 3,55630821337849E-02 
 3,64098221845893E-02 
 3,47163420829805E-02 
 3,55630821337849E-02 
 4,23370025402202E-02 
 4,31837425910246E-02 
 0,044030482641829 
 4,99576629974598E-02 
 5,08044030482642E-02 
 5,16511430990686E-02 
 4,99576629974598E-02 
 5,33446232006774E-02 
 5,41913632514818E-02 
 5,50381033022862E-02 
 6,60457239627434E-02 
 6,68924640135478E-02 
 6,26587637595258E-02 
 6,35055038103302E-02 
 6,77392040643522E-02 
 7,11261642675699E-02 
 7,79000846740051E-02 
 7,87468247248095E-02 
 7,95935647756139E-02 
 7,79000846740051E-02 
 9,65283657917019E-02 
 0,101608806096528 
 0,102455546147333 
 0,104149026248942 
 0,108382726502964 
 0,119390347163421 
 0,117696867061812 
 0,121930567315834 
 0,120237087214225 
 0,158340389500423 
 0,156646909398815 
 0,154953429297206 
 0,167654530059272 
 0,162574089754445 
 0,132938187976291 
 0,159187129551228 
 0,135478408128704 
 0,140558848433531 
 0,138865368331922 
 0,143945808636749 
 0,153259949195597 
 0,101608806096528 
 0,106689246401355 
 0,23454699407282 
 0,259949195596952 
 0,392040643522439 
 0,396274343776461 
 0,399661303979678 
 0,4038950042337 
 0,407281964436918 
 0,41151566469094 
 0,414902624894157 
 0,41913632514818 
 0,422523285351397 
 0,426756985605419 
 0,430143945808637 
 0,434377646062659 
 0,437764606265876 
 0,441998306519898 
 0,445385266723116 
 0,448772226926334 
 0,453005927180356 
 0,456392887383573 
 0,44623200677392 
 0,454699407281964 
 0,458086367485182 
 0,457239627434378 
 0,460626587637595 
 0,44030482641829 
 0,434377646062659 
 0,427603725656224 
 0,41151566469094 
 0,408975444538527 
 0,412362404741744 
 0,405588484335309 
 0,408128704487722 
 0,420829805249788 
 0,424216765453006 
 0,426756985605419 
 0,42506350550381 
 0,437764606265876 
 0,436071126164268 
 0,443691786621507 
 0,447078746824725 
 0,497883149872989 
 0,506350550381033 
 0,509737510584251 
 0,524132091447925 
 0,384419983065199 
 0,342929720575783 
 0,294665537679932 
 0,291278577476715 
 0,287044877222693 
 0,282811176968671 
 0,307366638441998 
 0,3268416596105 
 0,299745977984759 
 0,254868755292125 
 0,244707874682472 
 0,222692633361558 
 0,229466553767993 
 0,373412362404742 
 0,345469940728196 
 0,335309060118544 
 0,337002540220152 
 0,344623200677392 
 0,389500423370025 
 0,605419136325148 
 0,565622353937341 
 0,592718035563082 
 0,564775613886537 
 0,492802709568163 
 0,513971210838273 
 0,516511430990686 
 0,164267569856054 
 0,165114309906859 
 0,165961049957663 
 0,154106689246401 
 0,161727349703641 
 0,161727349703641 
 0,156646909398815 
 0,16342082980525 
 0,164267569856054 
 0,158340389500423 
 0,172734970364098 
 0,172734970364098 
 0,166807790008467 
 0,160880609652837 
 0,154953429297206 
 0,15580016934801 
 0,17696867061812 
 0,149872988992379 
 0,150719729043184 
 0,151566469093988 
 0,131244707874682 
 0,145639288738357 
 0,146486028789162 
 0,139712108382726 
 0,132938187976291 
 0,133784928027096 
 0,1346316680779 
 0,1346316680779 
 0,135478408128704 
 0,128704487722269 
 0,121930567315834 
 0,115156646909399 
 0,130397967823878 
 0,130397967823878 
 0,109229466553768 
 0,109229466553768 
 0,110076206604572 
 0,103302286198137 
 0,103302286198137 
 9,65283657917019E-02 
 9,65283657917019E-02 
 9,65283657917019E-02 
 0,104995766299746 
 0,112616426756986 
 0,112616426756986 
 0,11346316680779 
 0,11346316680779 
 0,11346316680779 
 0,106689246401355 
 0,114309906858594 
 9,99153259949196E-02 
 9,99153259949196E-02 
 0,107535986452159 
 0,116003386960203 
 0,123624047417443 
 0,116850127011008 
 0,124470787468247 
 0,124470787468247 
 0,125317527519052 
 0,110076206604572 
 0,117696867061812 
 0,118543607112616 
 0,110922946655377 
 0,12701100762066 
 0,119390347163421 
 0,103302286198137 
 0,104149026248942 
 0,111769686706181 
 0,112616426756986 
 0,112616426756986 
 0,104995766299746 
 0,250635055038103 
 0,250635055038103 
 0,251481795088908 
 0,27688399661304 
 0,293818797629128 
 0,293818797629128 
 0,294665537679932 
 0,320067739204064 
 0,320914479254869 
 0,320914479254869 
 0,321761219305673 
 0,322607959356478 
 0,314987298899238 
 0,323454699407282 
 0,507197290431837 
 0,516511430990686 
 0,492802709568163 
 0,451312447078747 
 0,41913632514818 
 0,830651989839119 
 0,81541066892464 
 0,817104149026249 
 0,700254022015241 
 0,633361558001693 
 0,601185436071126 
 0,466553767993226 
 0,46740050804403 
 0,46740050804403 
 0,468247248094835 
 0,469093988145639 
 0,512277730736664 
 0,504657070279424 
 0,470787468247248 
 0,463166807790008 
 0,472480948348857 
 0,576629974597799 
 0,542760372565622 
 0,552074513124471 
 0,802709568162574 
 0,821337849280271 
 0,796782387806943 
 0,779847586790855 
 0,537679932260796 
 0,512277730736664 
 0,452159187129551 
 0,453005927180356 
 0,444538526672312 
 0,366638441998307 
 0,349703640982218 
 0,393734123624047 
 0,385266723116003 
 0,447078746824725 
 0,473327688399661 
 0,500423370025402 
 0,509737510584251 
 0,47502116850127 
 0,44030482641829 
 0,431837425910246 
 0,379339542760373 
 0,423370025402202 
 0,405588484335309 
 0,406435224386113 
 0,397967823878069 
 0,397967823878069 
 0,619813717188823 
 0,6731583403895 
 0,602878916172735 
 0,611346316680779 
 0,718882303132938 
 0,718882303132938 
 0,763759525825571 
 0,763759525825571 
 0,77307366638442 
 0,738357324301439 
 0,738357324301439 
 0,738357324301439 
 0,729889923793395 
 0,729889923793395 
 0,7307366638442 
 0,7307366638442 
 0,7307366638442 
 0,7307366638442 
 0,704487722269263 
 0,731583403895004 
 0,696020321761219 
 0,696020321761219 
 0,375105842506351 
 0,401354784081287 
 0,51735817104149 
 0,51735817104149 
 0,508890770533446 
 0,508890770533446 
 0,535139712108383 
 0,535139712108383 
 0,597798475867909 
 0,633361558001693 
 0,633361558001693 
 0,615580016934801 
 0,624047417442845 
 0,686706181202371 
 0,668924640135478 
 0,65961049957663 
 0,632514817950889 
 0,641828958509738 
 0,427603725656224 
 0,445385266723116 
 0,436071126164268 
 0,444538526672312 
 0,444538526672312 
 0,436071126164268 
 0,381879762912786 
 0,381879762912786 
 0,399661303979678 
 0,39034716342083 
 0,354784081287045 
 0,372565622353937 
 0,345469940728196 
 0,345469940728196 
 0,336155800169348 
 0,318374259102456 
 0,3268416596105 
 0,300592718035563 
 0,335309060118544 
 0,46740050804403 
 0,475867908552075 
 0,492802709568163 
 0,47502116850127 
 0,47502116850127 
 0,509737510584251 
 0,508890770533446 
 0,499576629974598 
 0,481795088907705 
 0,314987298899238 
 0,305673158340389 
 0,331922099915326 
 0,41913632514818 
 0,418289585097375 
 0,408975444538527 
 0,722269263336156 
 0,721422523285351 
 0,720575783234547 
 0,719729043183743 
 0,718882303132938 
 0,769686706181202 
 0,768839966130398 
 0,716342082980525 
 0,714648602878916 
 0,705334462320068 
 0,704487722269263 
 0,695173581710415 
 0,685859441151566 
 0,684165961049958 
 0,683319220999153 
 0,682472480948349 
 0,690093141405589 
 0,68077900084674 
 0,679085520745131 
 0,779847586790855 
 0,779000846740051 
 0,329381879762913 
 0,312447078746825 
 0,345469940728196 
 0,554614733276884 
 0,621507197290432 
 0,695173581710415 
 0,677392040643522 
 0,676545300592718 
 0,783234546994073 
 0,832345469940728 
 0,830651989839119 
 0,828958509737511 
 0,827265029635902 
 0,825571549534293 
 0,823878069432684 
 0,822184589331075 
 0,820491109229467 
 0,818797629127858 
 0,817104149026249 
 0,741744284504657 
 0,723962743437765 
 0,722269263336156 
 0,712955122777307 
 0,727349703640982 
 0,70956816257409 
 0,707874682472481 
 0,706181202370872 
 0,704487722269263 
 0,343776460626588 
 0,796782387806943 
 0,795088907705334 
 0,793395427603726 
 0,790855207451312 
 0,789161727349704 
 0,78662150719729 
 0,784928027095682 
 0,783234546994073 
 0,78069432684166 
 0,779000846740051 
 0,776460626587638 
 0,774767146486029 
 0,772226926333616 
 0,770533446232007 
 0,767993226079594 
 0,76545300592718 
 0,763759525825571 
 0,761219305673158 
 0,758679085520745 
 0,756985605419136 
 0,754445385266723 
 0,75190516511431 
 0,749364944961897 
 0,747671464860288 
 0,745131244707875 
 0,742591024555461 
 0,740050804403048 
 0,737510584250635 
 0,632514817950889 
 0,623200677392041 
 0,635901778154107 
 0,552921253175275 
 0,624047417442845 
 0,556308213378493 
 0,547840812870449 
 0,5385266723116 
 0,536833192209991 
 0,506350550381033 
 0,57493649449619 
 0,565622353937341 
 0,563928873835732 
 0,547840812870449 
 0,545300592718036 
 0,529212531752752 
 0,513971210838273 
 0,518204911092295 
 0,536833192209991 
 0,541913632514818 
 0,560541913632515 
 0,564775613886537 
 0,562235393734124 
 0,566469093988146 
 0,558001693480102 
 0,555461473327688 
 0,54614733276884 
 0,550381033022862 
 0,528365791701948 
 0,525825571549534 
 0,523285351397121 
 0,541066892464014 
 0,506350550381033 
 0,509737510584251 
 0,513971210838273 
 0,505503810330229 
 0,515664690939881 
 0,285351397121084 
 0,283657917019475 
 0,294665537679932 
 0,505503810330229 
 0,497036409822185 
 0,364944961896698 
 0,375105842506351 
 0,373412362404742 
 0,359017781541067 
 0,345469940728196 
 0,180355630821338 
 0,173581710414903 
 0,166807790008467 
 0,171888230313294 
 0,288738357324301 
 0,270110076206605 
 0,280270956816257 
 0,272650296359018 
 0,270956816257409 
 0,2692633361558 
 0,250635055038103 
 0,153259949195597 
 0,157493649449619 
 0,190516511430991 
 0,188823031329382 
 0,187976291278577 
 0,181202370872142 
 0,223539373412362 
 0,206604572396274 
 0,215918712955123 
 0,209144792548688 
 0,207451312447079 
 0,195596951735817 
 0,188823031329382 
 0,151566469093988 
 0,114309906858594 
 0,118543607112616 
 0,117696867061812 
 0,111769686706181 
 0,10584250635055 
 0,110076206604572 
 0,119390347163421 
 0,118543607112616 
 0,112616426756986 
 0,111769686706181 
 0,110922946655377 
 0,182049110922947 
 0,180355630821338 
 0,207451312447079 
 0,210838272650296 
 0,190516511430991 
 0,226079593564776 
 0,223539373412362 
 0,21337849280271 
 0,206604572396274 
 0,200677392040644 
 0,17696867061812 
 0,188823031329382 
 0,173581710414903 
 0,17696867061812 
 0,162574089754445 
 0,156646909398815 
 0,34801016088061 
 0,341236240474174 
 0,337849280270957 
 0,334462320067739 
 0,331075359864522 
 0,331922099915326 
 0,337002540220152 
 0,341236240474174 
 0,342082980524979 
 0,335309060118544 
 0,293818797629128 
 0,282811176968671 
 0,272650296359018 
 0,199830651989839 
 0,193903471634208 
 0,187976291278577 
 0,186282811176969 
 0,180355630821338 
 0,178662150719729 
 0,169348010160881 
 0,143945808636749 
 0,149026248941575 
 0,216765453005927 
 0,210838272650296 
 0,202370872142252 
 0,221845893310754 
 0,215918712955123 
 0,19813717188823 
 0,204911092294666 
 0,198983911939035 
 0,181202370872142 
 0,199830651989839 
 0,15580016934801 
 0,144792548687553 
 0,143099068585944 
 0,143945808636749 
 0,136325148179509 
 0,137171888230313 
 0,132091447925487 
 0,127857747671465 
 0,110076206604572 
 0,108382726502964 
 0,114309906858594 
 0,107535986452159 
 0,103302286198137 
 8,72142252328535E-02 
 0,106689246401355 
 7,95935647756139E-02 
 7,79000846740051E-02 
 7,87468247248095E-02 
 7,53598645215919E-02 
 6,77392040643522E-02 
 6,60457239627434E-02 
 5,84250635055038E-02 
 4,14902624894158E-02 
 0,192209991532599 
 0,186282811176969 
 0,171041490262489 
 0,166807790008467 
 0,165114309906859 
 0,160033869602032 
 0,154953429297206 
 0,165114309906859 
 0,161727349703641 
 0,156646909398815 
 0,154106689246401 
 0,150719729043184 
 0,137171888230313 
 0,137171888230313 
 0,133784928027096 
 0,132938187976291 
 0,127857747671465 
 0,129551227773074 
 0,116850127011008 
 0,115156646909399 
 0,111769686706181 
 8,12870448772227E-02 
 7,53598645215919E-02 
 9,65283657917019E-02 
 9,48348856900931E-02 
 9,06011854360711E-02 
 8,89077053344623E-02 
 8,63674851820491E-02 
 0,048264182895851 
 2,20152413209145E-02 
 1,94750211685013E-02 
 1,77815410668925E-02 
 1,69348010160881E-02 
 1,60880609652837E-02 
 1,18543607112616E-02 
 1,01608806096528E-02 
 9,31414055884843E-03 
 8,46740050804403E-03 
 8,46740050804403E-03 
 8,46740050804403E-03 
 7,62066045723963E-03 
 7,62066045723963E-03 
 6,77392040643522E-03 
 5,92718035563082E-03 
 5,92718035563082E-03 
 5,92718035563082E-03 
 5,92718035563082E-03 
 5,92718035563082E-03 
 5,08044030482642E-03 
 4,23370025402202E-03 
 4,23370025402202E-03 
 4,23370025402202E-03 
 3,38696020321761E-03 
 3,38696020321761E-03 
 7,62066045723963E-03 
 7,62066045723963E-03 
 7,62066045723963E-03 
 5,92718035563082E-03 
 5,08044030482642E-03 
 3,38696020321761E-03 
 2,54022015241321E-03 
 1,69348010160881E-03 
 3,38696020321761E-03 
 2,54022015241321E-03 
 2,54022015241321E-03 
 1,69348010160881E-03 
 8,46740050804403E-04 
 8,46740050804403E-04 
 0 
 0 
 0 
 0 
 0 
 0 
 0 
 0 
 0 
 0 
 0 
 0 
 0 
 0 
 0 
 0 
 0 
 0 
 0 
 0 
 0 
 0 
 0 
 0 
 0 
 0 
 0 
 0 
 0 
 0 
 0 
 0 
 0 
 0 
 0 
 0 
 0 
 0 
 0 
 0 
 0 
 0 
 0 
 0 
 0 
 0 
 0 
 0 
 0 
 0 
 0 
 0 
 0 
 0 
 0 
 0 
 0 
 0 
 0 
 0 
 0 
 0 
 0 
 0 
 0 
 0 
 0 
 0 
 0 
 0 
 0 
 0 
 0 
 0 
 0 
 0 
 0 
 0 
 0 
 0 
 0 
 0 
 0 
 0 
 0 
 0 
 0 
 0 
 0 
 0 
 0 
 0 
 0 
 0 
 0 
 0 
 0 
 0 
 0 
 0 
 0 
 0 
 0 
 0 
 0 
 0 
 0 
 0 
 0 
 0 
 0 
 0 
 0 
 0 
 0 
 0 
 0 
 0 
 0 
 0 
 0 
 0 
 0 
 0 
 0 
 0 
 0 
 0 
 0 
 0 
 0 
 0 
 0 
 0 
 0 
 0 
 0 
 0 
 0 
 0 
 0 
 0 
 0 
 0 
 0 
 0 
 0 
 0 
 0 
 0 
 0 
 0 
 0 
 0 
 0 
 0 
 0 
 0 
 0 
 0 
 0 
 0 
 0 
 0 
 0 
 0 
 0 
 0 
 0 
 0 
 0 
 0 
 0 
 0 
 0 
 0 
 0 
 0 
 0 
 0 
 0 
 0 
 0 
 0 
 0 
 0 
 0 
 0 
 0 
 0 
 0 
 0 
 0 
 0 
 0 
 0 
 0 
 0 
 0 
 0 
 0 
 0 
 0 
 0 
 0 
 0 
 0 
 0 
 0 
 0 
 0 
 0 
 0 
 0 
 0 
 0 
 0 
 0 
 0 
 0 
 0 
 0 
 0 
 0 
 0 
 0 
 0 
 0 
 0 
 0 
 0 
 0 
 0 
 0 
 0 
 0 
 0 
 0 
 0 
 0 
 0 
 0 
 0 
 0 
 0 
 0 
 0 
 0 
 0 
 0 
 0 
 0 
 0 
 0 
 0 
 0 
 0 
 0 
 0 
 0 
 0 
 0 
 0 
 0 
 0 
 0 
 0 
 0 
 0 
 0 
 0 
 0 
 0 
 0 
 0 
 0 
 0 
 0 
 0 
 0 
 0 
 0 
 0 
 0 
 0 
 0 
 0 
 0 
 0 
 0 
 0 
 0 
 0 
 0 
 0 
 0 
 0 
 0 
 0 
 0 
 0 
 0 
 0 
 0 
 0 
 0 
 0 
 0 
 0 
 0 
 0 
 0 
