 0 
 0 
 0 
 0 
 0 
 0 
 0 
 0 
 0 
 0 
 0 
 0 
 0 
 0 
 0 
 0 
 0 
 0 
 0 
 0 
 0 
 0 
 0 
 0 
 0 
 0 
 0 
 0 
 0 
 0 
 0 
 0 
 0 
 0 
 0 
 0 
 0 
 0 
 0 
 0 
 0 
 0 
 0 
 0 
 0 
 0 
 0 
 0 
 0 
 0 
 0 
 0 
 0 
 0 
 0 
 0 
 0 
 0 
 0 
 0 
 0 
 0 
 0 
 0 
 0 
 0 
 0 
 0 
 0 
 0 
 0 
 0 
 0 
 0 
 0 
 0 
 0 
 0 
 0 
 0 
 0 
 0 
 0 
 0 
 0 
 0 
 0 
 0 
 0 
 0 
 0 
 0 
 0 
 0 
 0 
 0 
 0 
 0 
 0 
 0 
 0 
 0 
 0 
 0 
 0 
 0 
 0 
 0 
 0 
 0 
 0 
 0 
 0 
 0 
 0 
 0 
 0 
 0 
 0 
 0 
 0 
 0 
 0 
 0 
 0 
 0 
 0 
 0 
 0 
 0 
 0 
 0 
 0 
 0 
 0 
 0 
 0 
 0 
 0 
 0 
 0 
 0 
 0 
 0 
 0 
 0 
 0 
 0 
 0 
 0 
 0 
 0 
 0 
 0 
 0 
 0 
 0 
 0 
 0 
 0 
 0 
 0 
 0 
 0 
 0 
 0 
 0 
 0 
 0 
 0 
 0 
 0 
 0 
 0 
 0 
 0 
 0 
 0 
 0 
 0 
 0 
 0 
 0 
 0 
 0 
 0 
 0 
 0 
 0 
 0 
 0 
 0 
 0 
 0 
 0 
 0 
 0 
 0 
 0 
 0 
 0 
 0 
 0 
 0 
 0 
 0 
 0 
 0 
 0 
 0 
 0 
 0 
 0 
 0 
 0 
 0 
 0 
 0 
 0 
 0 
 0 
 0 
 0 
 0 
 0 
 0 
 0 
 0 
 0 
 0 
 0 
 0 
 0 
 0 
 0 
 0 
 0 
 0 
 0 
 0 
 0 
 0 
 0 
 0 
 0 
 0 
 0 
 0 
 0 
 0 
 0 
 0 
 0 
 0 
 0 
 0 
 0 
 0 
 0 
 0 
 0 
 0 
 0 
 0 
 0 
 0 
 0 
 0 
 0 
 0 
 0 
 0 
 0 
 0 
 0 
 0 
 0 
 0 
 0 
 0 
 0 
 0 
 0 
 0 
 0 
 0 
 0 
 0 
 0 
 0 
 0 
 0 
 0 
 0 
 0 
 0 
 0 
 0 
 0 
 0 
 0 
 0 
 0 
 0 
 0 
 0 
 0 
 0 
 0 
 0 
 0 
 0 
 0 
 0 
 0 
 0 
 0 
 0 
 0 
 0 
 0 
 0 
 0 
 0 
 0 
 0 
 0 
 0 
 0 
 0 
 0 
 0 
 0 
 0 
 0 
 0 
 0 
 0 
 0 
 0 
 0 
 0 
 0 
 0 
 0 
 0 
 0 
 0 
 0 
 0 
 0 
 0 
 0 
 0 
 0 
 0 
 0 
 0 
 0 
 0 
 0 
 0 
 0 
 0 
 0 
 0 
 0 
 0 
 0 
 0 
 0 
 0 
 0 
 0 
 0 
 0 
 0 
 0 
 0 
 0 
 0 
 0 
 0 
 0 
 0 
 0 
 0 
 0 
 0 
 0 
 0 
 0 
 0 
 0 
 0 
 0 
 0 
 0 
 0 
 0 
 0 
 0 
 0 
 0 
 0 
 0 
 0 
 0 
 0 
 0 
 0 
 0 
 0 
 0 
 0 
 0 
 0 
 0 
 0 
 0 
 0 
 0 
 0 
 0 
 0 
 0 
 0 
 0 
 0 
 0 
 0 
 0 
 0 
 0 
 0 
 8,46740050804403E-04 
 8,46740050804403E-04 
 1,69348010160881E-03 
 2,54022015241321E-03 
 2,54022015241321E-03 
 4,23370025402202E-03 
 5,08044030482642E-03 
 4,23370025402202E-03 
 5,92718035563082E-03 
 4,23370025402202E-03 
 5,08044030482642E-03 
 6,77392040643522E-03 
 7,62066045723963E-03 
 9,31414055884843E-03 
 1,10076206604572E-02 
 0,012701100762066 
 1,01608806096528E-02 
 1,10076206604572E-02 
 1,10076206604572E-02 
 1,10076206604572E-02 
 1,77815410668925E-02 
 1,86282811176969E-02 
 2,20152413209145E-02 
 2,37087214225233E-02 
 2,20152413209145E-02 
 2,37087214225233E-02 
 2,79424216765453E-02 
 2,87891617273497E-02 
 3,97967823878069E-02 
 3,64098221845893E-02 
 3,81033022861981E-02 
 0,044030482641829 
 0,044030482641829 
 2,87891617273497E-02 
 2,79424216765453E-02 
 2,87891617273497E-02 
 2,87891617273497E-02 
 3,13293818797629E-02 
 3,21761219305673E-02 
 3,38696020321761E-02 
 3,30228619813717E-02 
 3,47163420829805E-02 
 3,55630821337849E-02 
 4,23370025402202E-02 
 3,21761219305673E-02 
 3,38696020321761E-02 
 3,13293818797629E-02 
 2,96359017781541E-02 
 3,04826418289585E-02 
 2,87891617273497E-02 
 3,21761219305673E-02 
 3,30228619813717E-02 
 3,30228619813717E-02 
 4,23370025402202E-02 
 4,31837425910246E-02 
 4,31837425910246E-02 
 0,044030482641829 
 0,048264182895851 
 4,99576629974598E-02 
 5,41913632514818E-02 
 5,75783234546994E-02 
 6,01185436071126E-02 
 5,41913632514818E-02 
 5,58848433530906E-02 
 0,056731583403895 
 5,84250635055038E-02 
 0,060965283657917 
 6,60457239627434E-02 
 7,36663844199831E-02 
 7,53598645215919E-02 
 7,70533446232007E-02 
 7,79000846740051E-02 
 6,43522438611346E-02 
 0,065198983911939 
 7,11261642675699E-02 
 7,45131244707875E-02 
 7,62066045723963E-02 
 7,28196443691787E-02 
 0,10584250635055 
 9,99153259949196E-02 
 8,38272650296359E-02 
 8,46740050804403E-02 
 7,62066045723963E-02 
 7,45131244707875E-02 
 8,12870448772227E-02 
 8,21337849280271E-02 
 8,63674851820491E-02 
 8,46740050804403E-02 
 8,89077053344623E-02 
 9,22946655376799E-02 
 9,99153259949196E-02 
 9,82218458933107E-02 
 0,12108382726503 
 0,119390347163421 
 0,12108382726503 
 0,132091447925487 
 0,133784928027096 
 0,135478408128704 
 0,165961049957663 
 0,161727349703641 
 0,263336155800169 
 0,303979678238781 
 0,307366638441998 
 0,314140558848434 
 0,244707874682472 
 0,353090601185436 
 0,357324301439458 
 0,360711261642676 
 0,364944961896698 
 0,36917866215072 
 0,372565622353937 
 0,376799322607959 
 0,380186282811177 
 0,380186282811177 
 0,380186282811177 
 0,384419983065199 
 0,360711261642676 
 0,364098221845893 
 0,221845893310754 
 0,228619813717189 
 0,23454699407282 
 0,228619813717189 
 0,226079593564776 
 0,165114309906859 
 0,171041490262489 
 0,171888230313294 
 0,169348010160881 
 0,179508890770533 
 0,171888230313294 
 0,15580016934801 
 0,171041490262489 
 0,198983911939035 
 0,209991532599492 
 0,215918712955123 
 0,218458933107536 
 0,210838272650296 
 0,15580016934801 
 0,151566469093988 
 0,158340389500423 
 0,260795935647756 
 0,262489415749365 
 0,23454699407282 
 0,232006773920406 
 0,233700254022015 
 0,135478408128704 
 0,141405588484335 
 0,157493649449619 
 0,158340389500423 
 0,154106689246401 
 0,15580016934801 
 0,161727349703641 
 0,178662150719729 
 0,179508890770533 
 0,181202370872142 
 0,17696867061812 
 0,172734970364098 
 0,157493649449619 
 0,136325148179509 
 0,143099068585944 
 0,132938187976291 
 0,116850127011008 
 0,111769686706181 
 0,112616426756986 
 8,46740050804403E-02 
 8,55207451312447E-02 
 6,26587637595258E-02 
 6,35055038103302E-02 
 6,35055038103302E-02 
 6,43522438611346E-02 
 5,84250635055038E-02 
 7,02794242167655E-02 
 8,29805249788315E-02 
 8,29805249788315E-02 
 8,38272650296359E-02 
 8,46740050804403E-02 
 8,46740050804403E-02 
 9,14479254868755E-02 
 8,55207451312447E-02 
 8,63674851820491E-02 
 9,22946655376799E-02 
 8,72142252328535E-02 
 0,10584250635055 
 9,99153259949196E-02 
 0,126164267569856 
 0,12701100762066 
 0,12701100762066 
 0,12108382726503 
 0,116003386960203 
 0,116003386960203 
 0,110076206604572 
 0,104149026248942 
 0,104995766299746 
 0,111769686706181 
 0,118543607112616 
 0,119390347163421 
 0,126164267569856 
 0,106689246401355 
 0,107535986452159 
 0,100762066045724 
 0,101608806096528 
 9,48348856900931E-02 
 0,102455546147333 
 0,102455546147333 
 0,110076206604572 
 0,110922946655377 
 0,132091447925487 
 0,181202370872142 
 0,188823031329382 
 0,182895850973751 
 0,239627434377646 
 0,310753598645216 
 0,304826418289585 
 0,298899237933954 
 0,300592718035563 
 0,387806943268417 
 0,403048264182896 
 0,426756985605419 
 0,362404741744284 
 0,334462320067739 
 0,336155800169348 
 0,337002540220152 
 0,359864521591871 
 0,619813717188823 
 0,629127857747671 
 0,601185436071126 
 0,535986452159187 
 0,613039796782388 
 0,614733276883997 
 0,624047417442845 
 0,407281964436918 
 0,415749364944962 
 0,394580863674852 
 0,403048264182896 
 0,381879762912786 
 0,39034716342083 
 0,153259949195597 
 0,146486028789162 
 0,161727349703641 
 0,147332768839966 
 0,147332768839966 
 0,132091447925487 
 0,140558848433531 
 0,140558848433531 
 0,141405588484335 
 0,141405588484335 
 0,14225232853514 
 0,1346316680779 
 0,143099068585944 
 0,135478408128704 
 0,135478408128704 
 0,127857747671465 
 0,143945808636749 
 0,160880609652837 
 0,144792548687553 
 0,153259949195597 
 0,161727349703641 
 0,170194750211685 
 0,138018628281118 
 0,138018628281118 
 0,154953429297206 
 0,171888230313294 
 0,180355630821338 
 0,180355630821338 
 0,542760372565622 
 0,543607112616427 
 0,536833192209991 
 0,752751905165114 
 0,753598645215919 
 0,772226926333616 
 0,831498729889924 
 0,833192209991533 
 0,834885690093141 
 0,83657917019475 
 0,837425910245555 
 0,839119390347163 
 0,840812870448772 
 0,842506350550381 
 0,843353090601185 
 0,845046570702794 
 0,846740050804403 
 0,847586790855207 
 0,849280270956816 
 0,850127011007621 
 0,732430143945809 
 0,733276883996613 
 0,734970364098222 
 0,735817104149026 
 0,728196443691787 
 0,566469093988146 
 0,575783234546994 
 0,585097375105842 
 0,602878916172735 
 0,603725656223539 
 0,569856054191363 
 0,78662150719729 
 0,805249788314987 
 0,806096528365792 
 0,806943268416596 
 0,616426756985605 
 0,469940728196444 
 0,443691786621507 
 0,453005927180356 
 0,619813717188823 
 0,663844199830652 
 0,664690939881456 
 0,33276883996613 
 0,324301439458086 
 0,315834038950042 
 0,315834038950042 
 0,289585097375106 
 0,29043183742591 
 0,264182895850974 
 0,264182895850974 
 0,273497036409822 
 0,273497036409822 
 0,25571549534293 
 0,273497036409822 
 0,256562235393734 
 0,256562235393734 
 0,300592718035563 
 0,42506350550381 
 0,540220152413209 
 0,56731583403895 
 0,550381033022862 
 0,576629974597799 
 0,524132091447925 
 0,541913632514818 
 0,541913632514818 
 0,551227773073666 
 0,52497883149873 
 0,676545300592718 
 0,676545300592718 
 0,685859441151566 
 0,677392040643522 
 0,677392040643522 
 0,436917866215072 
 0,436917866215072 
 0,436917866215072 
 0,44623200677392 
 0,41913632514818 
 0,41913632514818 
 0,508890770533446 
 0,454699407281964 
 0,580016934801016 
 0,552921253175275 
 0,571549534292972 
 0,651143099068586 
 0,642675698560542 
 0,651143099068586 
 0,41913632514818 
 0,357324301439458 
 0,365791701947502 
 0,285351397121084 
 0,410668924640135 
 0,44623200677392 
 0,409822184589331 
 0,427603725656224 
 0,757832345469941 
 0,793395427603726 
 0,80186282811177 
 0,845893310753599 
 0,889923793395428 
 0,889923793395428 
 0,889923793395428 
 0,889077053344623 
 0,889077053344623 
 0,888230313293819 
 0,888230313293819 
 0,887383573243014 
 0,887383573243014 
 0,88653683319221 
 0,885690093141406 
 0,885690093141406 
 0,884843353090601 
 0,875529212531753 
 0,848433530906012 
 0,3268416596105 
 0,3268416596105 
 0,335309060118544 
 0,317527519051651 
 0,299745977984759 
 0,325994919559695 
 0,316680779000847 
 0,307366638441998 
 0,351397121083827 
 0,368331922099915 
 0,429297205757832 
 0,419983065198984 
 0,428450465707028 
 0,410668924640135 
 0,366638441998307 
 0,357324301439458 
 0,357324301439458 
 0,356477561388654 
 0,356477561388654 
 0,486028789161727 
 0,468247248094835 
 0,450465707027942 
 0,466553767993226 
 0,466553767993226 
 0,525825571549534 
 0,404741744284505 
 0,421676545300593 
 0,447078746824725 
 0,403048264182896 
 0,274343776460627 
 0,281964436917866 
 0,298899237933954 
 0,281117696867062 
 0,264182895850974 
 0,237933954276037 
 0,246401354784081 
 0,254022015241321 
 0,237087214225233 
 0,236240474174428 
 0,227773073666384 
 0,21930567315834 
 0,218458933107536 
 0,22692633361558 
 0,226079593564776 
 0,23454699407282 
 0,233700254022015 
 0,241320914479255 
 0,215918712955123 
 0,224386113463167 
 0,207451312447079 
 0,223539373412362 
 0,222692633361558 
 0,238780694326842 
 0,238780694326842 
 0,229466553767993 
 0,229466553767993 
 0,237087214225233 
 0,236240474174428 
 0,227773073666384 
 0,251481795088908 
 0,23454699407282 
 0,23454699407282 
 0,226079593564776 
 0,225232853513971 
 0,224386113463167 
 0,232006773920406 
 0,247248094834886 
 0,238780694326842 
 0,230313293818798 
 0,230313293818798 
 0,237087214225233 
 0,252328535139712 
 0,267569856054191 
 0,29043183742591 
 0,289585097375106 
 0,281117696867062 
 0,334462320067739 
 0,310753598645216 
 0,24047417442845 
 0,247248094834886 
 0,238780694326842 
 0,237933954276037 
 0,244707874682472 
 0,313293818797629 
 0,259102455546147 
 0,243014394580864 
 0,242167654530059 
 0,513124470787468 
 0,511430990685859 
 0,749364944961897 
 0,545300592718036 
 0,558848433530906 
 0,557154953429297 
 0,34801016088061 
 0,347163420829805 
 0,507197290431837 
 0,498729889923793 
 0,489415749364945 
 0,625740897544454 
 0,602032176121931 
 0,310753598645216 
 0,281117696867062 
 0,309060118543607 
 0,307366638441998 
 0,277730736663844 
 0,262489415749365 
 0,276037256562235 
 0,275190516511431 
 0,281117696867062 
 0,308213378492803 
 0,306519898391194 
 0,291278577476715 
 0,262489415749365 
 0,241320914479255 
 0,247248094834886 
 0,204911092294666 
 0,17696867061812 
 0,176121930567316 
 0,175275190516511 
 0,160880609652837 
 0,260795935647756 
 0,639288738357324 
 0,657070279424217 
 0,653683319220999 
 0,644369178662151 
 0,641828958509738 
 0,63844199830652 
 0,408975444538527 
 0,491109229466554 
 0,314987298899238 
 0,300592718035563 
 0,31160033869602 
 0,29805249788315 
 0,359017781541067 
 0,263336155800169 
 0,224386113463167 
 0,248941574936494 
 0,247248094834886 
 0,252328535139712 
 0,244707874682472 
 0,267569856054191 
 0,242167654530059 
 0,247248094834886 
 0,227773073666384 
 0,232853513971211 
 0,237087214225233 
 0,294665537679932 
 0,334462320067739 
 0,175275190516511 
 0,162574089754445 
 0,161727349703641 
 0,160880609652837 
 0,165114309906859 
 0,164267569856054 
 0,169348010160881 
 0,167654530059272 
 0,172734970364098 
 0,165961049957663 
 0,170194750211685 
 0,169348010160881 
 0,168501270110076 
 0,172734970364098 
 0,171888230313294 
 0,160033869602032 
 0,121930567315834 
 0,116003386960203 
 0,120237087214225 
 0,119390347163421 
 0,123624047417443 
 0,122777307366638 
 0,101608806096528 
 0,141405588484335 
 0,149872988992379 
 0,149026248941575 
 0,153259949195597 
 0,151566469093988 
 0,150719729043184 
 0,144792548687553 
 0,138865368331922 
 0,14225232853514 
 0,132091447925487 
 0,135478408128704 
 0,1346316680779 
 0,128704487722269 
 0,127857747671465 
 0,122777307366638 
 0,12108382726503 
 0,129551227773074 
 0,110922946655377 
 0,118543607112616 
 0,121930567315834 
 0,116003386960203 
 0,115156646909399 
 0,114309906858594 
 9,65283657917019E-02 
 9,99153259949196E-02 
 9,90685859441152E-02 
 0,101608806096528 
 0,100762066045724 
 9,56816257408975E-02 
 9,48348856900931E-02 
 9,39881456392887E-02 
 9,73751058425063E-02 
 9,99153259949196E-02 
 0,103302286198137 
 0,101608806096528 
 9,73751058425063E-02 
 9,99153259949196E-02 
 9,90685859441152E-02 
 0,111769686706181 
 0,110922946655377 
 0,123624047417443 
 0,122777307366638 
 0,12108382726503 
 0,122777307366638 
 0,125317527519052 
 0,12701100762066 
 0,128704487722269 
 0,120237087214225 
 0,296359017781541 
 0,286198137171888 
 0,288738357324301 
 0,291278577476715 
 0,29043183742591 
 0,271803556308213 
 0,265029635901778 
 0,259102455546147 
 0,260795935647756 
 0,263336155800169 
 0,270956816257409 
 0,261642675698561 
 0,249788314987299 
 0,243014394580864 
 0,242167654530059 
 0,241320914479255 
 0,253175275190517 
 0,248941574936494 
 0,244707874682472 
 0,241320914479255 
 0,239627434377646 
 0,216765453005927 
 0,215071972904318 
 0,211685012701101 
 0,209991532599492 
 0,204064352243861 
 0,19813717188823 
 0,192209991532599 
 0,191363251481795 
 0,168501270110076 
 0,165961049957663 
 0,162574089754445 
 0,157493649449619 
 0,154106689246401 
 0,152413209144793 
 0,149026248941575 
 0,138865368331922 
 0,141405588484335 
 0,138018628281118 
 0,1346316680779 
 0,131244707874682 
 0,12701100762066 
 0,121930567315834 
 6,60457239627434E-02 
 6,35055038103302E-02 
 6,18120237087214E-02 
 6,43522438611346E-02 
 9,06011854360711E-02 
 9,56816257408975E-02 
 9,39881456392887E-02 
 9,06011854360711E-02 
 0,115156646909399 
 0,111769686706181 
 9,82218458933107E-02 
 9,56816257408975E-02 
 9,22946655376799E-02 
 8,80609652836579E-02 
 8,72142252328535E-02 
 8,38272650296359E-02 
 8,55207451312447E-02 
 8,12870448772227E-02 
 7,79000846740051E-02 
 7,62066045723963E-02 
 7,28196443691787E-02 
 7,02794242167655E-02 
 6,26587637595258E-02 
 4,48772226926334E-02 
 5,16511430990686E-02 
 6,01185436071126E-02 
 0,056731583403895 
 5,41913632514818E-02 
 5,08044030482642E-02 
 4,74174428450466E-02 
 4,48772226926334E-02 
 4,14902624894158E-02 
 3,89500423370025E-02 
 3,64098221845893E-02 
 3,38696020321761E-02 
 3,04826418289585E-02 
 2,79424216765453E-02 
 2,62489415749365E-02 
 2,11685012701101E-02 
 1,94750211685013E-02 
 1,35478408128704E-02 
 1,18543607112616E-02 
 1,01608806096528E-02 
 1,01608806096528E-02 
 7,62066045723963E-03 
 5,92718035563082E-03 
 3,38696020321761E-03 
 3,38696020321761E-03 
 2,54022015241321E-03 
 1,69348010160881E-03 
 1,69348010160881E-03 
 1,69348010160881E-03 
 8,46740050804403E-04 
 8,46740050804403E-04 
 8,46740050804403E-04 
 0 
 0 
 0 
 0 
 0 
 0 
 0 
 0 
 0 
 0 
 0 
 0 
 0 
 0 
 0 
 0 
 0 
 0 
 0 
 0 
 0 
 0 
 0 
 0 
 0 
 0 
 0 
 0 
 0 
 0 
 0 
 0 
 0 
 0 
 0 
 0 
 0 
 0 
 0 
 0 
 0 
 0 
 0 
 0 
 0 
 0 
 0 
 0 
 0 
 0 
 0 
 0 
 0 
 0 
 0 
 0 
 0 
 0 
 0 
 0 
 0 
 0 
 0 
 0 
 0 
 0 
 0 
 0 
 0 
 0 
 0 
 0 
 0 
 0 
 0 
 0 
 0 
 0 
 0 
 0 
 0 
 0 
 0 
 0 
 0 
 0 
 0 
 0 
 0 
 0 
 0 
 0 
 0 
 0 
 0 
 0 
 0 
 0 
 0 
 0 
 0 
 0 
 0 
 0 
 0 
 0 
 0 
 0 
 0 
 0 
 0 
 0 
 0 
 0 
 0 
 0 
 0 
 0 
 0 
 0 
 0 
 0 
 0 
 0 
 0 
 0 
 0 
 0 
 0 
 0 
 0 
 0 
 0 
 0 
 0 
 0 
 0 
 0 
 0 
 0 
 0 
 0 
 0 
 0 
 0 
 0 
 0 
 0 
 0 
 0 
 0 
 0 
 0 
 0 
 0 
 0 
 0 
 0 
 0 
 0 
 0 
 0 
 0 
 0 
 0 
 0 
 0 
 0 
 0 
 0 
 0 
 0 
 0 
 0 
 0 
 0 
 0 
 0 
 0 
 0 
 0 
 0 
 0 
 0 
 0 
 0 
 0 
 0 
 0 
 0 
 0 
 0 
 0 
 0 
 0 
 0 
 0 
 0 
 0 
 0 
 0 
 0 
 0 
 0 
 0 
 0 
 0 
 0 
 0 
 0 
 0 
 0 
 0 
 0 
 0 
 0 
 0 
 0 
 0 
 0 
 0 
 0 
 0 
 0 
 0 
 0 
 0 
 0 
 0 
 0 
 0 
 0 
 0 
 0 
 0 
 0 
 0 
 0 
 0 
 0 
 0 
 0 
 0 
 0 
 0 
 0 
 0 
 0 
 0 
 0 
 0 
 0 
 0 
 0 
 0 
 0 
 0 
 0 
 0 
 0 
 0 
 0 
 0 
 0 
 0 
 0 
 0 
 0 
 0 
 0 
 0 
 0 
 0 
 0 
 0 
 0 
 0 
 0 
 0 
 0 
 0 
 0 
 0 
 0 
 0 
 0 
 0 
 0 
 0 
 0 
 0 
 0 
 0 
 0 
 0 
 0 
 0 
 0 
 0 
 0 
 0 
 0 
 0 
 0 
 0 
 0 
 0 
 0 
 0 
 0 
 0 
 0 
