 0 
 0 
 0 
 0 
 0 
 0 
 0 
 0 
 0 
 0 
 0 
 0 
 0 
 0 
 0 
 0 
 0 
 0 
 0 
 0 
 0 
 0 
 0 
 0 
 0 
 0 
 0 
 0 
 0 
 0 
 0 
 0 
 0 
 0 
 0 
 0 
 0 
 0 
 0 
 0 
 0 
 0 
 0 
 0 
 0 
 0 
 0 
 0 
 0 
 0 
 0 
 0 
 0 
 0 
 0 
 0 
 0 
 0 
 0 
 0 
 0 
 0 
 0 
 0 
 0 
 0 
 0 
 0 
 0 
 0 
 0 
 0 
 0 
 0 
 0 
 0 
 0 
 0 
 0 
 0 
 0 
 0 
 0 
 0 
 0 
 0 
 0 
 0 
 0 
 0 
 0 
 0 
 0 
 0 
 0 
 0 
 0 
 0 
 0 
 0 
 0 
 0 
 0 
 0 
 0 
 0 
 0 
 0 
 0 
 0 
 0 
 0 
 0 
 0 
 0 
 0 
 0 
 0 
 0 
 0 
 0 
 0 
 0 
 0 
 0 
 0 
 0 
 0 
 0 
 0 
 0 
 0 
 0 
 0 
 0 
 0 
 0 
 0 
 0 
 0 
 0 
 0 
 0 
 0 
 0 
 0 
 0 
 0 
 0 
 0 
 0 
 0 
 0 
 0 
 0 
 0 
 0 
 0 
 0 
 0 
 0 
 0 
 0 
 0 
 0 
 0 
 0 
 0 
 0 
 0 
 0 
 0 
 0 
 0 
 0 
 0 
 0 
 0 
 0 
 0 
 0 
 0 
 0 
 0 
 0 
 0 
 0 
 0 
 0 
 0 
 0 
 0 
 0 
 0 
 0 
 0 
 0 
 0 
 0 
 0 
 0 
 0 
 0 
 0 
 0 
 0 
 0 
 0 
 0 
 0 
 0 
 0 
 0 
 0 
 0 
 0 
 0 
 0 
 0 
 0 
 0 
 0 
 0 
 0 
 0 
 0 
 0 
 0 
 0 
 0 
 0 
 0 
 0 
 0 
 0 
 0 
 0 
 0 
 0 
 0 
 0 
 0 
 0 
 0 
 0 
 0 
 0 
 0 
 0 
 0 
 0 
 0 
 0 
 0 
 0 
 0 
 0 
 0 
 0 
 0 
 0 
 0 
 0 
 0 
 0 
 0 
 0 
 0 
 0 
 0 
 0 
 0 
 0 
 0 
 0 
 0 
 0 
 0 
 0 
 0 
 0 
 0 
 0 
 0 
 0 
 0 
 0 
 0 
 0 
 0 
 0 
 0 
 0 
 0 
 0 
 0 
 0 
 0 
 0 
 0 
 0 
 0 
 0 
 0 
 0 
 0 
 0 
 0 
 0 
 0 
 0 
 0 
 0 
 0 
 0 
 0 
 0 
 0 
 0 
 0 
 0 
 0 
 0 
 0 
 0 
 0 
 0 
 0 
 0 
 0 
 0 
 0 
 0 
 0 
 0 
 0 
 0 
 0 
 0 
 0 
 0 
 0 
 0 
 0 
 0 
 0 
 0 
 0 
 0 
 0 
 0 
 0 
 0 
 0 
 0 
 0 
 0 
 0 
 0 
 0 
 0 
 0 
 0 
 0 
 0 
 0 
 0 
 0 
 0 
 0 
 0 
 0 
 0 
 0 
 0 
 0 
 0 
 0 
 0 
 0 
 0 
 0 
 0 
 0 
 0 
 0 
 0 
 0 
 0 
 0 
 0 
 0 
 0 
 0 
 0 
 0 
 0 
 0 
 0 
 0 
 0 
 0 
 0 
 0 
 0 
 0 
 0 
 0 
 0 
 0 
 0 
 0 
 0 
 0 
 0 
 0 
 0 
 0 
 0 
 0 
 0 
 0 
 0 
 0 
 0 
 0 
 0 
 0 
 0 
 0 
 0 
 0 
 0 
 0 
 0 
 0 
 0 
 8,46740050804403E-04 
 8,46740050804403E-04 
 8,46740050804403E-04 
 1,69348010160881E-03 
 1,69348010160881E-03 
 1,69348010160881E-03 
 2,54022015241321E-03 
 2,54022015241321E-03 
 2,54022015241321E-03 
 3,38696020321761E-03 
 4,23370025402202E-03 
 5,08044030482642E-03 
 5,08044030482642E-03 
 5,92718035563082E-03 
 6,77392040643522E-03 
 5,92718035563082E-03 
 6,77392040643522E-03 
 7,62066045723963E-03 
 0,012701100762066 
 1,43945808636749E-02 
 1,60880609652837E-02 
 1,77815410668925E-02 
 1,86282811176969E-02 
 1,94750211685013E-02 
 2,03217612193057E-02 
 2,79424216765453E-02 
 2,87891617273497E-02 
 3,04826418289585E-02 
 3,30228619813717E-02 
 3,47163420829805E-02 
 6,01185436071126E-02 
 6,18120237087214E-02 
 0,065198983911939 
 6,35055038103302E-02 
 7,02794242167655E-02 
 7,28196443691787E-02 
 7,62066045723963E-02 
 7,95935647756139E-02 
 8,63674851820491E-02 
 8,46740050804403E-02 
 8,46740050804403E-02 
 8,38272650296359E-02 
 0,100762066045724 
 0,103302286198137 
 0,107535986452159 
 0,107535986452159 
 9,90685859441152E-02 
 0,131244707874682 
 0,1346316680779 
 0,138865368331922 
 0,14225232853514 
 0,131244707874682 
 0,135478408128704 
 0,135478408128704 
 0,132938187976291 
 0,136325148179509 
 0,147332768839966 
 0,149026248941575 
 0,158340389500423 
 0,161727349703641 
 0,171041490262489 
 0,165114309906859 
 0,176121930567316 
 0,183742591024555 
 0,189669771380186 
 0,182895850973751 
 0,193056731583404 
 0,196443691786621 
 0,200677392040644 
 0,204064352243861 
 0,208298052497883 
 0,211685012701101 
 0,215918712955123 
 0,212531752751905 
 0,21337849280271 
 0,204911092294666 
 0,21337849280271 
 0,209991532599492 
 0,21337849280271 
 0,21930567315834 
 0,216765453005927 
 0,193903471634208 
 0,196443691786621 
 0,188823031329382 
 0,177815410668925 
 0,154953429297206 
 0,154106689246401 
 0,150719729043184 
 0,164267569856054 
 0,16342082980525 
 0,129551227773074 
 0,131244707874682 
 0,136325148179509 
 0,138018628281118 
 0,12108382726503 
 0,138018628281118 
 0,165961049957663 
 0,227773073666384 
 0,223539373412362 
 0,21930567315834 
 0,245554614733277 
 0,259102455546147 
 0,261642675698561 
 0,254022015241321 
 0,321761219305673 
 0,259949195596952 
 0,266723116003387 
 0,324301439458086 
 0,324301439458086 
 0,324301439458086 
 0,35393734123624 
 0,357324301439458 
 0,360711261642676 
 0,364944961896698 
 0,368331922099915 
 0,399661303979678 
 0,4038950042337 
 0,407281964436918 
 0,41151566469094 
 0,414902624894157 
 0,305673158340389 
 0,308213378492803 
 0,286198137171888 
 0,292972057578323 
 0,299745977984759 
 0,302286198137172 
 0,300592718035563 
 0,31160033869602 
 0,247248094834886 
 0,262489415749365 
 0,292125317527519 
 0,298899237933954 
 0,259949195596952 
 0,243014394580864 
 0,273497036409822 
 0,265876375952583 
 0,243861134631668 
 0,241320914479255 
 0,175275190516511 
 0,176121930567316 
 0,221845893310754 
 0,233700254022015 
 0,259949195596952 
 0,312447078746825 
 0,420829805249788 
 0,429297205757832 
 0,498729889923793 
 0,243861134631668 
 0,23454699407282 
 0,267569856054191 
 0,280270956816257 
 0,265876375952583 
 0,288738357324301 
 0,280270956816257 
 0,292972057578323 
 0,33276883996613 
 0,329381879762913 
 0,314987298899238 
 0,366638441998307 
 0,36917866215072 
 0,371718882303133 
 0,322607959356478 
 0,330228619813717 
 0,292125317527519 
 0,24809483488569 
 0,208298052497883 
 0,204064352243861 
 0,164267569856054 
 0,165114309906859 
 0,165961049957663 
 0,410668924640135 
 0,407281964436918 
 0,348856900931414 
 0,344623200677392 
 0,334462320067739 
 0,366638441998307 
 0,375105842506351 
 0,376799322607959 
 0,385266723116003 
 0,342929720575783 
 0,445385266723116 
 0,472480948348857 
 0,47502116850127 
 0,49618966977138 
 0,491955969517358 
 0,469093988145639 
 0,632514817950889 
 0,402201524132091 
 0,423370025402202 
 0,444538526672312 
 0,420829805249788 
 0,422523285351397 
 0,404741744284505 
 0,425910245554615 
 0,360711261642676 
 0,36917866215072 
 0,357324301439458 
 0,345469940728196 
 0,394580863674852 
 0,423370025402202 
 0,383573243014395 
 0,193056731583404 
 0,227773073666384 
 0,236240474174428 
 0,243861134631668 
 0,237933954276037 
 0,224386113463167 
 0,232853513971211 
 0,24047417442845 
 0,220152413209145 
 0,227773073666384 
 0,221845893310754 
 0,208298052497883 
 0,187129551227773 
 0,187976291278577 
 0,188823031329382 
 0,188823031329382 
 0,197290431837426 
 0,19813717188823 
 0,227773073666384 
 0,214225232853514 
 0,177815410668925 
 0,177815410668925 
 0,171041490262489 
 0,171888230313294 
 0,1346316680779 
 0,143099068585944 
 0,150719729043184 
 0,151566469093988 
 0,166807790008467 
 0,167654530059272 
 0,175275190516511 
 0,168501270110076 
 0,168501270110076 
 0,161727349703641 
 0,154106689246401 
 0,147332768839966 
 0,147332768839966 
 0,148179508890771 
 0,15580016934801 
 0,156646909398815 
 0,149026248941575 
 0,149872988992379 
 0,157493649449619 
 0,165961049957663 
 0,174428450465707 
 0,174428450465707 
 0,175275190516511 
 0,207451312447079 
 0,208298052497883 
 0,208298052497883 
 0,200677392040644 
 0,201524132091448 
 0,185436071126164 
 0,194750211685013 
 0,203217612193057 
 0,203217612193057 
 0,204064352243861 
 0,187976291278577 
 0,196443691786621 
 0,188823031329382 
 0,270956816257409 
 0,287891617273497 
 0,280270956816257 
 0,314140558848434 
 0,314987298899238 
 0,315834038950042 
 0,315834038950042 
 0,316680779000847 
 0,417442845046571 
 0,468247248094835 
 0,443691786621507 
 0,738357324301439 
 0,72311600338696 
 0,732430143945809 
 0,834885690093141 
 0,768839966130398 
 0,846740050804403 
 0,847586790855207 
 0,849280270956816 
 0,850127011007621 
 0,851820491109229 
 0,852667231160034 
 0,854360711261643 
 0,855207451312447 
 0,813717188823031 
 0,806096528365792 
 0,799322607959357 
 0,791701947502117 
 0,801016088060965 
 0,793395427603726 
 0,802709568162574 
 0,795088907705334 
 0,796782387806943 
 0,650296359017781 
 0,668077900084674 
 0,660457239627434 
 0,661303979678239 
 0,679085520745131 
 0,679932260795936 
 0,697713801862828 
 0,716342082980525 
 0,717188823031329 
 0,718035563082134 
 0,718035563082134 
 0,727349703640982 
 0,728196443691787 
 0,720575783234547 
 0,703640982218459 
 0,703640982218459 
 0,704487722269263 
 0,696020321761219 
 0,687552921253175 
 0,864521591871296 
 0,388653683319221 
 0,397967823878069 
 0,583403895004234 
 0,699407281964437 
 0,726502963590178 
 0,726502963590178 
 0,674005080440305 
 0,665537679932261 
 0,834038950042337 
 0,568162574089754 
 0,541913632514818 
 0,55969517358171 
 0,364944961896698 
 0,355630821337849 
 0,364944961896698 
 0,329381879762913 
 0,338696020321761 
 0,347163420829805 
 0,329381879762913 
 0,303132938187976 
 0,285351397121084 
 0,641828958509738 
 0,704487722269263 
 0,704487722269263 
 0,704487722269263 
 0,704487722269263 
 0,705334462320068 
 0,749364944961897 
 0,758679085520745 
 0,749364944961897 
 0,749364944961897 
 0,749364944961897 
 0,740897544453853 
 0,678238780694327 
 0,678238780694327 
 0,686706181202371 
 0,713801862828112 
 0,704487722269263 
 0,472480948348857 
 0,499576629974598 
 0,490262489415749 
 0,454699407281964 
 0,490262489415749 
 0,472480948348857 
 0,480948348856901 
 0,436071126164268 
 0,66723116003387 
 0,685012701100762 
 0,685012701100762 
 0,675698560541914 
 0,648602878916173 
 0,692633361558002 
 0,701100762066046 
 0,70956816257409 
 0,70956816257409 
 0,718035563082134 
 0,619813717188823 
 0,681625740897544 
 0,68077900084674 
 0,689246401354784 
 0,689246401354784 
 0,732430143945809 
 0,732430143945809 
 0,731583403895004 
 0,740050804403048 
 0,721422523285351 
 0,720575783234547 
 0,711261642675699 
 0,675698560541914 
 0,464860287891617 
 0,447078746824725 
 0,44623200677392 
 0,681625740897544 
 0,873835732430144 
 0,87298899237934 
 0,871295512277731 
 0,870448772226926 
 0,869602032176122 
 0,868755292125318 
 0,867908552074513 
 0,867061812023709 
 0,866215071972904 
 0,864521591871296 
 0,863674851820491 
 0,862828111769687 
 0,861134631668078 
 0,860287891617273 
 0,859441151566469 
 0,85774767146486 
 0,856900931414056 
 0,855207451312447 
 0,837425910245555 
 0,84419983065199 
 0,826418289585097 
 0,8077900084674 
 0,806943268416596 
 0,822184589331075 
 0,829805249788315 
 0,83657917019475 
 0,843353090601185 
 0,842506350550381 
 0,823878069432684 
 0,839119390347163 
 0,829805249788315 
 0,769686706181202 
 0,75190516511431 
 0,683319220999153 
 0,674005080440305 
 0,664690939881456 
 0,654530059271804 
 0,653683319220999 
 0,65198983911939 
 0,625740897544454 
 0,608806096528366 
 0,623200677392041 
 0,63082133784928 
 0,629127857747671 
 0,627434377646063 
 0,585944115156647 
 0,470787468247248 
 0,381033022861981 
 0,380186282811177 
 0,363251481795089 
 0,321761219305673 
 0,313293818797629 
 0,328535139712108 
 0,527519051651143 
 0,574089754445385 
 0,771380186282811 
 0,761219305673158 
 0,767146486028789 
 0,76545300592718 
 0,771380186282811 
 0,768839966130398 
 0,735817104149026 
 0,663844199830652 
 0,653683319220999 
 0,660457239627434 
 0,650296359017781 
 0,656223539373412 
 0,592718035563082 
 0,507197290431837 
 0,666384419983065 
 0,663844199830652 
 0,662150719729043 
 0,614733276883997 
 0,613039796782388 
 0,618966977138019 
 0,616426756985605 
 0,622353937341236 
 0,620660457239627 
 0,611346316680779 
 0,608806096528366 
 0,607112616426757 
 0,54614733276884 
 0,558848433530906 
 0,513124470787468 
 0,533446232006774 
 0,552921253175275 
 0,34801016088061 
 0,347163420829805 
 0,562235393734124 
 0,243861134631668 
 0,236240474174428 
 0,249788314987299 
 0,220152413209145 
 0,212531752751905 
 0,197290431837426 
 0,253175275190517 
 0,244707874682472 
 0,250635055038103 
 0,270956816257409 
 0,25571549534293 
 0,254868755292125 
 0,226079593564776 
 0,232006773920406 
 0,237933954276037 
 0,237087214225233 
 0,236240474174428 
 0,235393734123624 
 0,227773073666384 
 0,239627434377646 
 0,238780694326842 
 0,231160033869602 
 0,256562235393734 
 0,268416596104996 
 0,267569856054191 
 0,233700254022015 
 0,226079593564776 
 0,218458933107536 
 0,230313293818798 
 0,235393734123624 
 0,29805249788315 
 0,29043183742591 
 0,281964436917866 
 0,249788314987299 
 0,292125317527519 
 0,296359017781541 
 0,282811176968671 
 0,281117696867062 
 0,274343776460627 
 0,278577476714649 
 0,31922099915326 
 0,329381879762913 
 0,327688399661304 
 0,325994919559695 
 0,259102455546147 
 0,270110076206605 
 0,280270956816257 
 0,295512277730737 
 0,287891617273497 
 0,3268416596105 
 0,313293818797629 
 0,31160033869602 
 0,320914479254869 
 0,313293818797629 
 0,378492802709568 
 0,375952582557155 
 0,456392887383573 
 0,420829805249788 
 0,418289585097375 
 0,425910245554615 
 0,418289585097375 
 0,414902624894157 
 0,412362404741744 
 0,383573243014395 
 0,381033022861981 
 0,4614733276884 
 0,504657070279424 
 0,501270110076207 
 0,487722269263336 
 0,262489415749365 
 0,185436071126164 
 0,183742591024555 
 0,182895850973751 
 0,171888230313294 
 0,180355630821338 
 0,183742591024555 
 0,158340389500423 
 0,232853513971211 
 0,226079593564776 
 0,177815410668925 
 0,190516511430991 
 0,19813717188823 
 0,209991532599492 
 0,190516511430991 
 0,274343776460627 
 0,258255715495343 
 0,278577476714649 
 0,302286198137172 
 0,282811176968671 
 0,353090601185436 
 0,350550381033023 
 0,347163420829805 
 0,339542760372566 
 0,337002540220152 
 0,346316680779001 
 0,338696020321761 
 0,355630821337849 
 0,375952582557155 
 0,384419983065199 
 0,282811176968671 
 0,283657917019475 
 0,173581710414903 
 0,167654530059272 
 0,181202370872142 
 0,179508890770533 
 0,17696867061812 
 0,14225232853514 
 0,137171888230313 
 0,128704487722269 
 0,109229466553768 
 0,111769686706181 
 0,29043183742591 
 0,287044877222693 
 0,280270956816257 
 0,27688399661304 
 0,264182895850974 
 0,260795935647756 
 0,257408975444539 
 0,18458933107536 
 0,176121930567316 
 0,133784928027096 
 0,131244707874682 
 0,132938187976291 
 0,137171888230313 
 0,114309906858594 
 0,148179508890771 
 0,140558848433531 
 0,138018628281118 
 0,136325148179509 
 0,117696867061812 
 0,116003386960203 
 0,116850127011008 
 0,112616426756986 
 0,100762066045724 
 0,101608806096528 
 9,73751058425063E-02 
 9,14479254868755E-02 
 9,22946655376799E-02 
 8,55207451312447E-02 
 8,38272650296359E-02 
 8,46740050804403E-02 
 8,38272650296359E-02 
 7,95935647756139E-02 
 7,87468247248095E-02 
 0,11346316680779 
 0,11346316680779 
 0,11346316680779 
 0,119390347163421 
 0,12108382726503 
 0,120237087214225 
 6,26587637595258E-02 
 0,065198983911939 
 5,41913632514818E-02 
 5,84250635055038E-02 
 5,75783234546994E-02 
 5,75783234546994E-02 
 5,84250635055038E-02 
 6,01185436071126E-02 
 0,052497883149873 
 5,08044030482642E-02 
 4,99576629974598E-02 
 0,048264182895851 
 0,052497883149873 
 4,99576629974598E-02 
 0,048264182895851 
 4,99576629974598E-02 
 0,048264182895851 
 4,74174428450466E-02 
 0,044030482641829 
 4,31837425910246E-02 
 3,81033022861981E-02 
 3,81033022861981E-02 
 3,64098221845893E-02 
 3,64098221845893E-02 
 3,64098221845893E-02 
 3,13293818797629E-02 
 5,50381033022862E-02 
 5,33446232006774E-02 
 5,50381033022862E-02 
 4,99576629974598E-02 
 4,57239627434378E-02 
 7,36663844199831E-02 
 7,02794242167655E-02 
 6,68924640135478E-02 
 6,35055038103302E-02 
 6,01185436071126E-02 
 0,056731583403895 
 5,41913632514818E-02 
 5,08044030482642E-02 
 4,74174428450466E-02 
 4,48772226926334E-02 
 4,14902624894158E-02 
 3,89500423370025E-02 
 1,86282811176969E-02 
 1,94750211685013E-02 
 1,86282811176969E-02 
 1,69348010160881E-02 
 1,60880609652837E-02 
 2,28619813717189E-02 
 2,03217612193057E-02 
 1,86282811176969E-02 
 1,60880609652837E-02 
 1,43945808636749E-02 
 7,62066045723963E-03 
 5,08044030482642E-03 
 4,23370025402202E-03 
 3,38696020321761E-03 
 2,54022015241321E-03 
 2,54022015241321E-03 
 1,69348010160881E-03 
 1,69348010160881E-03 
 1,69348010160881E-03 
 1,69348010160881E-03 
 8,46740050804403E-04 
 8,46740050804403E-04 
 8,46740050804403E-04 
 0 
 0 
 0 
 0 
 0 
 0 
 0 
 0 
 0 
 0 
 0 
 0 
 0 
 0 
 0 
 0 
 0 
 0 
 0 
 0 
 0 
 0 
 0 
 0 
 0 
 0 
 0 
 0 
 0 
 0 
 0 
 0 
 0 
 0 
 0 
 0 
 0 
 0 
 0 
 0 
 0 
 0 
 0 
 0 
 0 
 0 
 0 
 0 
 0 
 0 
 0 
 0 
 0 
 0 
 0 
 0 
 0 
 0 
 0 
 0 
 0 
 0 
 0 
 0 
 0 
 0 
 0 
 0 
 0 
 0 
 0 
 0 
 0 
 0 
 0 
 0 
 0 
 0 
 0 
 0 
 0 
 0 
 0 
 0 
 0 
 0 
 0 
 0 
 0 
 0 
 0 
 0 
 0 
 0 
 0 
 0 
 0 
 0 
 0 
 0 
 0 
 0 
 0 
 0 
 0 
 0 
 0 
 0 
 0 
 0 
 0 
 0 
 0 
 0 
 0 
 0 
 0 
 0 
 0 
 0 
 0 
 0 
 0 
 0 
 0 
 0 
 0 
 0 
 0 
 0 
 0 
 0 
 0 
 0 
 0 
 0 
 0 
 0 
 0 
 0 
 0 
 0 
 0 
 0 
 0 
 0 
 0 
 0 
 0 
 0 
 0 
 0 
 0 
 0 
 0 
 0 
 0 
 0 
 0 
 0 
 0 
 0 
 0 
 0 
 0 
 0 
 0 
 0 
 0 
 0 
 0 
 0 
 0 
 0 
 0 
 0 
 0 
 0 
 0 
 0 
 0 
 0 
 0 
 0 
 0 
 0 
 0 
 0 
 0 
 0 
 0 
 0 
 0 
 0 
 0 
 0 
 0 
 0 
 0 
 0 
 0 
 0 
 0 
 0 
 0 
 0 
 0 
 0 
 0 
 0 
 0 
 0 
 0 
 0 
 0 
 0 
 0 
 0 
 0 
 0 
 0 
 0 
 0 
 0 
 0 
 0 
 0 
 0 
 0 
 0 
 0 
 0 
 0 
 0 
 0 
 0 
 0 
 0 
 0 
 0 
 0 
 0 
 0 
 0 
 0 
 0 
 0 
 0 
 0 
 0 
 0 
 0 
 0 
 0 
 0 
 0 
 0 
 0 
 0 
 0 
 0 
 0 
 0 
 0 
 0 
 0 
 0 
 0 
 0 
 0 
 0 
 0 
 0 
 0 
 0 
 0 
 0 
 0 
 0 
 0 
 0 
 0 
 0 
 0 
 0 
 0 
 0 
 0 
 0 
 0 
 0 
 0 
 0 
 0 
 0 
 0 
 0 
 0 
 0 
 0 
 0 
 0 
 0 
 0 
 0 
 0 
 0 
 0 
 0 
 0 
 0 
