 0 
 0 
 0 
 0 
 0 
 0 
 0 
 0 
 0 
 0 
 0 
 0 
 0 
 0 
 0 
 0 
 0 
 0 
 0 
 0 
 0 
 0 
 0 
 0 
 0 
 0 
 0 
 0 
 0 
 0 
 0 
 0 
 0 
 0 
 0 
 0 
 0 
 0 
 0 
 0 
 0 
 0 
 0 
 0 
 0 
 0 
 0 
 0 
 0 
 0 
 0 
 0 
 0 
 0 
 0 
 0 
 0 
 0 
 0 
 0 
 0 
 0 
 0 
 0 
 0 
 0 
 0 
 0 
 0 
 0 
 0 
 0 
 0 
 0 
 0 
 0 
 0 
 0 
 0 
 0 
 0 
 0 
 0 
 0 
 0 
 0 
 0 
 0 
 0 
 0 
 0 
 0 
 0 
 0 
 0 
 0 
 0 
 0 
 0 
 0 
 0 
 0 
 0 
 0 
 0 
 0 
 0 
 0 
 0 
 0 
 0 
 0 
 0 
 0 
 0 
 0 
 0 
 0 
 0 
 0 
 0 
 0 
 0 
 0 
 0 
 0 
 0 
 0 
 0 
 0 
 0 
 0 
 0 
 0 
 0 
 0 
 0 
 0 
 0 
 0 
 0 
 0 
 0 
 0 
 0 
 0 
 0 
 0 
 0 
 0 
 0 
 0 
 0 
 0 
 0 
 0 
 0 
 0 
 0 
 0 
 0 
 0 
 0 
 0 
 0 
 0 
 0 
 0 
 0 
 0 
 0 
 0 
 0 
 0 
 0 
 0 
 0 
 0 
 0 
 0 
 0 
 0 
 0 
 0 
 0 
 0 
 0 
 0 
 0 
 0 
 0 
 0 
 0 
 0 
 0 
 0 
 0 
 0 
 0 
 0 
 0 
 0 
 0 
 0 
 0 
 0 
 0 
 0 
 0 
 0 
 0 
 0 
 0 
 0 
 0 
 0 
 0 
 0 
 0 
 0 
 0 
 0 
 0 
 0 
 0 
 0 
 0 
 0 
 0 
 0 
 0 
 0 
 0 
 0 
 0 
 0 
 0 
 0 
 0 
 0 
 0 
 0 
 0 
 0 
 0 
 0 
 0 
 0 
 0 
 0 
 0 
 0 
 0 
 0 
 0 
 0 
 0 
 0 
 0 
 0 
 0 
 0 
 0 
 0 
 0 
 0 
 0 
 0 
 0 
 0 
 0 
 0 
 0 
 0 
 0 
 0 
 0 
 0 
 0 
 0 
 0 
 0 
 0 
 0 
 0 
 0 
 0 
 0 
 0 
 0 
 0 
 0 
 0 
 0 
 0 
 0 
 0 
 0 
 0 
 0 
 0 
 0 
 0 
 0 
 0 
 0 
 0 
 0 
 0 
 0 
 0 
 0 
 0 
 0 
 0 
 0 
 0 
 0 
 0 
 0 
 0 
 0 
 0 
 0 
 0 
 0 
 0 
 0 
 0 
 0 
 0 
 0 
 0 
 0 
 0 
 0 
 0 
 0 
 0 
 0 
 0 
 0 
 0 
 0 
 0 
 0 
 0 
 0 
 0 
 0 
 0 
 0 
 0 
 0 
 0 
 0 
 0 
 0 
 0 
 0 
 0 
 0 
 0 
 0 
 0 
 0 
 0 
 0 
 0 
 0 
 0 
 0 
 0 
 0 
 0 
 0 
 0 
 0 
 0 
 0 
 0 
 0 
 0 
 0 
 0 
 0 
 0 
 0 
 0 
 0 
 0 
 0 
 0 
 0 
 0 
 0 
 0 
 0 
 0 
 0 
 0 
 0 
 0 
 0 
 0 
 0 
 0 
 0 
 0 
 0 
 0 
 0 
 0 
 0 
 0 
 0 
 0 
 0 
 0 
 0 
 0 
 0 
 0 
 0 
 0 
 0 
 0 
 0 
 0 
 0 
 0 
 0 
 0 
 0 
 0 
 0 
 0 
 8,46740050804403E-04 
 8,46740050804403E-04 
 8,46740050804403E-04 
 8,46740050804403E-04 
 1,69348010160881E-03 
 1,69348010160881E-03 
 1,69348010160881E-03 
 2,54022015241321E-03 
 2,54022015241321E-03 
 2,54022015241321E-03 
 2,54022015241321E-03 
 3,38696020321761E-03 
 3,38696020321761E-03 
 4,23370025402202E-03 
 4,23370025402202E-03 
 3,38696020321761E-03 
 3,38696020321761E-03 
 4,23370025402202E-03 
 5,08044030482642E-03 
 5,92718035563082E-03 
 5,92718035563082E-03 
 7,62066045723963E-03 
 8,46740050804403E-03 
 9,31414055884843E-03 
 9,31414055884843E-03 
 9,31414055884843E-03 
 1,10076206604572E-02 
 1,18543607112616E-02 
 1,10076206604572E-02 
 0,012701100762066 
 1,35478408128704E-02 
 1,43945808636749E-02 
 1,43945808636749E-02 
 1,69348010160881E-02 
 1,77815410668925E-02 
 1,60880609652837E-02 
 1,52413209144793E-02 
 1,52413209144793E-02 
 1,52413209144793E-02 
 1,52413209144793E-02 
 1,60880609652837E-02 
 1,60880609652837E-02 
 1,69348010160881E-02 
 1,94750211685013E-02 
 1,94750211685013E-02 
 2,11685012701101E-02 
 2,03217612193057E-02 
 2,11685012701101E-02 
 2,11685012701101E-02 
 1,94750211685013E-02 
 2,03217612193057E-02 
 2,20152413209145E-02 
 2,11685012701101E-02 
 2,03217612193057E-02 
 1,77815410668925E-02 
 1,77815410668925E-02 
 1,86282811176969E-02 
 2,03217612193057E-02 
 2,28619813717189E-02 
 2,11685012701101E-02 
 2,03217612193057E-02 
 2,03217612193057E-02 
 2,28619813717189E-02 
 2,28619813717189E-02 
 2,20152413209145E-02 
 2,45554614733277E-02 
 2,45554614733277E-02 
 2,11685012701101E-02 
 2,11685012701101E-02 
 2,20152413209145E-02 
 2,45554614733277E-02 
 2,70956816257409E-02 
 2,79424216765453E-02 
 3,04826418289585E-02 
 2,87891617273497E-02 
 3,13293818797629E-02 
 3,47163420829805E-02 
 2,96359017781541E-02 
 3,30228619813717E-02 
 2,79424216765453E-02 
 3,13293818797629E-02 
 3,21761219305673E-02 
 2,96359017781541E-02 
 3,55630821337849E-02 
 3,89500423370025E-02 
 3,97967823878069E-02 
 3,97967823878069E-02 
 3,72565622353937E-02 
 3,81033022861981E-02 
 4,48772226926334E-02 
 4,23370025402202E-02 
 3,97967823878069E-02 
 3,72565622353937E-02 
 4,06435224386113E-02 
 4,14902624894158E-02 
 4,48772226926334E-02 
 4,91109229466554E-02 
 4,91109229466554E-02 
 4,99576629974598E-02 
 5,41913632514818E-02 
 5,50381033022862E-02 
 5,50381033022862E-02 
 5,58848433530906E-02 
 6,01185436071126E-02 
 0,060965283657917 
 0,065198983911939 
 0,069432684165961 
 8,46740050804403E-02 
 8,55207451312447E-02 
 8,63674851820491E-02 
 0,102455546147333 
 9,99153259949196E-02 
 9,73751058425063E-02 
 8,63674851820491E-02 
 7,53598645215919E-02 
 7,62066045723963E-02 
 0,339542760372566 
 0,342082980524979 
 0,35393734123624 
 0,357324301439458 
 0,368331922099915 
 0,371718882303133 
 0,370872142252329 
 0,374259102455546 
 0,373412362404742 
 0,407281964436918 
 0,441998306519898 
 0,445385266723116 
 0,448772226926334 
 0,453005927180356 
 0,456392887383573 
 0,41913632514818 
 0,426756985605419 
 0,416596104995766 
 0,414902624894157 
 0,413209144792549 
 0,41151566469094 
 0,409822184589331 
 0,413209144792549 
 0,415749364944962 
 0,41913632514818 
 0,372565622353937 
 0,370025402201524 
 0,387806943268417 
 0,39034716342083 
 0,388653683319221 
 0,381033022861981 
 0,378492802709568 
 0,239627434377646 
 0,226079593564776 
 0,243014394580864 
 0,233700254022015 
 0,246401354784081 
 0,264182895850974 
 0,259949195596952 
 0,343776460626588 
 0,291278577476715 
 0,287044877222693 
 0,277730736663844 
 0,497883149872989 
 0,489415749364945 
 0,486875529212532 
 0,495342929720576 
 0,429297205757832 
 0,431837425910246 
 0,434377646062659 
 0,402201524132091 
 0,415749364944962 
 0,424216765453006 
 0,450465707027942 
 0,453005927180356 
 0,454699407281964 
 0,445385266723116 
 0,441998306519898 
 0,474174428450466 
 0,501270110076207 
 0,50381033022862 
 0,506350550381033 
 0,441151566469094 
 0,492802709568163 
 0,495342929720576 
 0,479254868755292 
 0,544453852667231 
 0,546994072819644 
 0,639288738357324 
 0,642675698560542 
 0,645215918712955 
 0,648602878916173 
 0,651143099068586 
 0,654530059271804 
 0,657070279424217 
 0,653683319220999 
 0,662997459779848 
 0,665537679932261 
 0,668924640135478 
 0,671464860287892 
 0,674005080440305 
 0,677392040643522 
 0,679932260795936 
 0,682472480948349 
 0,685859441151566 
 0,68839966130398 
 0,690939881456393 
 0,693480101608806 
 0,696867061812024 
 0,699407281964437 
 0,70194750211685 
 0,704487722269263 
 0,679085520745131 
 0,70956816257409 
 0,712108382726503 
 0,714648602878916 
 0,717188823031329 
 0,719729043183743 
 0,722269263336156 
 0,724809483488569 
 0,727349703640982 
 0,701100762066046 
 0,637595258255716 
 0,632514817950889 
 0,612193056731583 
 0,613886536833192 
 0,63844199830652 
 0,625740897544454 
 0,627434377646063 
 0,599491955969517 
 0,601185436071126 
 0,754445385266723 
 0,756138865368332 
 0,758679085520745 
 0,753598645215919 
 0,640982218458933 
 0,689246401354784 
 0,698560541913632 
 0,700254022015241 
 0,710414902624894 
 0,642675698560542 
 0,644369178662151 
 0,708721422523285 
 0,710414902624894 
 0,704487722269263 
 0,722269263336156 
 0,739204064352244 
 0,756985605419136 
 0,75952582557155 
 0,737510584250635 
 0,739204064352244 
 0,740897544453853 
 0,734970364098222 
 0,736663844199831 
 0,729889923793395 
 0,723962743437765 
 0,70956816257409 
 0,718882303132938 
 0,720575783234547 
 0,713801862828112 
 0,707874682472481 
 0,70956816257409 
 0,710414902624894 
 0,736663844199831 
 0,771380186282811 
 0,77307366638442 
 0,773920406435224 
 0,767146486028789 
 0,785774767146486 
 0,795088907705334 
 0,805249788314987 
 0,715495342929721 
 0,758679085520745 
 0,767993226079594 
 0,476714648602879 
 0,469093988145639 
 0,403048264182896 
 0,4038950042337 
 0,379339542760373 
 0,379339542760373 
 0,363251481795089 
 0,762066045723963 
 0,635901778154107 
 0,373412362404742 
 0,348856900931414 
 0,783234546994073 
 0,537679932260796 
 0,546994072819644 
 0,556308213378493 
 0,565622353937341 
 0,591871295512278 
 0,618120237087214 
 0,52497883149873 
 0,525825571549534 
 0,672311600338696 
 0,690939881456393 
 0,683319220999153 
 0,684165961049958 
 0,685012701100762 
 0,685859441151566 
 0,712108382726503 
 0,76545300592718 
 0,809483488569009 
 0,828111769686706 
 0,750211685012701 
 0,803556308213379 
 0,812870448772227 
 0,82303132938188 
 0,814563928873836 
 0,657917019475021 
 0,66723116003387 
 0,685012701100762 
 0,712108382726503 
 0,685859441151566 
 0,686706181202371 
 0,678238780694327 
 0,379339542760373 
 0,388653683319221 
 0,380186282811177 
 0,362404741744284 
 0,371718882303133 
 0,380186282811177 
 0,371718882303133 
 0,345469940728196 
 0,363251481795089 
 0,665537679932261 
 0,657070279424217 
 0,621507197290432 
 0,568162574089754 
 0,586790855207451 
 0,578323454699407 
 0,45385266723116 
 0,498729889923793 
 0,498729889923793 
 0,471634208298052 
 0,463166807790008 
 0,445385266723116 
 0,498729889923793 
 0,499576629974598 
 0,535139712108383 
 0,58848433530906 
 0,410668924640135 
 0,410668924640135 
 0,410668924640135 
 0,436917866215072 
 0,44623200677392 
 0,455546147332769 
 0,436917866215072 
 0,481795088907705 
 0,544453852667231 
 0,508890770533446 
 0,821337849280271 
 0,821337849280271 
 0,829805249788315 
 0,491109229466554 
 0,51735817104149 
 0,44623200677392 
 0,44623200677392 
 0,427603725656224 
 0,445385266723116 
 0,41913632514818 
 0,249788314987299 
 0,24047417442845 
 0,248941574936494 
 0,258255715495343 
 0,258255715495343 
 0,284504657070279 
 0,275190516511431 
 0,275190516511431 
 0,266723116003387 
 0,257408975444539 
 0,257408975444539 
 0,257408975444539 
 0,256562235393734 
 0,265876375952583 
 0,300592718035563 
 0,300592718035563 
 0,274343776460627 
 0,291278577476715 
 0,273497036409822 
 0,273497036409822 
 0,29043183742591 
 0,264182895850974 
 0,254868755292125 
 0,246401354784081 
 0,263336155800169 
 0,263336155800169 
 0,263336155800169 
 0,245554614733277 
 0,227773073666384 
 0,236240474174428 
 0,253175275190517 
 0,261642675698561 
 0,253175275190517 
 0,261642675698561 
 0,756985605419136 
 0,738357324301439 
 0,737510584250635 
 0,814563928873836 
 0,839966130397968 
 0,839119390347163 
 0,846740050804403 
 0,83657917019475 
 0,852667231160034 
 0,843353090601185 
 0,498729889923793 
 0,506350550381033 
 0,557154953429297 
 0,521591871295512 
 0,512277730736664 
 0,54614733276884 
 0,587637595258256 
 0,612193056731583 
 0,670618120237087 
 0,745977984758679 
 0,753598645215919 
 0,75190516511431 
 0,751058425063506 
 0,597798475867909 
 0,596951735817104 
 0,629974597798476 
 0,619813717188823 
 0,660457239627434 
 0,618120237087214 
 0,733276883996613 
 0,715495342929721 
 0,672311600338696 
 0,662997459779848 
 0,662150719729043 
 0,825571549534293 
 0,823878069432684 
 0,822184589331075 
 0,820491109229467 
 0,818797629127858 
 0,817104149026249 
 0,81541066892464 
 0,813717188823031 
 0,812023708721422 
 0,810330228619814 
 0,8077900084674 
 0,806096528365792 
 0,804403048264183 
 0,802709568162574 
 0,801016088060965 
 0,798475867908552 
 0,796782387806943 
 0,58848433530906 
 0,642675698560542 
 0,624894157493649 
 0,623200677392041 
 0,629974597798476 
 0,635901778154107 
 0,649449618966977 
 0,647756138865368 
 0,653683319220999 
 0,458086367485182 
 0,457239627434378 
 0,486875529212532 
 0,477561388653683 
 0,468247248094835 
 0,459779847586791 
 0,49618966977138 
 0,441151566469094 
 0,735817104149026 
 0,718882303132938 
 0,731583403895004 
 0,75190516511431 
 0,749364944961897 
 0,665537679932261 
 0,662997459779848 
 0,675698560541914 
 0,68077900084674 
 0,72311600338696 
 0,720575783234547 
 0,725656223539373 
 0,7307366638442 
 0,728196443691787 
 0,725656223539373 
 0,72311600338696 
 0,720575783234547 
 0,718035563082134 
 0,715495342929721 
 0,712955122777307 
 0,710414902624894 
 0,707874682472481 
 0,704487722269263 
 0,70194750211685 
 0,699407281964437 
 0,696867061812024 
 0,69432684165961 
 0,691786621507197 
 0,68839966130398 
 0,685859441151566 
 0,683319220999153 
 0,68077900084674 
 0,677392040643522 
 0,674851820491109 
 0,672311600338696 
 0,668924640135478 
 0,666384419983065 
 0,662997459779848 
 0,660457239627434 
 0,657070279424217 
 0,654530059271804 
 0,65198983911939 
 0,648602878916173 
 0,535986452159187 
 0,508044030482642 
 0,473327688399661 
 0,414055884843353 
 0,405588484335309 
 0,359017781541067 
 0,614733276883997 
 0,624047417442845 
 0,621507197290432 
 0,618120237087214 
 0,614733276883997 
 0,612193056731583 
 0,377646062658764 
 0,605419136325148 
 0,602032176121931 
 0,599491955969517 
 0,5961049957663 
 0,592718035563082 
 0,589331075359865 
 0,585944115156647 
 0,565622353937341 
 0,580016934801016 
 0,576629974597799 
 0,573243014394581 
 0,569856054191363 
 0,566469093988146 
 0,563082133784928 
 0,554614733276884 
 0,551227773073666 
 0,547840812870449 
 0,434377646062659 
 0,425910245554615 
 0,428450465707028 
 0,425910245554615 
 0,423370025402202 
 0,414902624894157 
 0,529212531752752 
 0,525825571549534 
 0,521591871295512 
 0,518204911092295 
 0,514817950889077 
 0,511430990685859 
 0,508044030482642 
 0,322607959356478 
 0,320067739204064 
 0,253175275190517 
 0,261642675698561 
 0,328535139712108 
 0,325994919559695 
 0,314140558848434 
 0,315834038950042 
 0,385266723116003 
 0,386960203217612 
 0,392887383573243 
 0,44623200677392 
 0,447078746824725 
 0,306519898391194 
 0,303979678238781 
 0,265029635901778 
 0,222692633361558 
 0,256562235393734 
 0,241320914479255 
 0,252328535139712 
 0,245554614733277 
 0,24809483488569 
 0,279424216765453 
 0,398814563928874 
 0,407281964436918 
 0,399661303979678 
 0,395427603725656 
 0,396274343776461 
 0,392040643522439 
 0,392887383573243 
 0,215918712955123 
 0,202370872142252 
 0,12701100762066 
 0,126164267569856 
 0,301439458086367 
 0,298899237933954 
 0,281117696867062 
 0,277730736663844 
 0,267569856054191 
 0,286198137171888 
 0,282811176968671 
 0,318374259102456 
 0,328535139712108 
 0,325148179508891 
 0,310753598645216 
 0,273497036409822 
 0,274343776460627 
 0,273497036409822 
 0,270956816257409 
 0,270110076206605 
 0,266723116003387 
 0,279424216765453 
 0,297205757832345 
 0,265876375952583 
 0,250635055038103 
 0,247248094834886 
 0,237933954276037 
 0,237933954276037 
 0,239627434377646 
 0,244707874682472 
 0,238780694326842 
 0,229466553767993 
 0,141405588484335 
 0,136325148179509 
 0,126164267569856 
 0,116850127011008 
 0,110076206604572 
 0,103302286198137 
 0,106689246401355 
 0,106689246401355 
 0,103302286198137 
 9,65283657917019E-02 
 0,121930567315834 
 0,124470787468247 
 0,121930567315834 
 0,121930567315834 
 0,119390347163421 
 0,11346316680779 
 8,04403048264183E-02 
 8,89077053344623E-02 
 7,95935647756139E-02 
 7,79000846740051E-02 
 8,21337849280271E-02 
 7,45131244707875E-02 
 7,87468247248095E-02 
 0,069432684165961 
 0,069432684165961 
 6,77392040643522E-02 
 6,85859441151566E-02 
 0,065198983911939 
 5,58848433530906E-02 
 5,75783234546994E-02 
 5,58848433530906E-02 
 5,58848433530906E-02 
 5,41913632514818E-02 
 0,052497883149873 
 6,26587637595258E-02 
 6,26587637595258E-02 
 5,92718035563082E-02 
 6,26587637595258E-02 
 6,01185436071126E-02 
 5,75783234546994E-02 
 5,58848433530906E-02 
 5,50381033022862E-02 
 0,052497883149873 
 4,31837425910246E-02 
 3,97967823878069E-02 
 3,89500423370025E-02 
 3,47163420829805E-02 
 3,30228619813717E-02 
 2,96359017781541E-02 
 2,79424216765453E-02 
 2,70956816257409E-02 
 4,48772226926334E-02 
 4,48772226926334E-02 
 4,48772226926334E-02 
 4,48772226926334E-02 
 3,64098221845893E-02 
 3,04826418289585E-02 
 2,70956816257409E-02 
 2,45554614733277E-02 
 2,20152413209145E-02 
 2,11685012701101E-02 
 2,03217612193057E-02 
 1,77815410668925E-02 
 1,77815410668925E-02 
 1,60880609652837E-02 
 1,43945808636749E-02 
 0,012701100762066 
 7,62066045723963E-03 
 7,62066045723963E-03 
 6,77392040643522E-03 
 5,92718035563082E-03 
 5,08044030482642E-03 
 4,23370025402202E-03 
 1,18543607112616E-02 
 1,01608806096528E-02 
 8,46740050804403E-03 
 6,77392040643522E-03 
 5,92718035563082E-03 
 4,23370025402202E-03 
 3,38696020321761E-03 
 2,54022015241321E-03 
 1,69348010160881E-03 
 1,69348010160881E-03 
 8,46740050804403E-04 
 8,46740050804403E-04 
 0 
 0 
 0 
 0 
 0 
 0 
 0 
 0 
 0 
 0 
 0 
 0 
 0 
 0 
 0 
 0 
 0 
 0 
 0 
 0 
 0 
 0 
 0 
 0 
 0 
 0 
 0 
 0 
 0 
 0 
 0 
 0 
 0 
 0 
 0 
 0 
 0 
 0 
 0 
 0 
 0 
 0 
 0 
 0 
 0 
 0 
 0 
 0 
 0 
 0 
 0 
 0 
 0 
 0 
 0 
 0 
 0 
 0 
 0 
 0 
 0 
 0 
 0 
 0 
 0 
 0 
 0 
 0 
 0 
 0 
 0 
 0 
 0 
 0 
 0 
 0 
 0 
 0 
 0 
 0 
 0 
 0 
 0 
 0 
 0 
 0 
 0 
 0 
 0 
 0 
 0 
 0 
 0 
 0 
 0 
 0 
 0 
 0 
 0 
 0 
 0 
 0 
 0 
 0 
 0 
 0 
 0 
 0 
 0 
 0 
 0 
 0 
 0 
 0 
 0 
 0 
 0 
 0 
 0 
 0 
 0 
 0 
 0 
 0 
 0 
 0 
 0 
 0 
 0 
 0 
 0 
 0 
 0 
 0 
 0 
 0 
 0 
 0 
 0 
 0 
 0 
 0 
 0 
 0 
 0 
 0 
 0 
 0 
 0 
 0 
 0 
 0 
 0 
 0 
 0 
 0 
 0 
 0 
 0 
 0 
 0 
 0 
 0 
 0 
 0 
 0 
 0 
 0 
 0 
 0 
 0 
 0 
 0 
 0 
 0 
 0 
 0 
 0 
 0 
 0 
 0 
 0 
 0 
 0 
 0 
 0 
 0 
 0 
 0 
 0 
 0 
 0 
 0 
 0 
 0 
 0 
 0 
 0 
 0 
 0 
 0 
 0 
 0 
 0 
 0 
 0 
 0 
 0 
 0 
 0 
 0 
 0 
 0 
 0 
 0 
 0 
 0 
 0 
 0 
 0 
 0 
 0 
 0 
 0 
 0 
 0 
 0 
 0 
 0 
 0 
 0 
 0 
 0 
 0 
 0 
 0 
 0 
 0 
 0 
 0 
 0 
 0 
 0 
 0 
 0 
 0 
 0 
 0 
 0 
 0 
 0 
 0 
 0 
 0 
 0 
 0 
 0 
 0 
 0 
 0 
 0 
 0 
 0 
 0 
 0 
 0 
 0 
 0 
 0 
 0 
 0 
 0 
 0 
 0 
 0 
 0 
 0 
 0 
 0 
 0 
 0 
 0 
 0 
 0 
 0 
 0 
 0 
 0 
 0 
 0 
 0 
 0 
 0 
 0 
 0 
 0 
 0 
 0 
 0 
 0 
 0 
 0 
 0 
 0 
 0 
 0 
 0 
 0 
 0 
 0 
 0 
